18
19
33
63
73
80
115
119
153
211
221
247
257
259
264
266
290
303
318
320
321
324
333
340
349
358
359
362
366
376
379
414
417
444
445
448
460
464
478
479
492
497
511
520
527
530
542
547
551
571
578
581
582
596
613
628
638
639
646
659
684
689
691
692
717
720
726
727
728
737
738
740
797
839
842
844
857
872
902
916
924
938
939
944
947
965
976
1012
1014
1032
1033
1039
1051
1055
1062
1080
1082
1087
1101
1107
1112
1146
1153
1169
1173
1181
1185
1202
1204
1206
1208
1224
1226
1232
1247
1248
1258
1260
1269
1270
1275
1279
1281
1283
1290
1299
1319
1325
1326
1337
1356
1384
1393
1403
1406
1425
1439
1440
1441
1444
1458
1466
1473
1490
1496
1500
1514
1522
1525
1527
1530
1531
1546
1549
1550
1553
1559
1571
1581
1609
1611
1621
1627
1634
1637
1640
1681
1684
1686
1694
1703
1709
1717
1721
1722
1730
1737
1754
1790
1816
1823
1839
1843
1855
1878
1883
1885
1901
1938
1952
1963
1970
1984
1993
1999
2016
2024
2035
2044
2046
2049
2053
2057
2063
2070
2093
2098
2107
2109
2110
2118
2125
2129
2130
2135
2148
2149
2169
2174
2182
2185
2186
2189
2198
2215
2225
2266
2268
2272
2291
2293
2299
2320
2339
2369
2371
2372
2382
2387
2393
2395
2397
2406
2414
2426
2429
2433
2447
2454
2460
2488
2507
2551
2573
2574
2578
2607
2610
2628
2648
2654
2668
2698
2701
2721
2730
2743
2753
2754
2758
2770
2776
2810
2812
2834
2852
2862
2863
2896
2919
2927
2930
2939
2940
2952
2968
2975
2979
2987
2990
2995
3005
3023
3030
3060
3062
3073
3082
3084
3093
3100
3102
3108
3110
3117
3136
3150
3157
3171
3193
3225
3240
3263
3280
3289
3319
3330
3333
3336
3369
3384
3406
3415
3474
3475
3503
3520
3550
3558
3559
3565
3597
3599
3600
3629
3662
3681
3702
3716
3730
3732
3742
3749
3751
3757
3766
3767
3769
3771
3778
3796
3808
3811
3818
3820
3838
3853
3893
3902
3906
3918
3926
3941
3943
3946
3951
3954
3955
3968
3976
3989
3995
4007
4012
4018
4031
4065
4067
4075
4078
4102
4131
4140
4152
4165
4167
4176
4185
4194
4199
4201
4265
4284
4289
4291
4306
4317
4344
4355
4360
4380
4389
4391
4425
4427
4433
4435
4451
4454
4463
4472
4482
4497
4500
4507
4523
4536
4571
4575
4576
4578
4582
4601
4639
4690
4693
4695
4711
4724
4734
4737
4740
4761
4771
4777
4785
4807
4810
4823
4828
4833
4860
4874
4876
4885
4886
4890
4916
4943
4950
4966
4971
4976
4978
4990
5054
5068
5078
5140
5195
5201
5246
5278
5288
5379
5464
5559
5600
5601
5620
5634
5654
5655
5676
5678
5691
5720
5734
5752
5757
5835
5841
5854
5861
5877
5887
5888
5891
5906
5913
5921
5924
5955
5973
5997
6011
6023
6035
6045
6046
6059
6061
6161
6166
6168
6174
6273
6292
6347
6416
6505
6523
6555
6576
6577
6597
6598
6625
6651
6658
6692
6768
6780
6872
6899
6906
7035
7121
7162
7233
7243
7249
7315
7403
7416
7432
7434
7445
7451
7492
7498
7514
7524
7545
7587
7595
7603
7619
7627
7637
7673
7849
8061
8094
8144
8183
8196
8246
8272
8277
8296
8325
8332
8358
8397
8406
8408
8522
8527
8597
8998
9009
9010
9015
9019
9024
9036
9046
9245
9280
9342
9385
9422
9458
9463
9534
9544
9554
9612
9614
9624
9634
9664
9669
9680
9700
9729
9741
9744
9745
9768
9770
9779
9782
9787
9811
9831
9839
9843
9847
9855
9856
9867
9874
9875
9879
9883
9888
9893
9905
9914
9916
9943
9982
