8
33
49
63
66
73
80
92
111
115
116
119
149
151
172
175
193
221
241
247
257
259
282
318
320
321
324
338
340
344
349
359
381
386
403
414
444
445
449
456
460
464
478
479
483
492
495
511
530
543
547
551
571
578
582
591
613
628
629
646
659
667
684
691
707
717
720
726
728
738
740
760
774
791
802
829
839
844
875
877
890
910
916
924
938
939
944
947
950
951
965
992
1012
1014
1032
1039
1055
1062
1068
1073
1082
1101
1107
1112
1119
1156
1173
1178
1181
1184
1192
1194
1204
1206
1208
1216
1224
1226
1247
1248
1252
1260
1269
1270
1275
1289
1299
1312
1319
1325
1326
1337
1356
1378
1393
1395
1414
1415
1422
1425
1440
1458
1466
1490
1494
1495
1500
1514
1522
1525
1530
1546
1549
1553
1559
1562
1566
1581
1607
1609
1618
1621
1634
1640
1642
1660
1681
1686
1695
1701
1709
1716
1717
1718
1721
1737
1740
1754
1774
1781
1790
1809
1813
1823
1839
1850
1862
1865
1871
1878
1883
1901
1911
1938
1941
1970
1973
1984
2016
2024
2035
2043
2044
2053
2063
2095
2098
2105
2107
2109
2118
2129
2130
2135
2138
2149
2174
2177
2182
2185
2186
2189
2197
2232
2265
2266
2272
2291
2292
2293
2299
2325
2362
2369
2371
2381
2382
2387
2393
2395
2397
2406
2408
2414
2422
2433
2447
2454
2460
2469
2488
2508
2514
2533
2569
2573
2578
2589
2598
2607
2610
2628
2635
2636
2645
2648
2654
2668
2690
2721
2723
2730
2743
2754
2758
2760
2770
2771
2780
2810
2850
2852
2859
2863
2877
2896
2911
2917
2919
2925
2927
2939
2945
2952
2953
2970
2995
3005
3012
3023
3024
3030
3060
3062
3069
3073
3100
3102
3109
3117
3146
3160
3172
3176
3189
3193
3206
3225
3240
3245
3278
3284
3289
3330
3333
3336
3344
3376
3377
3384
3406
3422
3448
3453
3475
3497
3503
3520
3525
3533
3542
3550
3558
3559
3565
3573
3597
3599
3629
3662
3664
3686
3702
3716
3718
3727
3730
3751
3757
3758
3767
3769
3778
3782
3796
3801
3806
3808
3818
3820
3836
3838
3846
3853
3855
3876
3893
3897
3902
3906
3926
3938
3941
3943
3946
3948
3951
3976
4000
4002
4007
4056
4065
4075
4078
4102
4140
4145
4152
4163
4165
4176
4199
4201
4224
4248
4259
4265
4284
4289
4291
4297
4306
4330
4355
4360
4369
4374
4380
4389
4391
4425
4427
4433
4435
4438
4439
4443
4449
4454
4469
4477
4482
4497
4500
4548
4571
4575
4578
4601
4639
4645
4690
4692
4693
4712
4726
4737
4761
4777
4785
4807
4808
4823
4833
4837
4841
4852
4860
4863
4873
4874
4876
4878
4886
4915
4943
4956
4966
4974
4976
4978
4990
5001
5054
5068
5140
5177
5201
5221
5246
5278
5288
5311
5339
5379
5523
5586
5600
5601
5617
5634
5677
5678
5691
5720
5734
5752
5757
5821
5835
5845
5854
5858
5877
5887
5888
5906
5922
5937
5955
5973
5997
6023
6030
6035
6045
6046
6059
6071
6081
6091
6157
6161
6166
6168
6172
6173
6391
6421
6505
6511
6553
6555
6568
6576
6577
6592
6597
6598
6608
6641
6650
6651
6692
6706
6721
6744
6768
6769
6780
6817
6872
6906
7033
7094
7121
7182
7197
7233
7248
7252
7370
7403
7432
7434
7451
7511
7524
7545
7574
7588
7602
7619
7637
7643
7672
7779
7797
7821
7837
7849
7921
8094
8144
8183
8246
8272
8277
8296
8325
8332
8406
8408
8410
8467
8527
8589
8613
8816
9009
9010
9012
9015
9019
9024
9031
9032
9036
9045
9046
9170
9245
9255
9276
9280
9342
9385
9446
9471
9534
9544
9554
9614
9624
9634
9664
9670
9698
9700
9716
9719
9729
9733
9738
9741
9744
9745
9747
9764
9768
9770
9779
9792
9808
9811
9831
9839
9874
9879
9883
9892
9905
9943
9944
9970
9982
9986
