8
19
33
38
44
59
61
63
65
66
73
80
119
159
182
195
198
211
213
217
218
221
235
247
257
266
268
273
275
290
318
320
321
326
338
341
344
349
352
358
376
394
397
403
404
406
412
435
443
444
445
449
453
456
460
464
478
479
483
495
505
507
511
514
527
531
532
540
543
551
570
571
572
578
582
591
593
597
610
613
628
629
635
638
646
654
658
659
661
668
684
689
691
692
707
712
717
726
727
738
740
760
774
779
787
795
797
810
839
866
872
877
881
882
890
924
938
939
940
944
947
951
957
959
965
966
982
991
1014
1015
1017
1032
1039
1051
1062
1068
1076
1101
1107
1112
1114
1135
1146
1149
1153
1169
1173
1181
1184
1185
1190
1191
1192
1198
1202
1204
1208
1224
1226
1228
1232
1233
1247
1248
1256
1258
1259
1260
1266
1267
1269
1272
1275
1281
1290
1299
1319
1325
1334
1356
1370
1378
1384
1391
1393
1394
1409
1425
1433
1441
1444
1453
1466
1469
1471
1473
1495
1499
1500
1502
1514
1525
1530
1545
1546
1549
1553
1554
1559
1569
1571
1573
1599
1601
1609
1611
1618
1625
1634
1637
1640
1648
1655
1671
1678
1681
1684
1686
1694
1709
1716
1717
1718
1721
1722
1730
1737
1754
1759
1761
1763
1772
1774
1782
1790
1801
1808
1813
1816
1823
1846
1850
1856
1868
1878
1883
1901
1924
1938
1948
1955
1956
1963
1970
1973
1982
1984
2011
2016
2035
2043
2044
2046
2053
2057
2063
2070
2098
2100
2105
2107
2109
2110
2118
2125
2129
2130
2134
2135
2142
2149
2169
2177
2182
2185
2186
2189
2197
2198
2200
2215
2224
2268
2272
2293
2296
2299
2305
2325
2362
2381
2382
2387
2393
2394
2395
2402
2406
2408
2414
2429
2433
2438
2447
2454
2488
2514
2523
2530
2534
2542
2545
2551
2560
2573
2587
2607
2610
2611
2631
2636
2642
2645
2648
2654
2668
2683
2695
2698
2699
2713
2721
2723
2735
2743
2744
2758
2760
2771
2776
2780
2793
2814
2829
2834
2836
2852
2855
2863
2896
2901
2905
2911
2919
2925
2927
2930
2939
2945
2953
2981
2987
2992
2995
3005
3029
3031
3033
3038
3049
3060
3073
3093
3106
3108
3110
3114
3117
3127
3136
3145
3150
3167
3181
3186
3189
3193
3204
3206
3235
3240
3250
3251
3263
3269
3275
3280
3284
3289
3319
3321
3323
3329
3330
3333
3336
3339
3345
3364
3369
3377
3384
3394
3404
3414
3429
3432
3437
3447
3460
3474
3475
3490
3492
3503
3511
3520
3537
3550
3558
3559
3573
3574
3591
3597
3618
3623
3629
3631
3635
3653
3654
3658
3662
3664
3678
3686
3694
3702
3713
3716
3718
3723
3726
3727
3730
3739
3742
3749
3751
3767
3769
3776
3778
3780
3782
3785
3806
3808
3811
3818
3820
3821
3834
3835
3836
3838
3846
3853
3855
3869
3876
3893
3898
3902
3906
3917
3918
3926
3927
3941
3944
3946
3951
3954
3955
3964
3966
3976
3984
3994
4002
4007
4031
4056
4063
4065
4075
4078
4093
4094
4102
4108
4134
4135
4140
4141
4145
4152
4176
4194
4207
4211
4217
4219
4224
4228
4230
4231
4246
4248
4265
4284
4289
4294
4300
4301
4306
4310
4317
4323
4325
4335
4341
4344
4355
4359
4374
4377
4381
4382
4389
4395
4399
4408
4414
4435
4438
4439
4441
4451
4454
4472
4477
4482
4483
4497
4498
4500
4505
4507
4511
4520
4548
4567
4571
4575
4578
4582
4598
4601
4634
4635
4639
4657
4671
4690
4692
4693
4695
4711
4712
4724
4727
4731
4737
4740
4749
4771
4783
4785
4796
4807
4808
4810
4814
4823
4825
4827
4828
4833
4834
4838
4841
4852
4854
4863
4874
4876
4878
4879
4885
4888
4890
4922
4928
4940
4943
4950
4956
4966
4978
4990
4995
4998
5020
5022
5027
5054
5068
5084
5140
5159
5175
5176
5177
5183
5209
5237
5242
5278
5288
5311
5343
5360
5379
5380
5522
5525
5547
5560
5569
5586
5597
5601
5607
5617
5644
5648
5676
5678
5691
5696
5697
5698
5701
5710
5711
5713
5714
5720
5726
5734
5757
5780
5824
5835
5841
5842
5845
5854
5856
5858
5877
5885
5888
5913
5921
5922
5923
5926
5935
5936
5946
5949
5955
5956
5957
5962
5969
5973
5975
5986
5988
5992
5997
6004
6007
6009
6011
6013
6021
6023
6024
6026
6030
6034
6035
6037
6045
6059
6061
6065
6071
6081
6091
6137
6153
6154
6161
6166
6168
6172
6173
6174
6227
6235
6271
6347
6349
6385
6410
6422
6458
6494
6505
6511
6523
6555
6560
6564
6569
6571
6576
6577
6592
6597
6598
6603
6617
6625
6641
6651
6692
6721
6746
6785
6802
6889
6895
6898
6899
6911
6919
6990
7070
7090
7094
7121
7130
7132
7170
7182
7224
7233
7242
7243
7248
7249
7252
7265
7268
7274
7293
7333
7348
7370
7432
7434
7492
7498
7514
7524
7534
7539
7545
7569
7575
7586
7587
7597
7603
7612
7637
7679
7692
7736
7800
7813
7821
7841
7849
7856
7857
7905
7921
7928
7951
7991
8044
8047
8059
8062
8094
8097
8102
8115
8143
8196
8210
8217
8246
8272
8273
8277
8290
8296
8297
8325
8332
8354
8406
8408
8410
8416
8435
8456
8477
8486
8520
8522
8523
8527
8530
8584
8597
8607
8630
8637
8710
8756
8823
8952
9009
9015
9016
9019
9022
9024
9031
9054
9116
9136
9141
9163
9173
9208
9245
9280
9338
9346
9350
9382
9446
9484
9494
9513
9538
9544
9554
9559
9614
9624
9634
9642
9655
9662
9664
9700
9716
9719
9726
9729
9733
9740
9741
9745
9758
9768
9769
9770
9779
9781
9782
9792
9811
9830
9831
9832
9839
9841
9847
9853
9855
9870
9874
9883
9889
9893
9905
9944
9947
9985
9986
