4
9
27
33
44
54
59
61
63
73
80
116
151
193
195
198
211
213
217
218
221
230
233
240
241
242
243
247
256
257
259
261
264
266
268
275
289
290
304
313
318
320
321
326
338
341
349
352
358
362
376
381
386
397
402
403
404
412
435
444
445
448
449
453
456
464
478
479
483
488
495
497
507
511
519
527
531
532
536
543
547
551
565
571
578
582
591
597
606
610
613
624
628
635
638
642
646
654
659
667
670
684
687
689
691
692
707
714
717
727
728
733
738
740
741
760
771
774
779
791
795
800
810
827
830
839
857
866
877
878
879
882
883
898
924
926
930
935
938
944
947
951
957
959
965
990
998
1014
1015
1024
1032
1039
1050
1055
1062
1068
1073
1077
1081
1092
1096
1101
1107
1112
1114
1116
1119
1128
1135
1142
1146
1152
1153
1173
1181
1184
1185
1191
1192
1198
1200
1202
1204
1217
1224
1226
1228
1232
1233
1234
1235
1247
1251
1256
1258
1260
1267
1270
1272
1275
1283
1289
1290
1299
1308
1319
1325
1328
1334
1337
1347
1349
1356
1375
1393
1394
1406
1409
1410
1415
1431
1444
1453
1466
1467
1469
1495
1496
1500
1502
1514
1522
1525
1530
1545
1549
1552
1553
1554
1559
1562
1569
1571
1573
1584
1587
1601
1607
1609
1611
1618
1621
1626
1627
1634
1671
1681
1684
1701
1709
1716
1717
1718
1721
1730
1735
1737
1740
1741
1749
1752
1754
1759
1761
1767
1772
1773
1774
1782
1790
1801
1808
1811
1813
1816
1839
1842
1850
1866
1871
1878
1880
1883
1901
1911
1931
1938
1948
1952
1954
1956
1963
1968
1970
1973
1982
1984
2001
2016
2024
2040
2043
2044
2053
2057
2058
2063
2066
2070
2094
2098
2099
2100
2105
2107
2109
2110
2118
2121
2125
2129
2130
2134
2135
2138
2149
2151
2174
2177
2182
2183
2185
2186
2189
2195
2197
2200
2215
2232
2265
2268
2272
2282
2293
2296
2299
2305
2307
2309
2320
2325
2333
2351
2362
2371
2381
2386
2387
2393
2394
2395
2397
2404
2406
2422
2429
2433
2437
2447
2454
2457
2488
2513
2514
2530
2533
2535
2540
2545
2559
2560
2573
2588
2598
2607
2610
2611
2636
2642
2645
2654
2659
2683
2684
2686
2699
2713
2730
2731
2743
2745
2751
2758
2771
2780
2802
2805
2808
2810
2829
2834
2848
2851
2852
2855
2866
2877
2896
2898
2907
2919
2925
2927
2945
2953
2956
2976
2989
2990
3005
3012
3029
3031
3033
3038
3048
3060
3062
3073
3084
3085
3086
3093
3098
3108
3110
3114
3117
3130
3136
3145
3154
3167
3171
3186
3189
3206
3207
3218
3225
3240
3251
3252
3262
3269
3280
3282
3284
3288
3289
3292
3302
3316
3319
3323
3329
3330
3333
3336
3337
3369
3373
3377
3384
3394
3406
3411
3414
3429
3432
3437
3441
3468
3473
3475
3498
3503
3506
3520
3525
3537
3543
3549
3550
3555
3558
3559
3571
3573
3597
3599
3618
3623
3629
3635
3645
3653
3654
3658
3662
3665
3682
3686
3694
3702
3713
3716
3718
3726
3727
3730
3732
3742
3749
3751
3757
3767
3769
3776
3778
3780
3785
3793
3796
3799
3806
3808
3811
3818
3835
3836
3838
3846
3848
3853
3855
3869
3876
3898
3906
3918
3926
3938
3941
3943
3946
3954
3955
3958
3964
3966
3976
3988
3994
3995
3998
4000
4007
4029
4031
4052
4063
4065
4072
4075
4078
4086
4093
4102
4108
4111
4116
4135
4139
4140
4141
4145
4152
4154
4156
4163
4176
4194
4199
4205
4207
4211
4248
4265
4271
4284
4289
4297
4306
4311
4313
4325
4330
4341
4344
4355
4356
4374
4379
4380
4382
4391
4395
4414
4423
4427
4433
4435
4438
4451
4454
4455
4464
4477
4482
4483
4490
4494
4497
4498
4500
4511
4544
4548
4551
4567
4571
4575
4578
4582
4598
4601
4615
4635
4639
4671
4679
4690
4693
4712
4721
4724
4731
4734
4735
4737
4738
4739
4740
4743
4749
4751
4755
4771
4783
4785
4789
4807
4808
4814
4816
4823
4825
4834
4837
4838
4852
4863
4874
4876
4879
4880
4886
4890
4896
4942
4943
4950
4952
4954
4956
4966
4971
4978
4987
4990
4998
5001
5015
5020
5027
5046
5054
5062
5067
5068
5084
5100
5140
5143
5155
5176
5177
5183
5209
5245
5268
5269
5278
5288
5298
5299
5311
5331
5343
5360
5379
5380
5409
5468
5522
5525
5547
5560
5561
5562
5569
5573
5586
5595
5597
5600
5601
5607
5611
5617
5620
5631
5642
5644
5649
5654
5663
5677
5678
5683
5688
5691
5698
5709
5713
5714
5720
5734
5735
5749
5757
5779
5801
5835
5841
5842
5851
5866
5867
5877
5885
5887
5888
5891
5903
5906
5913
5914
5921
5923
5926
5935
5945
5955
5957
5962
5973
5992
5997
6000
6004
6006
6009
6011
6023
6024
6026
6030
6035
6045
6046
6056
6059
6061
6065
6071
6080
6081
6091
6093
6153
6157
6161
6166
6168
6172
6173
6174
6178
6223
6227
6228
6289
6324
6331
6347
6349
6391
6421
6425
6426
6434
6458
6494
6495
6505
6517
6523
6555
6560
6568
6574
6592
6597
6598
6603
6625
6641
6651
6662
6668
6669
6691
6721
6722
6725
6744
6746
6755
6765
6768
6784
6785
6854
6870
6878
6895
6898
6906
6914
6919
6926
6940
6945
6983
6990
6997
7002
7035
7043
7061
7070
7081
7089
7090
7094
7101
7102
7121
7130
7132
7153
7177
7182
7198
7233
7248
7249
7252
7265
7273
7293
7333
7391
7402
7403
7423
7432
7434
7437
7451
7511
7514
7524
7539
7545
7569
7574
7579
7587
7597
7603
7612
7619
7637
7643
7653
7756
7779
7786
7797
7800
7813
7821
7834
7849
7857
7858
7875
7886
7893
7905
7917
7928
7945
7946
7951
7982
7991
7999
8044
8047
8059
8061
8062
8081
8094
8095
8097
8102
8115
8183
8196
8198
8217
8246
8272
8273
8277
8279
8294
8296
8320
8325
8332
8339
8382
8404
8408
8410
8431
8435
8456
8476
8486
8520
8522
8523
8527
8530
8547
8584
8597
8607
8616
8637
8756
8785
8889
9006
9009
9010
9013
9015
9016
9019
9023
9024
9036
9045
9046
9084
9116
9136
9158
9163
9203
9209
9211
9225
9245
9290
9346
9433
9446
9482
9494
9513
9533
9534
9535
9544
9554
9587
9596
9607
9610
9613
9618
9624
9628
9634
9636
9642
9655
9664
9680
9684
9696
9698
9700
9716
9719
9720
9729
9733
9736
9741
9745
9749
9768
9769
9770
9779
9781
9808
9811
9814
9829
9830
9831
9832
9839
9841
9847
9853
9855
9867
9873
9874
9875
9877
9879
9883
9887
9888
9893
9904
9905
9925
9944
9953
9975
9982
9985
9986
