1
4
8
27
33
59
62
63
73
77
80
84
151
172
217
233
241
247
257
266
275
289
291
300
318
320
321
324
326
333
338
341
349
352
358
359
367
379
381
403
422
433
444
445
449
464
478
479
483
488
492
495
511
530
543
547
551
553
565
578
582
591
606
610
613
624
627
628
635
638
639
641
646
659
661
667
684
691
692
707
714
717
727
728
738
740
741
760
771
779
791
800
813
827
829
839
844
846
881
882
883
924
935
939
947
951
956
957
959
962
965
978
992
1012
1014
1015
1026
1032
1039
1050
1062
1068
1073
1088
1092
1096
1107
1112
1114
1119
1128
1157
1166
1170
1173
1178
1181
1184
1185
1192
1194
1200
1202
1204
1217
1224
1226
1228
1232
1234
1235
1242
1247
1251
1260
1270
1272
1281
1290
1299
1311
1312
1315
1319
1325
1326
1328
1331
1334
1337
1343
1355
1356
1364
1375
1378
1402
1409
1415
1422
1429
1444
1453
1465
1469
1494
1496
1500
1514
1516
1522
1525
1527
1530
1531
1546
1547
1549
1553
1554
1559
1562
1571
1591
1601
1607
1609
1611
1618
1621
1652
1671
1681
1684
1694
1709
1716
1717
1718
1721
1730
1737
1740
1749
1754
1761
1772
1774
1790
1816
1842
1843
1850
1883
1887
1901
1917
1938
1941
1948
1952
1954
1963
1968
1969
1970
1973
1984
1989
2001
2016
2022
2024
2035
2040
2043
2044
2049
2053
2057
2063
2070
2098
2105
2107
2109
2110
2118
2123
2129
2130
2134
2135
2138
2149
2168
2174
2182
2185
2186
2189
2193
2197
2200
2215
2232
2264
2266
2272
2291
2293
2299
2305
2309
2322
2325
2326
2330
2333
2345
2361
2362
2371
2381
2382
2387
2393
2394
2395
2397
2406
2422
2426
2430
2437
2439
2447
2449
2454
2488
2532
2533
2534
2542
2545
2573
2597
2598
2607
2610
2616
2618
2631
2636
2648
2654
2668
2680
2708
2709
2730
2731
2743
2758
2760
2770
2780
2802
2805
2810
2812
2829
2834
2851
2853
2896
2905
2919
2925
2927
2952
2956
2964
2976
2986
2998
3005
3008
3012
3029
3038
3060
3062
3073
3085
3086
3100
3103
3106
3114
3117
3130
3136
3145
3206
3207
3225
3240
3245
3262
3269
3282
3289
3292
3330
3332
3333
3336
3341
3369
3377
3384
3388
3410
3411
3429
3441
3468
3474
3475
3490
3492
3498
3503
3506
3520
3525
3549
3555
3558
3559
3573
3578
3580
3597
3599
3604
3618
3629
3634
3654
3662
3672
3674
3681
3702
3716
3718
3726
3727
3730
3742
3744
3751
3757
3758
3767
3769
3778
3780
3793
3796
3799
3801
3806
3808
3811
3818
3832
3838
3846
3853
3855
3869
3876
3893
3898
3902
3906
3926
3941
3946
3950
3967
3968
3976
3985
3995
3998
4000
4007
4017
4044
4059
4065
4075
4078
4093
4102
4116
4129
4134
4145
4152
4154
4163
4176
4180
4199
4211
4212
4248
4265
4271
4284
4289
4300
4306
4311
4313
4315
4325
4350
4355
4356
4369
4374
4379
4380
4382
4391
4400
4414
4426
4427
4433
4435
4438
4451
4454
4477
4487
4497
4498
4500
4511
4521
4523
4548
4551
4567
4571
4575
4576
4578
4601
4615
4635
4639
4661
4671
4679
4690
4693
4699
4710
4711
4721
4723
4724
4738
4751
4755
4761
4783
4785
4807
4808
4823
4841
4863
4874
4876
4879
4880
4886
4890
4893
4918
4943
4950
4952
4954
4956
4966
4978
4987
4989
4990
4997
4998
5001
5065
5067
5068
5100
5129
5138
5140
5143
5145
5157
5209
5288
5299
5360
5379
5380
5409
5509
5547
5562
5564
5573
5577
5586
5597
5600
5610
5617
5620
5631
5634
5649
5654
5677
5678
5688
5691
5698
5714
5717
5720
5726
5734
5749
5757
5771
5780
5801
5802
5835
5842
5845
5857
5866
5877
5887
5888
5890
5891
5906
5907
5913
5914
5921
5935
5936
5939
5945
5955
5957
5959
5972
5973
5975
5985
5997
6006
6007
6019
6021
6023
6030
6034
6035
6037
6045
6046
6050
6054
6059
6061
6065
6071
6081
6091
6112
6126
6157
6161
6166
6172
6173
6228
6367
6391
6417
6421
6426
6453
6471
6505
6511
6555
6560
6568
6571
6574
6576
6597
6598
6625
6627
6641
6642
6651
6662
6706
6721
6740
6759
6768
6769
6780
6796
6800
6817
6836
6847
6854
6878
6885
6906
6914
6919
6931
6936
6940
6967
7035
7043
7061
7081
7094
7095
7101
7121
7132
7153
7178
7233
7249
7268
7301
7430
7432
7434
7451
7472
7473
7483
7491
7498
7511
7514
7524
7538
7545
7574
7579
7580
7602
7603
7611
7619
7637
7641
7643
7683
7713
7718
7736
7756
7779
7786
7797
7821
7849
7945
7946
8062
8081
8094
8095
8178
8183
8196
8246
8255
8272
8277
8290
8296
8320
8325
8332
8347
8372
8379
8408
8410
8431
8456
8457
8476
8520
8522
8527
8530
8583
8584
8597
8607
8613
8679
8756
9006
9009
9010
9015
9016
9023
9024
9043
9045
9046
9073
9203
9253
9316
9394
9446
9456
9482
9513
9536
9538
9544
9554
9587
9607
9614
9624
9634
9642
9664
9680
9700
9719
9729
9741
9744
9745
9747
9749
9752
9768
9770
9777
9779
9781
9783
9808
9811
9829
9831
9832
9839
9855
9867
9874
9879
9883
9887
9888
9890
9891
9893
9904
9905
9944
9953
9960
9970
9972
9982
9985
