8
24
27
33
62
73
77
80
124
151
170
172
241
247
259
261
275
289
320
321
324
338
340
341
349
352
358
359
379
381
403
412
422
432
443
444
445
464
478
479
483
488
495
497
502
505
511
530
543
553
560
565
578
582
591
610
613
624
627
628
638
646
659
661
689
707
714
717
720
726
727
728
738
740
741
760
774
791
800
829
839
844
846
857
859
881
882
926
938
939
947
951
957
959
962
965
966
992
998
1014
1015
1026
1032
1039
1050
1052
1055
1062
1068
1073
1096
1107
1112
1119
1128
1145
1157
1170
1178
1181
1184
1185
1192
1194
1200
1204
1216
1224
1226
1228
1230
1232
1234
1235
1247
1251
1260
1270
1282
1299
1301
1311
1315
1319
1325
1326
1328
1337
1343
1347
1355
1356
1357
1364
1378
1393
1406
1409
1422
1425
1444
1453
1496
1500
1502
1514
1516
1522
1523
1525
1527
1530
1546
1549
1553
1559
1566
1571
1591
1597
1607
1609
1621
1634
1652
1681
1694
1702
1709
1717
1718
1721
1730
1737
1740
1754
1759
1761
1774
1781
1782
1790
1800
1843
1850
1878
1883
1901
1917
1948
1952
1954
1963
1965
1969
1970
1973
1984
2016
2022
2024
2035
2040
2043
2044
2049
2053
2063
2070
2098
2105
2107
2109
2110
2118
2121
2129
2130
2135
2138
2168
2177
2182
2183
2185
2186
2189
2197
2215
2232
2264
2266
2272
2291
2293
2299
2322
2325
2326
2339
2361
2362
2369
2371
2381
2386
2387
2393
2394
2395
2397
2406
2414
2422
2426
2430
2437
2447
2449
2454
2488
2509
2514
2523
2528
2533
2542
2545
2570
2573
2588
2598
2607
2610
2631
2636
2642
2648
2654
2659
2680
2689
2708
2715
2723
2730
2743
2745
2755
2758
2770
2771
2778
2802
2808
2810
2812
2834
2854
2863
2896
2911
2919
2925
2939
2952
2964
2979
2986
2998
3001
3005
3008
3012
3038
3060
3062
3073
3085
3086
3100
3102
3106
3114
3117
3130
3136
3147
3206
3236
3240
3262
3269
3275
3282
3289
3296
3330
3333
3337
3369
3373
3376
3377
3384
3405
3410
3425
3429
3475
3490
3498
3503
3506
3520
3525
3526
3544
3558
3559
3573
3580
3597
3599
3604
3618
3629
3634
3653
3654
3662
3664
3674
3681
3684
3687
3716
3718
3722
3726
3730
3751
3757
3758
3767
3769
3776
3778
3780
3793
3796
3799
3806
3808
3811
3818
3838
3846
3853
3869
3876
3893
3902
3906
3924
3926
3941
3943
3946
3950
3967
3968
3976
3985
3995
4000
4007
4027
4053
4065
4068
4072
4075
4078
4093
4099
4102
4116
4123
4131
4134
4135
4145
4152
4154
4156
4163
4176
4180
4199
4211
4212
4238
4248
4255
4265
4271
4289
4300
4301
4306
4313
4314
4315
4317
4344
4355
4356
4374
4379
4380
4382
4391
4427
4433
4435
4438
4451
4454
4477
4497
4498
4500
4523
4536
4548
4551
4567
4571
4575
4576
4578
4601
4615
4635
4639
4661
4679
4690
4693
4721
4724
4736
4738
4749
4751
4755
4761
4785
4807
4808
4816
4823
4829
4835
4852
4863
4874
4876
4878
4879
4880
4886
4890
4893
4910
4918
4943
4952
4956
4978
4988
4989
4990
4998
5001
5015
5065
5067
5068
5100
5138
5140
5143
5159
5176
5177
5201
5242
5288
5311
5331
5379
5380
5409
5429
5509
5532
5546
5560
5562
5573
5587
5600
5601
5611
5617
5620
5631
5634
5642
5644
5649
5663
5677
5688
5691
5698
5709
5714
5720
5730
5734
5735
5749
5757
5771
5801
5833
5835
5841
5842
5854
5862
5866
5877
5887
5888
5891
5903
5906
5913
5914
5921
5922
5935
5936
5945
5955
5957
5972
5973
5975
5982
5985
5996
5997
6006
6009
6019
6021
6023
6026
6030
6035
6045
6046
6059
6065
6071
6075
6081
6091
6112
6157
6166
6168
6172
6173
6223
6370
6391
6417
6421
6426
6471
6505
6529
6555
6558
6560
6568
6571
6574
6576
6597
6598
6608
6625
6627
6641
6651
6662
6692
6706
6721
6740
6746
6768
6796
6817
6836
6847
6878
6885
6906
6940
6945
7032
7043
7061
7081
7121
7130
7170
7178
7233
7249
7268
7403
7432
7434
7451
7473
7477
7498
7511
7538
7574
7595
7611
7619
7637
7641
7643
7680
7700
7713
7779
7786
7797
7821
7849
7857
7886
7905
7946
8062
8091
8094
8183
8196
8246
8253
8272
8277
8308
8316
8318
8325
8332
8339
8353
8408
8426
8435
8476
8520
8522
8527
8530
8578
8582
8583
8584
8593
8613
8679
8756
8889
9009
9010
9015
9016
9019
9024
9043
9045
9046
9116
9208
9211
9245
9280
9284
9316
9350
9394
9446
9482
9513
9554
9587
9607
9614
9618
9624
9627
9634
9642
9700
9716
9719
9726
9729
9733
9741
9744
9745
9747
9749
9751
9752
9768
9770
9777
9779
9783
9808
9811
9829
9831
9832
9839
9867
9874
9879
9883
9888
9890
9893
9901
9904
9905
9941
9944
9970
9980
9982
