33
63
65
66
73
80
119
151
175
182
211
217
221
241
245
247
256
257
259
261
264
266
318
320
321
333
338
340
341
343
349
358
359
366
381
398
412
444
445
448
460
464
478
479
483
488
492
495
511
514
527
530
543
550
571
578
582
591
596
613
614
628
629
638
646
659
684
689
691
692
712
717
720
726
727
728
738
740
791
797
800
829
839
842
846
857
876
877
881
906
924
938
939
944
946
947
959
965
976
1012
1014
1026
1033
1039
1062
1068
1087
1101
1107
1112
1119
1125
1127
1133
1135
1153
1169
1173
1181
1184
1187
1192
1204
1206
1224
1226
1232
1242
1247
1248
1258
1260
1269
1270
1275
1283
1289
1299
1319
1320
1325
1326
1328
1334
1337
1339
1356
1364
1384
1393
1412
1415
1422
1425
1440
1444
1450
1466
1471
1473
1500
1514
1522
1530
1546
1549
1551
1553
1559
1562
1581
1607
1609
1611
1621
1670
1681
1684
1697
1709
1717
1721
1722
1737
1754
1790
1813
1839
1883
1901
1938
1956
1963
1968
1970
1973
1984
2035
2043
2044
2049
2053
2057
2063
2070
2073
2093
2098
2107
2109
2110
2118
2129
2135
2138
2148
2149
2174
2182
2185
2186
2189
2224
2266
2272
2291
2293
2298
2299
2325
2333
2339
2362
2369
2371
2372
2381
2382
2387
2393
2394
2395
2396
2397
2402
2406
2408
2414
2422
2426
2429
2433
2447
2454
2460
2488
2514
2545
2551
2573
2578
2607
2610
2617
2628
2641
2645
2654
2668
2689
2695
2698
2708
2730
2743
2754
2758
2760
2770
2776
2780
2810
2812
2834
2850
2852
2862
2863
2896
2905
2911
2919
2925
2927
2939
2970
2987
2990
2995
3005
3012
3021
3030
3060
3062
3073
3100
3102
3108
3109
3117
3136
3138
3145
3146
3157
3172
3186
3189
3193
3206
3225
3240
3263
3280
3289
3319
3323
3330
3333
3336
3339
3344
3369
3375
3384
3405
3406
3423
3441
3448
3474
3475
3493
3498
3503
3506
3520
3525
3533
3550
3558
3559
3573
3578
3597
3599
3600
3629
3645
3662
3702
3716
3718
3723
3726
3730
3732
3742
3749
3751
3756
3757
3758
3767
3778
3780
3796
3801
3806
3808
3818
3838
3850
3853
3855
3869
3893
3898
3902
3906
3918
3926
3941
3943
3946
3951
3954
3955
3968
3976
3994
4007
4027
4031
4044
4052
4065
4068
4075
4078
4116
4131
4135
4145
4152
4163
4165
4176
4194
4199
4205
4207
4211
4224
4248
4265
4271
4284
4289
4291
4306
4341
4344
4354
4355
4359
4360
4374
4382
4391
4425
4433
4435
4438
4439
4443
4449
4451
4454
4477
4482
4489
4497
4498
4500
4507
4548
4578
4601
4639
4645
4657
4671
4692
4711
4712
4724
4737
4749
4751
4755
4761
4771
4785
4807
4808
4810
4814
4823
4833
4837
4841
4848
4863
4874
4876
4878
4879
4885
4886
4893
4896
4942
4943
4956
4966
4974
4976
4978
4990
4995
5009
5054
5068
5078
5135
5140
5159
5177
5194
5210
5242
5278
5288
5379
5456
5547
5564
5569
5600
5617
5631
5648
5654
5655
5676
5678
5691
5710
5714
5720
5734
5752
5779
5835
5841
5842
5858
5877
5887
5888
5903
5906
5912
5914
5921
5922
5936
5937
5945
5955
5972
5973
5975
5981
5986
5992
5997
6004
6023
6024
6028
6035
6045
6046
6056
6059
6065
6071
6081
6090
6091
6157
6161
6166
6172
6173
6347
6421
6505
6523
6555
6569
6571
6576
6577
6597
6598
6603
6625
6627
6651
6692
6706
6721
6755
6768
6780
6785
6906
7035
7094
7121
7143
7204
7233
7243
7252
7356
7401
7403
7432
7434
7445
7451
7476
7492
7511
7514
7524
7534
7545
7569
7579
7587
7588
7595
7597
7603
7619
7637
7643
7718
7774
7800
7821
7823
7849
7971
8059
8094
8144
8183
8202
8227
8246
8272
8325
8332
8339
8397
8406
8408
8456
8467
8584
8597
8607
9009
9010
9015
9019
9024
9031
9045
9046
9214
9245
9280
9303
9309
9342
9346
9382
9400
9422
9446
9463
9471
9534
9544
9554
9612
9614
9620
9624
9634
9642
9680
9700
9719
9729
9741
9744
9764
9768
9770
9779
9782
9792
9808
9811
9817
9828
9831
9839
9856
9867
9879
9883
9887
9888
9893
9905
9982
