1
8
33
44
54
59
61
63
66
73
80
87
116
122
151
159
177
195
198
211
217
218
221
230
233
241
242
244
247
256
257
266
268
275
300
313
318
320
321
335
338
341
349
352
358
359
376
381
386
397
403
412
435
445
449
456
460
464
467
479
483
488
495
505
524
527
531
540
543
551
552
572
578
582
591
601
606
610
613
628
635
638
646
658
659
668
671
681
684
689
691
692
707
717
726
727
740
741
760
771
774
779
787
791
795
797
800
810
827
829
839
844
872
877
878
881
883
890
924
926
938
939
944
947
951
957
959
965
976
982
991
992
1014
1015
1032
1039
1045
1055
1062
1074
1096
1107
1112
1114
1124
1125
1128
1142
1146
1149
1169
1173
1181
1184
1185
1191
1192
1198
1204
1217
1224
1226
1228
1232
1234
1247
1248
1258
1259
1260
1267
1269
1270
1272
1275
1290
1299
1301
1308
1315
1319
1325
1334
1337
1339
1340
1356
1364
1378
1384
1391
1394
1402
1409
1410
1425
1433
1440
1444
1453
1465
1466
1469
1494
1496
1500
1502
1522
1525
1530
1545
1546
1549
1551
1554
1559
1569
1571
1584
1591
1601
1609
1611
1618
1625
1634
1640
1641
1671
1681
1682
1684
1686
1687
1709
1717
1721
1722
1730
1737
1754
1759
1761
1765
1772
1774
1781
1782
1790
1801
1813
1816
1823
1828
1846
1850
1856
1868
1871
1878
1880
1883
1901
1911
1917
1931
1938
1948
1954
1955
1968
1970
1973
1976
1982
1984
2011
2024
2025
2043
2044
2050
2053
2057
2063
2070
2073
2098
2100
2105
2107
2109
2110
2118
2129
2130
2134
2135
2142
2144
2149
2174
2177
2182
2185
2186
2189
2197
2198
2200
2224
2232
2237
2255
2265
2268
2272
2292
2293
2296
2299
2305
2308
2320
2325
2339
2362
2380
2381
2382
2387
2393
2394
2395
2406
2408
2414
2423
2429
2433
2437
2450
2454
2460
2470
2488
2514
2523
2530
2534
2551
2560
2573
2587
2598
2607
2610
2631
2636
2645
2648
2654
2668
2680
2683
2695
2699
2701
2708
2713
2723
2731
2743
2744
2745
2758
2770
2771
2776
2780
2793
2804
2805
2808
2810
2829
2834
2852
2853
2863
2877
2896
2901
2905
2911
2919
2925
2930
2939
2945
2953
2990
2995
3005
3029
3031
3033
3038
3060
3062
3073
3075
3093
3108
3110
3114
3117
3136
3138
3145
3150
3186
3189
3193
3206
3207
3218
3235
3240
3251
3263
3269
3275
3280
3282
3284
3289
3292
3305
3319
3323
3330
3333
3336
3339
3363
3364
3369
3376
3377
3384
3394
3406
3410
3429
3432
3460
3468
3473
3474
3475
3491
3492
3498
3503
3511
3520
3529
3550
3555
3558
3559
3597
3599
3615
3629
3634
3645
3653
3654
3658
3662
3664
3678
3685
3686
3694
3716
3718
3722
3723
3727
3730
3739
3740
3742
3749
3751
3767
3769
3776
3778
3780
3782
3785
3793
3796
3806
3808
3811
3818
3820
3821
3833
3835
3836
3838
3846
3853
3855
3862
3869
3876
3884
3893
3898
3906
3918
3926
3941
3943
3944
3946
3950
3951
3954
3955
3964
3966
3976
3984
3994
3995
3998
4000
4002
4007
4031
4044
4056
4065
4075
4078
4093
4094
4102
4106
4108
4111
4116
4120
4134
4135
4140
4141
4145
4146
4152
4163
4176
4194
4199
4205
4211
4231
4248
4265
4271
4289
4301
4306
4310
4317
4325
4335
4344
4355
4369
4373
4374
4379
4382
4395
4399
4408
4415
4427
4433
4435
4438
4439
4451
4454
4464
4477
4494
4497
4498
4500
4507
4511
4544
4548
4551
4552
4567
4571
4572
4575
4578
4601
4635
4639
4671
4692
4693
4695
4699
4712
4724
4731
4737
4738
4740
4749
4761
4771
4783
4785
4807
4808
4814
4823
4825
4833
4838
4852
4863
4874
4876
4878
4879
4885
4886
4888
4890
4915
4950
4956
4966
4974
4978
4990
4995
4998
5015
5020
5067
5084
5176
5177
5183
5209
5237
5245
5268
5269
5278
5288
5299
5300
5311
5343
5360
5379
5380
5407
5419
5423
5424
5439
5468
5509
5512
5522
5525
5547
5560
5569
5586
5597
5600
5607
5617
5620
5621
5644
5647
5648
5649
5654
5676
5677
5678
5688
5691
5701
5713
5714
5720
5726
5734
5757
5802
5835
5842
5843
5845
5854
5857
5858
5866
5877
5885
5887
5888
5903
5906
5913
5914
5921
5922
5926
5935
5945
5946
5950
5955
5969
5973
5986
5992
5997
6004
6006
6007
6009
6011
6013
6023
6024
6026
6030
6034
6035
6037
6045
6046
6059
6061
6065
6071
6080
6081
6090
6091
6153
6161
6166
6168
6172
6173
6174
6178
6227
6228
6347
6358
6385
6391
6393
6395
6421
6453
6458
6495
6505
6523
6555
6558
6560
6568
6592
6597
6603
6617
6625
6631
6641
6651
6664
6692
6721
6722
6746
6755
6768
6785
6802
6817
6826
6898
6906
6919
6990
7035
7043
7047
7070
7071
7089
7090
7094
7121
7130
7132
7170
7182
7208
7224
7233
7243
7248
7249
7252
7259
7265
7293
7333
7370
7401
7402
7432
7434
7444
7451
7471
7492
7514
7524
7534
7539
7545
7569
7586
7597
7603
7612
7619
7637
7683
7692
7736
7813
7821
7849
7856
7857
7858
7859
7875
7905
7928
7945
7951
7991
7999
8044
8047
8059
8062
8072
8094
8095
8097
8102
8115
8196
8217
8246
8272
8273
8277
8278
8279
8290
8293
8294
8296
8325
8332
8339
8397
8406
8408
8410
8456
8476
8477
8486
8522
8523
8527
8530
8553
8607
8637
8684
8756
8785
8863
9009
9015
9016
9019
9024
9047
9116
9141
9163
9206
9208
9245
9280
9346
9370
9382
9385
9411
9433
9446
9484
9513
9534
9538
9544
9554
9587
9596
9610
9612
9613
9614
9624
9634
9636
9642
9655
9662
9664
9698
9700
9716
9719
9729
9732
9733
9740
9741
9745
9765
9768
9769
9770
9779
9781
9808
9811
9829
9830
9831
9839
9841
9847
9870
9874
9875
9879
9883
9887
9888
9891
9904
9905
9914
9943
9944
9982
9985
9986
