33
38
63
66
73
80
115
119
151
193
217
221
241
245
247
256
257
259
266
282
290
318
320
321
324
326
338
340
343
344
349
358
359
381
404
412
421
444
445
448
456
460
464
471
478
479
483
488
492
495
511
514
530
542
543
547
551
571
578
582
591
613
624
628
629
635
638
646
659
684
689
691
717
726
728
738
740
760
791
797
800
827
829
839
846
857
866
876
877
890
910
924
926
938
939
944
947
950
951
957
965
976
992
998
999
1002
1012
1014
1026
1032
1039
1050
1055
1062
1068
1073
1082
1107
1112
1125
1128
1135
1147
1156
1173
1178
1181
1184
1185
1192
1202
1204
1208
1224
1226
1232
1247
1258
1260
1270
1289
1299
1312
1319
1320
1325
1326
1334
1337
1356
1384
1393
1406
1412
1415
1425
1441
1444
1466
1469
1493
1495
1496
1500
1514
1522
1525
1530
1546
1549
1553
1559
1562
1566
1581
1600
1607
1609
1618
1634
1640
1644
1652
1660
1681
1701
1709
1716
1717
1721
1722
1754
1772
1781
1790
1809
1813
1839
1850
1878
1883
1901
1911
1931
1938
1948
1952
1954
1955
1963
1970
1973
1984
2016
2024
2035
2039
2043
2044
2053
2057
2063
2070
2073
2098
2107
2109
2110
2118
2129
2130
2135
2138
2144
2148
2149
2174
2177
2179
2182
2185
2186
2189
2200
2224
2266
2272
2286
2291
2293
2296
2298
2299
2325
2339
2362
2369
2371
2381
2387
2393
2395
2397
2406
2408
2414
2422
2433
2447
2454
2460
2488
2514
2533
2539
2545
2573
2574
2607
2610
2628
2629
2631
2635
2636
2639
2648
2654
2668
2689
2690
2698
2699
2708
2723
2731
2736
2758
2760
2767
2770
2802
2810
2823
2834
2851
2852
2859
2863
2877
2881
2896
2905
2907
2919
2925
2927
2939
2952
2953
2970
2987
2995
3005
3012
3033
3060
3062
3073
3100
3102
3117
3136
3146
3150
3151
3157
3160
3172
3193
3206
3207
3218
3236
3240
3263
3269
3280
3289
3323
3330
3333
3336
3344
3345
3369
3377
3384
3405
3406
3418
3436
3441
3474
3475
3498
3503
3520
3525
3533
3542
3550
3558
3559
3573
3578
3597
3599
3600
3629
3634
3662
3672
3686
3694
3702
3716
3718
3726
3742
3751
3757
3767
3769
3776
3778
3796
3801
3806
3808
3818
3820
3833
3838
3846
3853
3855
3869
3871
3876
3893
3902
3906
3926
3941
3946
3951
3968
3976
3984
3988
3995
4000
4007
4052
4056
4065
4067
4072
4075
4078
4093
4098
4102
4116
4145
4152
4163
4165
4167
4176
4199
4205
4211
4224
4248
4259
4265
4284
4289
4297
4306
4313
4330
4350
4355
4356
4359
4360
4369
4374
4380
4391
4399
4425
4435
4438
4439
4443
4449
4451
4454
4477
4482
4497
4500
4507
4546
4548
4571
4575
4578
4601
4639
4645
4686
4688
4690
4699
4712
4723
4724
4737
4743
4749
4751
4761
4785
4807
4814
4823
4833
4837
4841
4852
4860
4873
4874
4876
4878
4879
4885
4886
4890
4893
4941
4942
4943
4950
4956
4966
4974
4978
4990
4997
5054
5067
5068
5140
5159
5177
5278
5288
5379
5523
5547
5564
5569
5573
5586
5600
5601
5617
5631
5634
5677
5691
5714
5720
5734
5735
5745
5752
5757
5835
5842
5845
5854
5858
5877
5887
5888
5906
5907
5921
5924
5936
5945
5955
5972
5973
5982
5992
5997
6006
6007
6024
6030
6035
6045
6046
6056
6059
6071
6091
6157
6161
6166
6168
6172
6173
6376
6391
6420
6421
6505
6511
6523
6553
6555
6558
6560
6568
6571
6576
6577
6597
6598
6603
6625
6641
6642
6651
6692
6721
6759
6768
6769
6784
6785
6906
6954
7094
7121
7153
7182
7197
7204
7216
7233
7243
7249
7252
7268
7402
7403
7413
7432
7434
7444
7451
7490
7491
7498
7511
7514
7524
7534
7545
7574
7597
7603
7619
7637
7643
7687
7849
7921
7951
7971
8059
8094
8102
8143
8144
8183
8186
8217
8227
8246
8272
8290
8316
8325
8332
8408
8456
8597
8607
8624
8735
8954
9009
9010
9012
9015
9016
9019
9024
9032
9036
9046
9063
9071
9116
9170
9245
9280
9338
9346
9385
9446
9471
9530
9534
9544
9554
9624
9634
9664
9680
9693
9696
9700
9719
9729
9740
9741
9744
9745
9764
9768
9770
9779
9782
9792
9808
9811
9817
9831
9832
9839
9849
9860
9867
9879
9883
9888
9891
9893
9904
9905
9915
9944
9970
9982
9986
