158.4725193977356
0.000000000000000000e+00 0.000000000000000000e+00 0.000000000000000000e+00 0.000000000000000000e+00 0.000000000000000000e+00
0.000000000000000000e+00 0.000000000000000000e+00 0.000000000000000000e+00 0.000000000000000000e+00 0.000000000000000000e+00
0.000000000000000000e+00 0.000000000000000000e+00 0.000000000000000000e+00 0.000000000000000000e+00 0.000000000000000000e+00
0.000000000000000000e+00 0.000000000000000000e+00 0.000000000000000000e+00 0.000000000000000000e+00 0.000000000000000000e+00
0.000000000000000000e+00 0.000000000000000000e+00 0.000000000000000000e+00 0.000000000000000000e+00 0.000000000000000000e+00
0.000000000000000000e+00 0.000000000000000000e+00 0.000000000000000000e+00 0.000000000000000000e+00 0.000000000000000000e+00
0.000000000000000000e+00 0.000000000000000000e+00 0.000000000000000000e+00 0.000000000000000000e+00 0.000000000000000000e+00
0.000000000000000000e+00 0.000000000000000000e+00 0.000000000000000000e+00 0.000000000000000000e+00 0.000000000000000000e+00
0.000000000000000000e+00 0.000000000000000000e+00 0.000000000000000000e+00 0.000000000000000000e+00 0.000000000000000000e+00
0.000000000000000000e+00 0.000000000000000000e+00 0.000000000000000000e+00 0.000000000000000000e+00 0.000000000000000000e+00
0.000000000000000000e+00 0.000000000000000000e+00 0.000000000000000000e+00 0.000000000000000000e+00 0.000000000000000000e+00
0.000000000000000000e+00 0.000000000000000000e+00 0.000000000000000000e+00 0.000000000000000000e+00 0.000000000000000000e+00
0.000000000000000000e+00 0.000000000000000000e+00 0.000000000000000000e+00 0.000000000000000000e+00 0.000000000000000000e+00
0.000000000000000000e+00 0.000000000000000000e+00 0.000000000000000000e+00 0.000000000000000000e+00 0.000000000000000000e+00
0.000000000000000000e+00 0.000000000000000000e+00 0.000000000000000000e+00 0.000000000000000000e+00 0.000000000000000000e+00
0.000000000000000000e+00 0.000000000000000000e+00 0.000000000000000000e+00 0.000000000000000000e+00 0.000000000000000000e+00
0.000000000000000000e+00 0.000000000000000000e+00 0.000000000000000000e+00 0.000000000000000000e+00 0.000000000000000000e+00
0.000000000000000000e+00 0.000000000000000000e+00 0.000000000000000000e+00 0.000000000000000000e+00 0.000000000000000000e+00
0.000000000000000000e+00 0.000000000000000000e+00 0.000000000000000000e+00 0.000000000000000000e+00 0.000000000000000000e+00
0.000000000000000000e+00 0.000000000000000000e+00 0.000000000000000000e+00 0.000000000000000000e+00 0.000000000000000000e+00
0.000000000000000000e+00 0.000000000000000000e+00 0.000000000000000000e+00 0.000000000000000000e+00 0.000000000000000000e+00
0.000000000000000000e+00 0.000000000000000000e+00 0.000000000000000000e+00 0.000000000000000000e+00 0.000000000000000000e+00
0.000000000000000000e+00 0.000000000000000000e+00 0.000000000000000000e+00 0.000000000000000000e+00 0.000000000000000000e+00
0.000000000000000000e+00 0.000000000000000000e+00 0.000000000000000000e+00 0.000000000000000000e+00 0.000000000000000000e+00
0.000000000000000000e+00 0.000000000000000000e+00 0.000000000000000000e+00 0.000000000000000000e+00 0.000000000000000000e+00
0.000000000000000000e+00 0.000000000000000000e+00 0.000000000000000000e+00 0.000000000000000000e+00 0.000000000000000000e+00
0.000000000000000000e+00 0.000000000000000000e+00 0.000000000000000000e+00 0.000000000000000000e+00 0.000000000000000000e+00
0.000000000000000000e+00 0.000000000000000000e+00 0.000000000000000000e+00 0.000000000000000000e+00 0.000000000000000000e+00
0.000000000000000000e+00 0.000000000000000000e+00 0.000000000000000000e+00 0.000000000000000000e+00 0.000000000000000000e+00
0.000000000000000000e+00 0.000000000000000000e+00 0.000000000000000000e+00 0.000000000000000000e+00 0.000000000000000000e+00
0.000000000000000000e+00 0.000000000000000000e+00 0.000000000000000000e+00 0.000000000000000000e+00 0.000000000000000000e+00
0.000000000000000000e+00 0.000000000000000000e+00 0.000000000000000000e+00 0.000000000000000000e+00 0.000000000000000000e+00
0.000000000000000000e+00 0.000000000000000000e+00 0.000000000000000000e+00 0.000000000000000000e+00 0.000000000000000000e+00
0.000000000000000000e+00 0.000000000000000000e+00 0.000000000000000000e+00 0.000000000000000000e+00 0.000000000000000000e+00
0.000000000000000000e+00 0.000000000000000000e+00 0.000000000000000000e+00 0.000000000000000000e+00 0.000000000000000000e+00
0.000000000000000000e+00 0.000000000000000000e+00 0.000000000000000000e+00 0.000000000000000000e+00 0.000000000000000000e+00
0.000000000000000000e+00 0.000000000000000000e+00 0.000000000000000000e+00 0.000000000000000000e+00 0.000000000000000000e+00
0.000000000000000000e+00 0.000000000000000000e+00 0.000000000000000000e+00 0.000000000000000000e+00 0.000000000000000000e+00
0.000000000000000000e+00 0.000000000000000000e+00 0.000000000000000000e+00 0.000000000000000000e+00 0.000000000000000000e+00
0.000000000000000000e+00 0.000000000000000000e+00 0.000000000000000000e+00 0.000000000000000000e+00 0.000000000000000000e+00
0.000000000000000000e+00 0.000000000000000000e+00 0.000000000000000000e+00 0.000000000000000000e+00 0.000000000000000000e+00
0.000000000000000000e+00 0.000000000000000000e+00 0.000000000000000000e+00 0.000000000000000000e+00 0.000000000000000000e+00
0.000000000000000000e+00 0.000000000000000000e+00 0.000000000000000000e+00 0.000000000000000000e+00 0.000000000000000000e+00
0.000000000000000000e+00 0.000000000000000000e+00 0.000000000000000000e+00 0.000000000000000000e+00 0.000000000000000000e+00
0.000000000000000000e+00 0.000000000000000000e+00 0.000000000000000000e+00 0.000000000000000000e+00 0.000000000000000000e+00
0.000000000000000000e+00 0.000000000000000000e+00 0.000000000000000000e+00 0.000000000000000000e+00 0.000000000000000000e+00
0.000000000000000000e+00 0.000000000000000000e+00 0.000000000000000000e+00 0.000000000000000000e+00 0.000000000000000000e+00
0.000000000000000000e+00 0.000000000000000000e+00 0.000000000000000000e+00 0.000000000000000000e+00 0.000000000000000000e+00
0.000000000000000000e+00 0.000000000000000000e+00 0.000000000000000000e+00 0.000000000000000000e+00 0.000000000000000000e+00
0.000000000000000000e+00 0.000000000000000000e+00 0.000000000000000000e+00 0.000000000000000000e+00 0.000000000000000000e+00
0.000000000000000000e+00 0.000000000000000000e+00 0.000000000000000000e+00 0.000000000000000000e+00 0.000000000000000000e+00
0.000000000000000000e+00 0.000000000000000000e+00 0.000000000000000000e+00 0.000000000000000000e+00 0.000000000000000000e+00
0.000000000000000000e+00 0.000000000000000000e+00 0.000000000000000000e+00 0.000000000000000000e+00 0.000000000000000000e+00
0.000000000000000000e+00 0.000000000000000000e+00 0.000000000000000000e+00 0.000000000000000000e+00 0.000000000000000000e+00
0.000000000000000000e+00 0.000000000000000000e+00 0.000000000000000000e+00 0.000000000000000000e+00 0.000000000000000000e+00
0.000000000000000000e+00 0.000000000000000000e+00 0.000000000000000000e+00 0.000000000000000000e+00 0.000000000000000000e+00
0.000000000000000000e+00 0.000000000000000000e+00 0.000000000000000000e+00 0.000000000000000000e+00 0.000000000000000000e+00
0.000000000000000000e+00 0.000000000000000000e+00 0.000000000000000000e+00 0.000000000000000000e+00 0.000000000000000000e+00
0.000000000000000000e+00 0.000000000000000000e+00 0.000000000000000000e+00 0.000000000000000000e+00 0.000000000000000000e+00
0.000000000000000000e+00 0.000000000000000000e+00 0.000000000000000000e+00 0.000000000000000000e+00 0.000000000000000000e+00
0.000000000000000000e+00 0.000000000000000000e+00 0.000000000000000000e+00 0.000000000000000000e+00 0.000000000000000000e+00
0.000000000000000000e+00 0.000000000000000000e+00 0.000000000000000000e+00 0.000000000000000000e+00 0.000000000000000000e+00
0.000000000000000000e+00 0.000000000000000000e+00 0.000000000000000000e+00 0.000000000000000000e+00 0.000000000000000000e+00
0.000000000000000000e+00 0.000000000000000000e+00 0.000000000000000000e+00 0.000000000000000000e+00 0.000000000000000000e+00
0.000000000000000000e+00 0.000000000000000000e+00 0.000000000000000000e+00 0.000000000000000000e+00 0.000000000000000000e+00
0.000000000000000000e+00 0.000000000000000000e+00 0.000000000000000000e+00 0.000000000000000000e+00 0.000000000000000000e+00
0.000000000000000000e+00 0.000000000000000000e+00 0.000000000000000000e+00 0.000000000000000000e+00 0.000000000000000000e+00
0.000000000000000000e+00 0.000000000000000000e+00 0.000000000000000000e+00 0.000000000000000000e+00 0.000000000000000000e+00
0.000000000000000000e+00 0.000000000000000000e+00 0.000000000000000000e+00 0.000000000000000000e+00 0.000000000000000000e+00
0.000000000000000000e+00 0.000000000000000000e+00 0.000000000000000000e+00 0.000000000000000000e+00 0.000000000000000000e+00
0.000000000000000000e+00 0.000000000000000000e+00 0.000000000000000000e+00 0.000000000000000000e+00 0.000000000000000000e+00
0.000000000000000000e+00 0.000000000000000000e+00 0.000000000000000000e+00 0.000000000000000000e+00 0.000000000000000000e+00
0.000000000000000000e+00 0.000000000000000000e+00 0.000000000000000000e+00 0.000000000000000000e+00 0.000000000000000000e+00
0.000000000000000000e+00 0.000000000000000000e+00 0.000000000000000000e+00 0.000000000000000000e+00 0.000000000000000000e+00
0.000000000000000000e+00 0.000000000000000000e+00 0.000000000000000000e+00 0.000000000000000000e+00 0.000000000000000000e+00
0.000000000000000000e+00 0.000000000000000000e+00 0.000000000000000000e+00 0.000000000000000000e+00 0.000000000000000000e+00
0.000000000000000000e+00 0.000000000000000000e+00 0.000000000000000000e+00 0.000000000000000000e+00 0.000000000000000000e+00
0.000000000000000000e+00 0.000000000000000000e+00 0.000000000000000000e+00 0.000000000000000000e+00 0.000000000000000000e+00
0.000000000000000000e+00 0.000000000000000000e+00 0.000000000000000000e+00 0.000000000000000000e+00 0.000000000000000000e+00
0.000000000000000000e+00 0.000000000000000000e+00 0.000000000000000000e+00 0.000000000000000000e+00 0.000000000000000000e+00
0.000000000000000000e+00 0.000000000000000000e+00 0.000000000000000000e+00 0.000000000000000000e+00 0.000000000000000000e+00
0.000000000000000000e+00 0.000000000000000000e+00 0.000000000000000000e+00 0.000000000000000000e+00 0.000000000000000000e+00
0.000000000000000000e+00 0.000000000000000000e+00 0.000000000000000000e+00 0.000000000000000000e+00 0.000000000000000000e+00
0.000000000000000000e+00 0.000000000000000000e+00 0.000000000000000000e+00 0.000000000000000000e+00 0.000000000000000000e+00
0.000000000000000000e+00 0.000000000000000000e+00 0.000000000000000000e+00 0.000000000000000000e+00 0.000000000000000000e+00
0.000000000000000000e+00 0.000000000000000000e+00 0.000000000000000000e+00 0.000000000000000000e+00 0.000000000000000000e+00
0.000000000000000000e+00 0.000000000000000000e+00 0.000000000000000000e+00 0.000000000000000000e+00 0.000000000000000000e+00
0.000000000000000000e+00 0.000000000000000000e+00 0.000000000000000000e+00 0.000000000000000000e+00 0.000000000000000000e+00
0.000000000000000000e+00 0.000000000000000000e+00 0.000000000000000000e+00 0.000000000000000000e+00 0.000000000000000000e+00
0.000000000000000000e+00 0.000000000000000000e+00 0.000000000000000000e+00 0.000000000000000000e+00 0.000000000000000000e+00
0.000000000000000000e+00 0.000000000000000000e+00 0.000000000000000000e+00 0.000000000000000000e+00 0.000000000000000000e+00
0.000000000000000000e+00 0.000000000000000000e+00 0.000000000000000000e+00 0.000000000000000000e+00 0.000000000000000000e+00
0.000000000000000000e+00 0.000000000000000000e+00 0.000000000000000000e+00 0.000000000000000000e+00 0.000000000000000000e+00
0.000000000000000000e+00 0.000000000000000000e+00 0.000000000000000000e+00 0.000000000000000000e+00 0.000000000000000000e+00
0.000000000000000000e+00 0.000000000000000000e+00 0.000000000000000000e+00 0.000000000000000000e+00 0.000000000000000000e+00
4.989965209567459809e-04 0.000000000000000000e+00 4.458448054868516795e-04 9.752271728036217323e-04 0.000000000000000000e+00
2.200931083505647864e-03 0.000000000000000000e+00 1.966494052772364224e-03 4.301448422901689612e-03 0.000000000000000000e+00
1.078188911352969759e-03 0.000000000000000000e+00 9.633432404269470914e-04 2.107187284093540742e-03 0.000000000000000000e+00
0.000000000000000000e+00 0.000000000000000000e+00 8.843854290984297590e-04 3.441132136533373107e-03 0.000000000000000000e+00
0.000000000000000000e+00 0.000000000000000000e+00 3.413084262798188849e-03 1.457359590307055232e-02 0.000000000000000000e+00
9.989318065459788971e-05 0.000000000000000000e+00 2.626606939104349052e-03 1.447729490226556080e-02 0.000000000000000000e+00
2.567493075288278877e-04 0.000000000000000000e+00 1.481930268509380755e-03 1.007999259707741124e-02 0.000000000000000000e+00
1.206483211051402864e-03 0.000000000000000000e+00 0.000000000000000000e+00 9.757312438701083246e-04 8.574710629967011860e-03
8.571669891723434536e-04 0.000000000000000000e+00 0.000000000000000000e+00 1.467940304019018662e-04 1.126154899554859291e-02
0.000000000000000000e+00 0.000000000000000000e+00 4.821504026164103547e-04 0.000000000000000000e+00 6.065153772358228799e-03
0.000000000000000000e+00 0.000000000000000000e+00 1.361420788262371622e-04 0.000000000000000000e+00 1.485183725945236378e-03
0.000000000000000000e+00 0.000000000000000000e+00 0.000000000000000000e+00 0.000000000000000000e+00 0.000000000000000000e+00
0.000000000000000000e+00 0.000000000000000000e+00 0.000000000000000000e+00 0.000000000000000000e+00 0.000000000000000000e+00
0.000000000000000000e+00 0.000000000000000000e+00 0.000000000000000000e+00 0.000000000000000000e+00 0.000000000000000000e+00
0.000000000000000000e+00 0.000000000000000000e+00 0.000000000000000000e+00 0.000000000000000000e+00 0.000000000000000000e+00
0.000000000000000000e+00 0.000000000000000000e+00 0.000000000000000000e+00 0.000000000000000000e+00 0.000000000000000000e+00
0.000000000000000000e+00 0.000000000000000000e+00 0.000000000000000000e+00 0.000000000000000000e+00 0.000000000000000000e+00
0.000000000000000000e+00 0.000000000000000000e+00 0.000000000000000000e+00 0.000000000000000000e+00 0.000000000000000000e+00
0.000000000000000000e+00 0.000000000000000000e+00 0.000000000000000000e+00 0.000000000000000000e+00 0.000000000000000000e+00
0.000000000000000000e+00 0.000000000000000000e+00 0.000000000000000000e+00 0.000000000000000000e+00 0.000000000000000000e+00
0.000000000000000000e+00 0.000000000000000000e+00 0.000000000000000000e+00 0.000000000000000000e+00 0.000000000000000000e+00
0.000000000000000000e+00 0.000000000000000000e+00 0.000000000000000000e+00 0.000000000000000000e+00 0.000000000000000000e+00
0.000000000000000000e+00 0.000000000000000000e+00 0.000000000000000000e+00 0.000000000000000000e+00 0.000000000000000000e+00
0.000000000000000000e+00 0.000000000000000000e+00 0.000000000000000000e+00 0.000000000000000000e+00 0.000000000000000000e+00
0.000000000000000000e+00 0.000000000000000000e+00 0.000000000000000000e+00 0.000000000000000000e+00 0.000000000000000000e+00
1.068787186376050089e-03 0.000000000000000000e+00 0.000000000000000000e+00 2.339310092107206942e-04 1.999435595617268826e-05
9.043888473244082737e-03 0.000000000000000000e+00 0.000000000000000000e+00 1.562106218504502207e-03 1.153545653024140142e-05
1.928191198891875818e-02 0.000000000000000000e+00 0.000000000000000000e+00 1.343072612962931556e-03 9.398471998367812939e-04
3.998369290548638155e-02 1.200577438339295181e-03 0.000000000000000000e+00 1.726330829667868791e-03 1.603586504225256381e-04
5.705063630315058976e-02 6.821047713843125457e-03 3.521597001327390029e-03 8.673560688187746670e-03 0.000000000000000000e+00
6.159162233588664354e-02 1.179661246759061352e-02 4.757897091760524173e-03 1.921912376762700131e-02 0.000000000000000000e+00
6.176645817448769837e-02 0.000000000000000000e+00 1.511284306859425434e-02 5.818981340569762822e-02 0.000000000000000000e+00
3.555893633925218122e-02 0.000000000000000000e+00 2.836900335527823766e-02 7.249806133989263046e-02 0.000000000000000000e+00
1.411279595379929044e-02 0.000000000000000000e+00 4.209600280894854052e-02 7.206846190037777267e-02 0.000000000000000000e+00
6.119245077375713195e-03 0.000000000000000000e+00 5.294434487283603691e-02 6.491750838876646224e-02 0.000000000000000000e+00
4.552277054339331185e-03 0.000000000000000000e+00 4.348050894563693786e-02 2.468676687384924184e-02 2.318210974169907651e-02
0.000000000000000000e+00 0.000000000000000000e+00 2.379795433799434742e-02 0.000000000000000000e+00 7.351162625783182192e-02
0.000000000000000000e+00 0.000000000000000000e+00 1.090957464289271130e-02 0.000000000000000000e+00 8.928332120681589656e-02
0.000000000000000000e+00 0.000000000000000000e+00 8.949724752520198112e-03 0.000000000000000000e+00 5.761790455464279453e-02
0.000000000000000000e+00 0.000000000000000000e+00 8.480291143168167470e-03 0.000000000000000000e+00 2.829107745862136439e-02
0.000000000000000000e+00 0.000000000000000000e+00 4.595238446714689298e-03 0.000000000000000000e+00 1.147391168009623437e-02
0.000000000000000000e+00 0.000000000000000000e+00 3.952168239843011381e-04 0.000000000000000000e+00 6.106505480853538113e-04
0.000000000000000000e+00 0.000000000000000000e+00 0.000000000000000000e+00 0.000000000000000000e+00 0.000000000000000000e+00
0.000000000000000000e+00 0.000000000000000000e+00 0.000000000000000000e+00 0.000000000000000000e+00 0.000000000000000000e+00
0.000000000000000000e+00 0.000000000000000000e+00 0.000000000000000000e+00 0.000000000000000000e+00 0.000000000000000000e+00
0.000000000000000000e+00 0.000000000000000000e+00 0.000000000000000000e+00 0.000000000000000000e+00 0.000000000000000000e+00
0.000000000000000000e+00 0.000000000000000000e+00 0.000000000000000000e+00 0.000000000000000000e+00 0.000000000000000000e+00
0.000000000000000000e+00 0.000000000000000000e+00 0.000000000000000000e+00 0.000000000000000000e+00 0.000000000000000000e+00
0.000000000000000000e+00 0.000000000000000000e+00 0.000000000000000000e+00 0.000000000000000000e+00 0.000000000000000000e+00
0.000000000000000000e+00 0.000000000000000000e+00 0.000000000000000000e+00 0.000000000000000000e+00 0.000000000000000000e+00
0.000000000000000000e+00 0.000000000000000000e+00 0.000000000000000000e+00 0.000000000000000000e+00 0.000000000000000000e+00
0.000000000000000000e+00 0.000000000000000000e+00 0.000000000000000000e+00 0.000000000000000000e+00 0.000000000000000000e+00
5.056185535548240670e-03 0.000000000000000000e+00 0.000000000000000000e+00 1.106673620496869889e-03 9.458868394650938227e-05
1.517221768912163128e-02 0.000000000000000000e+00 0.000000000000000000e+00 2.150802155187812523e-03 3.363791038827921654e-04
3.308096655900033545e-02 0.000000000000000000e+00 0.000000000000000000e+00 5.604194247328492598e-03 0.000000000000000000e+00
6.150363590192839403e-02 5.820665125457034558e-03 0.000000000000000000e+00 2.841707319016601070e-03 0.000000000000000000e+00
9.034916109972238041e-02 2.082917224871487158e-02 0.000000000000000000e+00 2.113732317983610040e-03 0.000000000000000000e+00
9.312675137948288329e-02 3.867990713897482419e-02 0.000000000000000000e+00 2.620407495193984027e-02 0.000000000000000000e+00
8.722511343809698225e-02 4.962921695289056884e-02 0.000000000000000000e+00 6.259229828023352149e-02 0.000000000000000000e+00
7.030366598821718993e-02 5.863868417986151799e-02 1.708318725230531174e-02 9.511415608204609740e-02 0.000000000000000000e+00
4.985636537989788369e-02 6.545973825540170321e-02 4.268492816798206274e-02 1.013011873601924462e-01 0.000000000000000000e+00
2.174355716227020438e-02 5.770055623668755851e-02 7.581565016526523038e-02 8.847893195147700507e-02 0.000000000000000000e+00
1.129892682281531321e-02 2.463712900014842014e-02 8.224022024945039366e-02 8.139429056594561784e-02 3.024923181727337887e-02
7.075400616653591823e-03 4.013847880031043772e-03 7.318799568510038489e-02 6.082369677973466227e-02 6.925524143473109351e-02
6.768453157856488094e-03 0.000000000000000000e+00 6.306504039047432231e-02 1.715309553002309501e-02 9.380388522625257575e-02
0.000000000000000000e+00 0.000000000000000000e+00 4.729302516256098099e-02 0.000000000000000000e+00 1.020592312592569773e-01
0.000000000000000000e+00 0.000000000000000000e+00 2.433033251327894331e-02 0.000000000000000000e+00 9.161017454802854176e-02
0.000000000000000000e+00 0.000000000000000000e+00 1.088206407060383213e-02 0.000000000000000000e+00 4.787866203926097880e-02
6.051956397955588667e-04 0.000000000000000000e+00 9.466106332668141471e-03 0.000000000000000000e+00 2.928017994971653798e-02
8.216628120071353810e-05 0.000000000000000000e+00 1.877315918685325572e-03 0.000000000000000000e+00 2.647421828243437872e-03
0.000000000000000000e+00 0.000000000000000000e+00 0.000000000000000000e+00 0.000000000000000000e+00 0.000000000000000000e+00
0.000000000000000000e+00 0.000000000000000000e+00 0.000000000000000000e+00 0.000000000000000000e+00 0.000000000000000000e+00
0.000000000000000000e+00 0.000000000000000000e+00 0.000000000000000000e+00 0.000000000000000000e+00 0.000000000000000000e+00
0.000000000000000000e+00 0.000000000000000000e+00 0.000000000000000000e+00 0.000000000000000000e+00 0.000000000000000000e+00
0.000000000000000000e+00 0.000000000000000000e+00 0.000000000000000000e+00 0.000000000000000000e+00 0.000000000000000000e+00
0.000000000000000000e+00 0.000000000000000000e+00 0.000000000000000000e+00 0.000000000000000000e+00 0.000000000000000000e+00
0.000000000000000000e+00 0.000000000000000000e+00 0.000000000000000000e+00 0.000000000000000000e+00 0.000000000000000000e+00
0.000000000000000000e+00 0.000000000000000000e+00 0.000000000000000000e+00 0.000000000000000000e+00 0.000000000000000000e+00
0.000000000000000000e+00 0.000000000000000000e+00 0.000000000000000000e+00 0.000000000000000000e+00 0.000000000000000000e+00
3.370790357032159290e-03 0.000000000000000000e+00 0.000000000000000000e+00 7.377824136645799984e-04 6.305912263100603801e-05
1.605457928524938599e-02 0.000000000000000000e+00 0.000000000000000000e+00 3.393143804478933497e-03 1.277970345748671627e-04
3.359241068934299551e-02 0.000000000000000000e+00 0.000000000000000000e+00 2.135008963782431771e-03 9.856765243947598204e-04
7.029150331861953871e-02 4.883149814340586106e-03 0.000000000000000000e+00 4.470851044351402404e-03 0.000000000000000000e+00
1.071689722271957496e-01 1.910169584807220808e-02 0.000000000000000000e+00 1.605670975806650774e-03 0.000000000000000000e+00
1.080689266030924606e-01 3.668605392393884529e-02 0.000000000000000000e+00 1.891547988928515833e-02 0.000000000000000000e+00
9.935057079307034467e-02 6.247944179783034707e-02 0.000000000000000000e+00 5.086462274737552774e-02 0.000000000000000000e+00
7.818375740674290975e-02 8.478272411836952627e-02 1.352979058146974028e-02 7.378626202744219265e-02 0.000000000000000000e+00
5.214256832676769648e-02 9.681089183024320366e-02 5.042355922892157588e-02 7.526539924781228130e-02 0.000000000000000000e+00
4.923441036684065436e-02 8.587437149331979269e-02 7.962312631723775236e-02 8.086471782999925251e-02 7.912072717776833658e-03
5.082547714833649671e-02 6.259927422822839094e-02 8.272553623078481022e-02 8.592884957757845887e-02 4.612998746712053399e-02
5.079992377787339447e-02 3.266028036797266609e-02 7.924977214284872895e-02 7.766877109341019381e-02 7.496780487137971738e-02
3.502333976862123666e-02 1.261938705665973173e-02 8.514423004386020843e-02 8.072845207159895509e-02 7.454060379687037219e-02
2.088843366999089055e-02 0.000000000000000000e+00 8.202691572974275813e-02 4.994447165469520500e-02 9.067611340333478487e-02
1.026350723972351865e-02 0.000000000000000000e+00 7.333691807418306341e-02 1.131771584562201588e-02 9.092950687775420981e-02
0.000000000000000000e+00 0.000000000000000000e+00 5.519322636947725930e-02 0.000000000000000000e+00 8.081203588356714040e-02
0.000000000000000000e+00 0.000000000000000000e+00 3.367130856093385888e-02 0.000000000000000000e+00 4.137107972480198043e-02
4.677746595076461185e-03 0.000000000000000000e+00 1.382315449973047124e-02 0.000000000000000000e+00 2.487391804866138229e-02
3.850856424414908323e-03 0.000000000000000000e+00 2.907299223042221319e-03 0.000000000000000000e+00 1.851312037705361326e-03
0.000000000000000000e+00 0.000000000000000000e+00 0.000000000000000000e+00 0.000000000000000000e+00 0.000000000000000000e+00
0.000000000000000000e+00 0.000000000000000000e+00 0.000000000000000000e+00 0.000000000000000000e+00 0.000000000000000000e+00
0.000000000000000000e+00 0.000000000000000000e+00 0.000000000000000000e+00 0.000000000000000000e+00 0.000000000000000000e+00
0.000000000000000000e+00 0.000000000000000000e+00 0.000000000000000000e+00 0.000000000000000000e+00 0.000000000000000000e+00
0.000000000000000000e+00 0.000000000000000000e+00 0.000000000000000000e+00 0.000000000000000000e+00 0.000000000000000000e+00
0.000000000000000000e+00 0.000000000000000000e+00 0.000000000000000000e+00 0.000000000000000000e+00 0.000000000000000000e+00
0.000000000000000000e+00 0.000000000000000000e+00 0.000000000000000000e+00 0.000000000000000000e+00 0.000000000000000000e+00
0.000000000000000000e+00 0.000000000000000000e+00 0.000000000000000000e+00 0.000000000000000000e+00 0.000000000000000000e+00
0.000000000000000000e+00 0.000000000000000000e+00 0.000000000000000000e+00 0.000000000000000000e+00 0.000000000000000000e+00
9.554454149047514333e-03 0.000000000000000000e+00 0.000000000000000000e+00 2.245770848727162133e-03 1.017844002137228255e-04
3.449888966727996525e-02 0.000000000000000000e+00 0.000000000000000000e+00 7.014178818767591306e-03 5.020945497524835748e-04
6.753733214603013790e-02 0.000000000000000000e+00 0.000000000000000000e+00 5.628706461466347587e-03 4.134923159847865180e-04
1.063587503356652614e-01 4.620046677048146762e-03 0.000000000000000000e+00 8.797428715619564840e-03 0.000000000000000000e+00
1.091642850932492831e-01 3.823893870674922174e-02 0.000000000000000000e+00 4.351271736715883916e-03 0.000000000000000000e+00
8.216552223399001265e-02 7.725269752946795077e-02 0.000000000000000000e+00 3.534428834327206503e-02 0.000000000000000000e+00
5.818942102531905747e-02 9.012752602102308552e-02 2.227029558776796869e-02 6.303534760572532258e-02 0.000000000000000000e+00
4.102182745534891511e-02 9.107948634609945582e-02 6.824380184807998795e-02 7.396504916615895264e-02 0.000000000000000000e+00
3.535546256728584746e-02 8.397799825804307117e-02 8.434335226031436372e-02 6.983780706216934087e-02 2.050920883972279229e-02
4.685954200915291162e-02 7.816680202413872625e-02 7.135215107865902628e-02 6.256923014910853453e-02 7.375895704154757093e-02
5.607882344245218587e-02 6.850217589616107439e-02 7.073929141547818933e-02 5.877543408380145329e-02 8.987218648880962446e-02
6.045707746896712698e-02 6.713335867128940315e-02 6.873599904190057230e-02 6.219057663307837880e-02 8.288472830536826319e-02
6.349618039558917182e-02 3.050834728945362936e-02 7.161809325257710579e-02 8.077802642177105141e-02 6.544143878778412027e-02
5.123297277026978708e-02 1.180829926956904544e-02 8.174289808667400958e-02 7.656197105625819899e-02 6.029199088428900677e-02
3.357689858804494693e-02 0.000000000000000000e+00 8.976717668539288542e-02 3.364402956818995927e-02 6.489170123483924135e-02
7.789121225879532505e-03 0.000000000000000000e+00 8.070362645124688761e-02 0.000000000000000000e+00 7.451647196697774866e-02
0.000000000000000000e+00 0.000000000000000000e+00 5.609676050042741030e-02 0.000000000000000000e+00 3.667637591239502476e-02
3.363034422262572987e-03 0.000000000000000000e+00 2.787401489228299306e-02 0.000000000000000000e+00 1.545739745630358465e-02
6.819018271423177811e-03 0.000000000000000000e+00 5.365844982750297629e-03 0.000000000000000000e+00 3.558842186323235048e-04
0.000000000000000000e+00 0.000000000000000000e+00 0.000000000000000000e+00 0.000000000000000000e+00 0.000000000000000000e+00
0.000000000000000000e+00 0.000000000000000000e+00 0.000000000000000000e+00 0.000000000000000000e+00 0.000000000000000000e+00
0.000000000000000000e+00 0.000000000000000000e+00 0.000000000000000000e+00 0.000000000000000000e+00 0.000000000000000000e+00
0.000000000000000000e+00 0.000000000000000000e+00 0.000000000000000000e+00 0.000000000000000000e+00 0.000000000000000000e+00
0.000000000000000000e+00 0.000000000000000000e+00 0.000000000000000000e+00 0.000000000000000000e+00 0.000000000000000000e+00
0.000000000000000000e+00 0.000000000000000000e+00 0.000000000000000000e+00 0.000000000000000000e+00 0.000000000000000000e+00
0.000000000000000000e+00 0.000000000000000000e+00 0.000000000000000000e+00 0.000000000000000000e+00 0.000000000000000000e+00
0.000000000000000000e+00 0.000000000000000000e+00 0.000000000000000000e+00 0.000000000000000000e+00 0.000000000000000000e+00
4.118314769091584344e-03 0.000000000000000000e+00 0.000000000000000000e+00 1.004757034798891635e-03 2.718332528226592967e-05
2.849883289240072101e-02 0.000000000000000000e+00 0.000000000000000000e+00 6.782217758559363867e-03 5.533486974975651866e-05
5.579583302192583222e-02 0.000000000000000000e+00 0.000000000000000000e+00 1.049149815337670211e-02 2.281016535079516687e-04
1.039468570109911144e-01 4.546095390446355041e-04 0.000000000000000000e+00 1.656680607103110841e-03 0.000000000000000000e+00
1.071499773904774633e-01 3.151204857089812128e-02 3.040203747444221319e-04 1.451343348188476002e-03 0.000000000000000000e+00
8.646829166758562835e-02 7.342097744145599514e-02 7.748800524410012942e-03 2.229682438291314545e-02 0.000000000000000000e+00
4.110726702243006070e-02 9.812912279903268642e-02 2.899677947690849911e-02 6.137293630055039306e-02 0.000000000000000000e+00
1.610522446695559357e-02 8.823226355146621125e-02 7.713138600574960535e-02 5.889224210610554539e-02 0.000000000000000000e+00
8.853434594665893220e-03 6.977466097720270988e-02 9.399408920804495915e-02 6.616408327225123398e-02 2.067150620567616975e-02
1.233183843882906154e-03 7.414358075299012918e-02 7.399971888593076530e-02 4.324915316336763044e-02 8.343624260496125544e-02
6.784935050592708593e-03 6.772355501714612258e-02 5.717455425137193958e-02 3.141290244871549481e-02 1.120886551375762097e-01
2.384301995500466217e-02 7.678674053333034433e-02 2.999514351968017925e-02 2.381165297736939634e-02 1.212894551244082797e-01
4.812477401837994551e-02 9.242510816892837711e-02 3.068335927833542448e-02 2.703780069297280486e-02 7.762326207332440053e-02
5.813859176018098401e-02 7.801283892145956245e-02 3.504548221037175754e-02 6.309688786917380665e-02 3.546827866584562755e-02
7.614113382929217633e-02 4.444868413304228771e-02 4.907581410492323909e-02 7.755799226281476222e-02 4.672420668709681424e-02
5.503479229077919838e-02 1.526305524374755099e-02 7.303200656356177711e-02 5.181819137156151722e-02 6.117327823904678691e-02
3.699725030675962006e-02 0.000000000000000000e+00 9.230862775422439548e-02 1.189120662065138714e-03 7.493683412093911367e-02
1.918066403038836895e-02 0.000000000000000000e+00 7.305012491797979735e-02 0.000000000000000000e+00 4.409159074804709644e-02
6.440895370302699395e-03 0.000000000000000000e+00 4.152466593364073644e-02 0.000000000000000000e+00 1.525971037296575301e-02
7.832281956341665546e-03 0.000000000000000000e+00 1.205892875922252860e-02 1.197865271861513550e-03 0.000000000000000000e+00
0.000000000000000000e+00 0.000000000000000000e+00 0.000000000000000000e+00 0.000000000000000000e+00 0.000000000000000000e+00
0.000000000000000000e+00 0.000000000000000000e+00 0.000000000000000000e+00 0.000000000000000000e+00 0.000000000000000000e+00
0.000000000000000000e+00 0.000000000000000000e+00 0.000000000000000000e+00 0.000000000000000000e+00 0.000000000000000000e+00
0.000000000000000000e+00 0.000000000000000000e+00 0.000000000000000000e+00 0.000000000000000000e+00 0.000000000000000000e+00
0.000000000000000000e+00 0.000000000000000000e+00 0.000000000000000000e+00 0.000000000000000000e+00 0.000000000000000000e+00
0.000000000000000000e+00 0.000000000000000000e+00 0.000000000000000000e+00 0.000000000000000000e+00 0.000000000000000000e+00
0.000000000000000000e+00 0.000000000000000000e+00 0.000000000000000000e+00 0.000000000000000000e+00 0.000000000000000000e+00
0.000000000000000000e+00 0.000000000000000000e+00 0.000000000000000000e+00 0.000000000000000000e+00 0.000000000000000000e+00
1.171246684322188591e-02 0.000000000000000000e+00 0.000000000000000000e+00 3.452912927724743637e-03 0.000000000000000000e+00
4.604781222542652513e-02 0.000000000000000000e+00 0.000000000000000000e+00 1.033547580663523105e-02 0.000000000000000000e+00
7.926524633204551362e-02 0.000000000000000000e+00 0.000000000000000000e+00 6.746451927159545850e-03 0.000000000000000000e+00
1.101709850552080178e-01 2.125422791923940735e-02 1.388218169330931041e-04 0.000000000000000000e+00 0.000000000000000000e+00
9.838945219874101200e-02 5.119466355458360263e-02 1.296229853790173241e-02 0.000000000000000000e+00 0.000000000000000000e+00
5.588653871633900844e-02 8.336731277569975340e-02 3.956456208972319866e-02 2.990886918803116815e-02 0.000000000000000000e+00
9.899676955866324943e-03 8.615576092541878117e-02 8.674322949264226534e-02 6.629388647597354856e-02 0.000000000000000000e+00
0.000000000000000000e+00 6.679133991337722620e-02 9.172381373508591007e-02 6.787760278587208485e-02 2.150377207871252694e-02
0.000000000000000000e+00 6.240415801488327641e-02 7.133667198495387274e-02 4.187466006079103992e-02 9.563613745849899872e-02
0.000000000000000000e+00 4.587861175786553392e-02 4.889002654426514299e-02 3.023161288423775739e-02 1.215998326499535126e-01
0.000000000000000000e+00 4.608180066798751168e-02 1.753439779994307030e-02 1.306082884180946417e-02 1.288019301651592841e-01
0.000000000000000000e+00 7.100535746581795871e-02 7.183817047132918555e-03 9.737873460734951248e-03 8.144768043843125804e-02
1.784042182069020196e-02 9.293183479934671865e-02 3.175001959956416219e-03 1.782342874479234118e-02 4.298662413317257125e-02
2.905177808809290482e-02 9.437787091924793037e-02 0.000000000000000000e+00 6.167257968386087585e-02 3.347703149732750988e-02
4.847454613915253702e-02 8.780101280178584378e-02 2.083690705786974198e-02 7.671612788319841225e-02 4.830498481275941752e-02
6.503259157118214395e-02 5.260546964626258704e-02 5.098245897869219112e-02 4.637828878682932754e-02 7.825986319521001378e-02
5.707835463429979800e-02 2.984453283395785330e-03 8.438431069245930227e-02 3.403750759439644509e-03 7.926147459214215318e-02
4.826598206961896925e-02 0.000000000000000000e+00 8.223379393348451138e-02 0.000000000000000000e+00 4.302303089003116365e-02
1.289730493801741207e-02 0.000000000000000000e+00 5.423443621132950643e-02 0.000000000000000000e+00 9.723546015752216817e-03
9.482776178620318241e-03 0.000000000000000000e+00 1.676615760339039349e-02 2.900556940818265622e-03 0.000000000000000000e+00
0.000000000000000000e+00 0.000000000000000000e+00 0.000000000000000000e+00 0.000000000000000000e+00 0.000000000000000000e+00
0.000000000000000000e+00 0.000000000000000000e+00 0.000000000000000000e+00 0.000000000000000000e+00 0.000000000000000000e+00
0.000000000000000000e+00 0.000000000000000000e+00 0.000000000000000000e+00 0.000000000000000000e+00 0.000000000000000000e+00
0.000000000000000000e+00 0.000000000000000000e+00 0.000000000000000000e+00 0.000000000000000000e+00 0.000000000000000000e+00
0.000000000000000000e+00 0.000000000000000000e+00 0.000000000000000000e+00 0.000000000000000000e+00 0.000000000000000000e+00
0.000000000000000000e+00 0.000000000000000000e+00 0.000000000000000000e+00 0.000000000000000000e+00 0.000000000000000000e+00
0.000000000000000000e+00 0.000000000000000000e+00 0.000000000000000000e+00 0.000000000000000000e+00 0.000000000000000000e+00
0.000000000000000000e+00 0.000000000000000000e+00 0.000000000000000000e+00 0.000000000000000000e+00 0.000000000000000000e+00
1.781072477754540306e-02 0.000000000000000000e+00 0.000000000000000000e+00 4.460728079645878176e-03 0.000000000000000000e+00
5.824393314474479028e-02 0.000000000000000000e+00 1.762239714849289218e-03 8.764616605864087445e-03 0.000000000000000000e+00
1.015722092925596259e-01 0.000000000000000000e+00 4.798192501486279321e-03 0.000000000000000000e+00 0.000000000000000000e+00
1.119745508222878688e-01 3.255597165107903396e-02 1.197818445271777409e-02 0.000000000000000000e+00 0.000000000000000000e+00
7.726148983379604873e-02 6.899128339814972199e-02 3.663863080812745227e-02 1.286613615048019799e-02 0.000000000000000000e+00
5.471275717597531146e-03 8.742454818450563769e-02 8.683000137338178770e-02 4.923594535781102011e-02 0.000000000000000000e+00
0.000000000000000000e+00 6.222883254891871385e-02 9.910449261316377212e-02 7.886389563923600077e-02 1.209694084553005616e-02
0.000000000000000000e+00 5.218780317908375960e-02 7.470629094691989824e-02 5.922188221873733033e-02 8.777917212989837237e-02
0.000000000000000000e+00 3.578166312319544518e-02 4.882739166672415976e-02 4.647643825129969125e-02 1.206912628034210039e-01
0.000000000000000000e+00 1.508180108842305939e-02 2.016352193536912613e-02 2.935259073049978351e-02 1.227017315247779239e-01
0.000000000000000000e+00 2.748338432457769070e-02 4.666139037644738592e-03 7.843904911684426370e-03 6.698671913650028342e-02
0.000000000000000000e+00 4.257586765141622293e-02 4.233444377730007264e-03 5.380148946373645644e-03 2.403246270066153670e-02
0.000000000000000000e+00 6.458099302695245736e-02 0.000000000000000000e+00 2.016713722536048539e-02 1.922693992591839596e-02
8.666366602329793681e-03 8.349079418432281408e-02 0.000000000000000000e+00 6.219138871780714728e-02 3.914979334929469257e-02
2.664809177115940939e-02 1.000481256039608691e-01 0.000000000000000000e+00 8.571967044397008073e-02 5.519438932368528339e-02
5.385892353896609003e-02 9.329198183013782952e-02 2.782605776731654490e-02 4.151006891075949973e-02 9.170890912483951884e-02
6.783303700258376534e-02 3.131515719901031142e-02 7.329750602890820754e-02 5.418235536957949870e-03 8.191730524130425017e-02
6.403829946283727537e-02 0.000000000000000000e+00 9.157804304477241975e-02 0.000000000000000000e+00 3.205135629470012154e-02
3.627762145731849158e-02 0.000000000000000000e+00 6.008360136148055419e-02 4.287470443293207520e-03 0.000000000000000000e+00
1.007881908205000322e-02 0.000000000000000000e+00 2.447167369891121644e-02 2.917363730270817850e-03 0.000000000000000000e+00
0.000000000000000000e+00 0.000000000000000000e+00 0.000000000000000000e+00 0.000000000000000000e+00 0.000000000000000000e+00
0.000000000000000000e+00 0.000000000000000000e+00 0.000000000000000000e+00 0.000000000000000000e+00 0.000000000000000000e+00
0.000000000000000000e+00 0.000000000000000000e+00 0.000000000000000000e+00 0.000000000000000000e+00 0.000000000000000000e+00
0.000000000000000000e+00 0.000000000000000000e+00 0.000000000000000000e+00 0.000000000000000000e+00 0.000000000000000000e+00
0.000000000000000000e+00 0.000000000000000000e+00 0.000000000000000000e+00 0.000000000000000000e+00 0.000000000000000000e+00
0.000000000000000000e+00 0.000000000000000000e+00 0.000000000000000000e+00 0.000000000000000000e+00 0.000000000000000000e+00
0.000000000000000000e+00 0.000000000000000000e+00 0.000000000000000000e+00 0.000000000000000000e+00 0.000000000000000000e+00
0.000000000000000000e+00 0.000000000000000000e+00 0.000000000000000000e+00 0.000000000000000000e+00 0.000000000000000000e+00
3.438032666384802094e-02 0.000000000000000000e+00 1.895630619973109453e-03 6.607906021504865793e-03 0.000000000000000000e+00
8.950031658700977055e-02 0.000000000000000000e+00 4.815420925760637363e-03 7.795241941179908811e-03 0.000000000000000000e+00
1.125759454528685449e-01 1.674610699064538882e-02 1.017278085421597505e-02 0.000000000000000000e+00 0.000000000000000000e+00
1.054215375606965266e-01 3.947555727829882288e-02 2.901848280030170507e-02 0.000000000000000000e+00 0.000000000000000000e+00
3.416070284530131618e-02 7.871775795220124772e-02 8.180656134178759809e-02 2.105733988963151906e-02 0.000000000000000000e+00
0.000000000000000000e+00 8.388392303439665132e-02 1.004364164629035494e-01 5.740557892485735614e-02 5.996838985462486782e-03
0.000000000000000000e+00 4.895139211374694571e-02 7.632652541867358809e-02 8.078961136794038378e-02 7.659057383690064114e-02
0.000000000000000000e+00 3.787749429701431358e-02 4.959757103813134532e-02 5.552153153622452209e-02 1.150540135303902978e-01
0.000000000000000000e+00 1.450131998502671160e-02 1.199361402869857790e-02 5.019936649201645062e-02 1.196955132161538204e-01
0.000000000000000000e+00 9.909906511507124427e-03 0.000000000000000000e+00 2.828419712551730886e-02 6.726103896546656302e-02
0.000000000000000000e+00 1.784506670143339371e-02 0.000000000000000000e+00 1.961273051354696026e-03 2.288396295232477534e-02
0.000000000000000000e+00 2.027499505182461456e-02 5.203390928757854056e-03 7.177186180777716097e-05 5.493888690941293486e-03
0.000000000000000000e+00 3.263194090725727442e-02 0.000000000000000000e+00 2.318898892634522688e-02 3.857458229894125245e-03
0.000000000000000000e+00 4.389561350163090347e-02 0.000000000000000000e+00 7.198131938610881353e-02 2.760946501949435722e-02
7.866868354518987902e-03 7.968008345865790210e-02 0.000000000000000000e+00 9.519158371804746499e-02 6.624140797674170356e-02
3.992830225655457504e-02 9.602215747335847429e-02 1.578920413829379421e-02 3.721332327896570424e-02 1.006227791894823420e-01
6.257270610418219636e-02 6.130680931682838675e-02 6.946847007827329501e-02 0.000000000000000000e+00 8.166707577155224440e-02
8.725451132837988566e-02 0.000000000000000000e+00 9.123310355804682692e-02 0.000000000000000000e+00 2.371068196632917721e-02
6.344660497128377930e-02 0.000000000000000000e+00 7.055005117911188062e-02 6.412843212921826540e-03 0.000000000000000000e+00
1.823623644290432722e-02 0.000000000000000000e+00 2.838448385744519326e-02 3.275181275687115336e-03 0.000000000000000000e+00
0.000000000000000000e+00 5.580865343238725784e-05 2.161388673026532219e-04 2.599070743667465915e-03 0.000000000000000000e+00
0.000000000000000000e+00 1.288348701577426340e-04 4.989588745178267278e-04 5.999982461445105275e-03 0.000000000000000000e+00
0.000000000000000000e+00 0.000000000000000000e+00 0.000000000000000000e+00 0.000000000000000000e+00 0.000000000000000000e+00
0.000000000000000000e+00 0.000000000000000000e+00 0.000000000000000000e+00 0.000000000000000000e+00 0.000000000000000000e+00
0.000000000000000000e+00 0.000000000000000000e+00 0.000000000000000000e+00 0.000000000000000000e+00 0.000000000000000000e+00
0.000000000000000000e+00 0.000000000000000000e+00 0.000000000000000000e+00 0.000000000000000000e+00 0.000000000000000000e+00
0.000000000000000000e+00 0.000000000000000000e+00 0.000000000000000000e+00 0.000000000000000000e+00 0.000000000000000000e+00
3.744867089550024436e-04 0.000000000000000000e+00 2.232379611326479611e-04 9.140124854913836433e-07 0.000000000000000000e+00
5.177955614740706314e-02 0.000000000000000000e+00 5.663446511160772495e-03 7.397410146750222314e-03 0.000000000000000000e+00
1.114322938255244838e-01 0.000000000000000000e+00 1.145236454335632134e-02 3.473894353338831224e-03 0.000000000000000000e+00
1.135698942665290256e-01 2.392331825214636526e-02 2.488249664809800629e-02 0.000000000000000000e+00 0.000000000000000000e+00
7.093407838511636698e-02 4.885015210455916773e-02 7.557628083864519064e-02 6.137901420318155575e-03 0.000000000000000000e+00
0.000000000000000000e+00 1.056670804783064188e-01 9.407813480286969510e-02 3.506479594135792494e-02 8.536616098663409383e-03
0.000000000000000000e+00 7.259343151864861010e-02 8.348172994167123162e-02 7.862369600410479276e-02 5.288524789163690648e-02
0.000000000000000000e+00 2.864221486302667707e-02 5.502562949043446339e-02 7.858941373183266077e-02 1.025324893031887147e-01
0.000000000000000000e+00 9.398345237183539091e-03 9.068880544889407549e-03 6.595911031410107983e-02 1.119953460968617365e-01
0.000000000000000000e+00 3.879587966216088354e-03 0.000000000000000000e+00 4.604657830556922737e-02 7.261937215239236409e-02
0.000000000000000000e+00 9.330531904309631933e-03 0.000000000000000000e+00 1.245764941741378008e-02 2.406361499176595461e-02
0.000000000000000000e+00 1.137763273466541568e-02 1.736088350220598613e-03 0.000000000000000000e+00 6.612531525506910174e-03
0.000000000000000000e+00 1.219278250316620064e-02 2.849877520031561008e-03 0.000000000000000000e+00 2.836825954732387508e-04
0.000000000000000000e+00 1.777449754049741787e-02 0.000000000000000000e+00 3.070908363792582141e-02 7.461741944512882436e-04
0.000000000000000000e+00 2.196361548951706114e-02 0.000000000000000000e+00 8.683386938455542325e-02 2.912339090551492940e-02
0.000000000000000000e+00 4.937712964362080820e-02 0.000000000000000000e+00 1.078252575575774225e-01 7.100608099232910697e-02
2.351141208628726789e-02 8.863058864196775299e-02 1.483294504451844464e-02 5.299652617889982070e-02 1.033853948097520625e-01
6.125669318741305824e-02 6.739298621818728963e-02 6.966589258684656449e-02 0.000000000000000000e+00 6.971797845228439039e-02
8.980862134756370518e-02 1.509870876483145226e-02 9.082302588944006494e-02 0.000000000000000000e+00 1.219945384592726299e-02
8.459356850515542536e-02 0.000000000000000000e+00 6.486970722885086749e-02 3.152656981369460730e-03 0.000000000000000000e+00
3.017781037386884843e-02 0.000000000000000000e+00 2.382717421459613905e-02 4.270090966311966031e-03 0.000000000000000000e+00
0.000000000000000000e+00 6.471428961840578636e-05 2.506291120849912335e-04 3.013816075103762510e-03 0.000000000000000000e+00
0.000000000000000000e+00 1.027116706787555196e-04 3.977874898229681881e-04 4.783396155898632200e-03 0.000000000000000000e+00
0.000000000000000000e+00 0.000000000000000000e+00 0.000000000000000000e+00 0.000000000000000000e+00 0.000000000000000000e+00
0.000000000000000000e+00 0.000000000000000000e+00 0.000000000000000000e+00 0.000000000000000000e+00 0.000000000000000000e+00
0.000000000000000000e+00 0.000000000000000000e+00 0.000000000000000000e+00 0.000000000000000000e+00 0.000000000000000000e+00
2.689137211839664056e-04 0.000000000000000000e+00 0.000000000000000000e+00 4.178052221972642928e-06 1.542944196915083718e-03
0.000000000000000000e+00 0.000000000000000000e+00 0.000000000000000000e+00 0.000000000000000000e+00 0.000000000000000000e+00
3.128064095154980528e-03 0.000000000000000000e+00 3.539603979383852336e-03 1.114520389727735518e-04 1.124498480919015094e-04
6.600592223866130759e-02 0.000000000000000000e+00 6.639900239878736461e-03 8.685208379394113165e-03 0.000000000000000000e+00
1.184122665982740991e-01 0.000000000000000000e+00 2.225061234227788953e-02 4.904710196257113484e-04 0.000000000000000000e+00
1.047658983020704204e-01 2.461670719953227421e-02 5.936217049636474674e-02 0.000000000000000000e+00 0.000000000000000000e+00
3.666566165632443447e-02 7.037316316432390417e-02 9.781733829412458947e-02 1.158125702339513584e-02 4.526638192046673198e-03
0.000000000000000000e+00 1.010777397571661906e-01 8.353457493163138348e-02 4.842799989590834686e-02 5.386642996264170286e-02
0.000000000000000000e+00 4.917053664750157399e-02 5.651963911731752027e-02 9.121806298724004225e-02 8.971364967453664130e-02
0.000000000000000000e+00 1.723285494160984449e-02 1.976629161623116512e-02 7.375513084754807547e-02 1.082292443757176120e-01
2.299366095341752892e-03 0.000000000000000000e+00 0.000000000000000000e+00 6.836466190120485398e-02 7.566502076642543650e-02
5.523979637129671112e-03 0.000000000000000000e+00 0.000000000000000000e+00 3.020614779364756350e-02 2.152041561065015998e-02
0.000000000000000000e+00 8.018292323049194814e-03 0.000000000000000000e+00 0.000000000000000000e+00 4.271419352841613823e-03
0.000000000000000000e+00 9.786740644419778326e-03 5.179313473147569361e-04 0.000000000000000000e+00 2.906908366534467856e-03
0.000000000000000000e+00 5.262094949187929790e-03 2.006255888897590979e-04 0.000000000000000000e+00 1.099992022736062105e-03
0.000000000000000000e+00 0.000000000000000000e+00 0.000000000000000000e+00 3.385987118480626029e-02 7.548750735197249338e-03
0.000000000000000000e+00 1.644953016268549742e-02 0.000000000000000000e+00 9.024491503978221418e-02 5.750346136809168091e-02
0.000000000000000000e+00 3.554918694833780757e-02 0.000000000000000000e+00 1.077465179458781952e-01 9.679976012930273377e-02
0.000000000000000000e+00 8.160716738470748244e-02 2.920386876920793087e-02 6.982097867903019894e-02 9.117347263056579942e-02
5.160680140497722612e-02 8.008534219512036811e-02 7.869818686782184547e-02 1.737724912432102049e-03 4.624252475015426522e-02
9.233780352435627670e-02 2.260755706886343960e-02 9.388483655722770771e-02 0.000000000000000000e+00 0.000000000000000000e+00
9.938756816655584803e-02 0.000000000000000000e+00 4.939305460156426242e-02 0.000000000000000000e+00 0.000000000000000000e+00
4.064895820588361464e-02 0.000000000000000000e+00 1.368871089422360812e-02 3.827706023342888984e-03 0.000000000000000000e+00
0.000000000000000000e+00 1.840498145110602282e-05 7.127983921683241292e-05 8.571403516350154265e-04 0.000000000000000000e+00
0.000000000000000000e+00 1.187418158135878003e-05 4.598699304311772379e-05 5.529937752483970494e-04 0.000000000000000000e+00
0.000000000000000000e+00 0.000000000000000000e+00 0.000000000000000000e+00 0.000000000000000000e+00 0.000000000000000000e+00
0.000000000000000000e+00 0.000000000000000000e+00 0.000000000000000000e+00 0.000000000000000000e+00 0.000000000000000000e+00
0.000000000000000000e+00 0.000000000000000000e+00 0.000000000000000000e+00 0.000000000000000000e+00 0.000000000000000000e+00
0.000000000000000000e+00 0.000000000000000000e+00 0.000000000000000000e+00 0.000000000000000000e+00 0.000000000000000000e+00
0.000000000000000000e+00 0.000000000000000000e+00 0.000000000000000000e+00 0.000000000000000000e+00 0.000000000000000000e+00
5.547556594001956491e-03 0.000000000000000000e+00 3.930064272603693565e-03 8.479544058143003967e-05 0.000000000000000000e+00
7.700090638958227707e-02 0.000000000000000000e+00 1.774828435282321815e-02 9.028455851614264685e-03 0.000000000000000000e+00
1.194219625101651805e-01 0.000000000000000000e+00 4.749961996754333698e-02 0.000000000000000000e+00 0.000000000000000000e+00
8.070985522904761122e-02 3.662810603323538028e-02 9.134995108621472848e-02 0.000000000000000000e+00 5.699711411551607564e-03
2.205749890220244300e-02 9.331843369123660192e-02 9.058929642673017868e-02 1.708869654868803989e-02 3.994119022029305605e-02
0.000000000000000000e+00 8.821564121148824100e-02 6.200011181290825818e-02 7.571920940104319431e-02 7.614497325358578206e-02
0.000000000000000000e+00 2.730694131778764466e-02 2.702607910887273868e-02 1.022150439909236541e-01 9.450810909813767147e-02
0.000000000000000000e+00 2.111544726491288489e-03 0.000000000000000000e+00 8.218196058207870303e-02 7.587280342923179155e-02
5.794915786859998474e-03 0.000000000000000000e+00 0.000000000000000000e+00 4.966603047230556955e-02 2.340065812674610446e-02
5.490292364653854770e-03 0.000000000000000000e+00 0.000000000000000000e+00 1.413240242359176460e-02 8.060103108199878630e-03
0.000000000000000000e+00 2.489020174772127968e-03 0.000000000000000000e+00 0.000000000000000000e+00 9.084065122753553307e-04
0.000000000000000000e+00 2.711378984065971037e-03 4.320052350887920424e-05 0.000000000000000000e+00 8.307035846838823831e-04
7.296343073764162586e-04 0.000000000000000000e+00 0.000000000000000000e+00 1.540361545724617303e-05 7.638291532617885737e-03
1.761625104725988468e-03 0.000000000000000000e+00 0.000000000000000000e+00 3.347643009400891323e-02 3.725772270794542457e-02
0.000000000000000000e+00 1.231121292826823071e-03 0.000000000000000000e+00 8.296651991782780233e-02 8.647510604339647688e-02
0.000000000000000000e+00 2.605734548754826130e-02 0.000000000000000000e+00 1.095427231784208977e-01 9.986984492358563781e-02
0.000000000000000000e+00 6.763647525938618066e-02 6.144822807284966437e-02 7.388005448252632501e-02 6.531800678704295648e-02
3.546694407755947298e-02 7.602142780326920368e-02 9.936308628144205346e-02 2.189814437188609964e-03 1.119601957767953591e-02
9.035684676637620316e-02 2.281900226081788607e-02 8.783004730471712096e-02 0.000000000000000000e+00 0.000000000000000000e+00
1.126644197461367652e-01 0.000000000000000000e+00 3.375316494816098939e-02 0.000000000000000000e+00 0.000000000000000000e+00
5.633668697771391370e-02 0.000000000000000000e+00 5.511349161733458679e-03 4.150233464259214973e-03 0.000000000000000000e+00
0.000000000000000000e+00 0.000000000000000000e+00 0.000000000000000000e+00 0.000000000000000000e+00 0.000000000000000000e+00
0.000000000000000000e+00 0.000000000000000000e+00 0.000000000000000000e+00 0.000000000000000000e+00 0.000000000000000000e+00
0.000000000000000000e+00 0.000000000000000000e+00 0.000000000000000000e+00 0.000000000000000000e+00 0.000000000000000000e+00
0.000000000000000000e+00 0.000000000000000000e+00 0.000000000000000000e+00 0.000000000000000000e+00 0.000000000000000000e+00
0.000000000000000000e+00 0.000000000000000000e+00 0.000000000000000000e+00 0.000000000000000000e+00 0.000000000000000000e+00
0.000000000000000000e+00 0.000000000000000000e+00 0.000000000000000000e+00 0.000000000000000000e+00 0.000000000000000000e+00
0.000000000000000000e+00 0.000000000000000000e+00 0.000000000000000000e+00 0.000000000000000000e+00 0.000000000000000000e+00
5.959659436234612633e-03 0.000000000000000000e+00 4.127041398050994639e-03 1.608159032474064463e-04 0.000000000000000000e+00
7.782983767063912650e-02 0.000000000000000000e+00 4.379540660753532960e-02 3.446622637162931237e-03 0.000000000000000000e+00
1.066673035815377812e-01 0.000000000000000000e+00 7.985385574981261614e-02 0.000000000000000000e+00 4.787329092936149985e-03
7.110141888700322044e-02 4.217331162578667747e-02 9.705049143676992840e-02 0.000000000000000000e+00 3.286689335386669408e-02
1.425638794590618035e-02 1.027020790213422907e-01 7.318204723210663953e-02 3.413646607339658468e-02 7.469868707224283644e-02
0.000000000000000000e+00 8.010981077012116480e-02 3.189476919842371833e-02 9.450131202291554844e-02 8.797491523692356485e-02
0.000000000000000000e+00 2.408887256198974716e-02 3.943306076123942374e-04 1.032906534100889451e-01 7.925730329986645228e-02
0.000000000000000000e+00 0.000000000000000000e+00 0.000000000000000000e+00 6.753723449011518609e-02 3.164055075634233244e-02
1.844378565601453726e-03 0.000000000000000000e+00 0.000000000000000000e+00 2.723701310045405569e-02 7.401426226848931145e-03
6.822245491036819497e-04 0.000000000000000000e+00 0.000000000000000000e+00 3.366151479561701933e-03 6.239075881723083611e-03
0.000000000000000000e+00 0.000000000000000000e+00 0.000000000000000000e+00 0.000000000000000000e+00 0.000000000000000000e+00
7.264183632881991617e-05 3.492625573060855485e-05 0.000000000000000000e+00 0.000000000000000000e+00 8.637947174631468127e-04
2.785852685008784191e-03 0.000000000000000000e+00 0.000000000000000000e+00 0.000000000000000000e+00 2.766071412757147366e-02
4.342584545288277233e-03 0.000000000000000000e+00 0.000000000000000000e+00 3.386398671126312349e-02 7.155555474493761892e-02
0.000000000000000000e+00 0.000000000000000000e+00 0.000000000000000000e+00 9.405044468470878660e-02 9.657652951927896134e-02
0.000000000000000000e+00 1.076858508931269505e-02 3.485579872976684451e-02 1.181070417564918373e-01 7.869889334945184833e-02
0.000000000000000000e+00 6.945417028666288350e-02 9.242586435306901493e-02 6.950928851962086263e-02 3.026594039475498377e-02
3.610836563414362294e-02 6.682431397928577377e-02 1.080680925723852548e-01 0.000000000000000000e+00 0.000000000000000000e+00
8.641100128878871633e-02 2.663856395211020023e-02 6.525766739206620426e-02 0.000000000000000000e+00 0.000000000000000000e+00
1.148945019832577213e-01 0.000000000000000000e+00 1.484907954094154443e-02 0.000000000000000000e+00 0.000000000000000000e+00
6.620720299850410551e-02 0.000000000000000000e+00 0.000000000000000000e+00 3.049494545707649891e-03 1.957341443864136880e-03
0.000000000000000000e+00 0.000000000000000000e+00 0.000000000000000000e+00 0.000000000000000000e+00 0.000000000000000000e+00
0.000000000000000000e+00 0.000000000000000000e+00 0.000000000000000000e+00 0.000000000000000000e+00 0.000000000000000000e+00
0.000000000000000000e+00 0.000000000000000000e+00 0.000000000000000000e+00 0.000000000000000000e+00 0.000000000000000000e+00
0.000000000000000000e+00 0.000000000000000000e+00 0.000000000000000000e+00 0.000000000000000000e+00 0.000000000000000000e+00
0.000000000000000000e+00 0.000000000000000000e+00 0.000000000000000000e+00 0.000000000000000000e+00 0.000000000000000000e+00
0.000000000000000000e+00 0.000000000000000000e+00 0.000000000000000000e+00 0.000000000000000000e+00 0.000000000000000000e+00
0.000000000000000000e+00 0.000000000000000000e+00 0.000000000000000000e+00 0.000000000000000000e+00 0.000000000000000000e+00
5.591987241204761545e-03 0.000000000000000000e+00 1.061158901558410458e-02 2.332833394720387863e-04 0.000000000000000000e+00
7.004798134514533814e-02 0.000000000000000000e+00 6.943283715000696243e-02 0.000000000000000000e+00 0.000000000000000000e+00
9.727124306233511652e-02 0.000000000000000000e+00 9.086515399061154130e-02 0.000000000000000000e+00 3.531752876893726883e-02
6.825662081039707285e-02 4.815897613132642113e-02 8.701315979154956859e-02 6.303684373982067907e-03 7.142348424852966449e-02
2.080535742395510368e-02 9.455884860345997733e-02 4.752402308083621130e-02 5.621214826138642290e-02 9.017943485933591075e-02
0.000000000000000000e+00 7.118778551005636168e-02 4.412979716902992733e-03 1.085902520009188327e-01 7.817439688449881463e-02
0.000000000000000000e+00 2.022326684971313682e-02 0.000000000000000000e+00 1.057080179521944774e-01 2.866094433642961750e-02
0.000000000000000000e+00 0.000000000000000000e+00 0.000000000000000000e+00 5.212384469438949980e-02 3.946824912339409568e-03
1.092316033966397046e-03 0.000000000000000000e+00 0.000000000000000000e+00 1.631684750319464805e-02 3.766937645257307371e-03
5.486940331420931300e-05 0.000000000000000000e+00 0.000000000000000000e+00 1.076759016740976791e-04 3.240174430901659693e-04
1.054007906015040370e-04 1.716586680843832410e-04 0.000000000000000000e+00 0.000000000000000000e+00 2.060148274750228572e-03
1.913187596378454654e-03 4.971157880284068377e-05 0.000000000000000000e+00 0.000000000000000000e+00 2.192865474676586671e-02
6.821111741017262670e-03 0.000000000000000000e+00 0.000000000000000000e+00 7.094594665380821695e-03 6.645543562503435087e-02
8.790594736523741834e-03 0.000000000000000000e+00 0.000000000000000000e+00 5.521638856531511930e-02 9.706511790491567648e-02
0.000000000000000000e+00 0.000000000000000000e+00 2.333281119456825925e-02 1.172675570010631579e-01 7.856174089190268162e-02
0.000000000000000000e+00 1.078171724810367792e-02 7.783305302548111648e-02 1.171437830946122916e-01 4.169636291969111563e-02
0.000000000000000000e+00 7.754489017811816431e-02 1.112497726827149508e-01 5.064004606272184961e-02 0.000000000000000000e+00
4.101983655902866760e-02 6.955974241183321416e-02 9.741910884353381650e-02 0.000000000000000000e+00 0.000000000000000000e+00
8.641928298581692813e-02 3.321303582357699319e-02 3.600774656636997889e-02 0.000000000000000000e+00 0.000000000000000000e+00
1.091466029505102076e-01 0.000000000000000000e+00 0.000000000000000000e+00 0.000000000000000000e+00 2.614747130358534462e-03
6.662963767902173318e-02 0.000000000000000000e+00 0.000000000000000000e+00 2.325538087191438789e-03 4.805594444725898307e-03
0.000000000000000000e+00 0.000000000000000000e+00 0.000000000000000000e+00 0.000000000000000000e+00 0.000000000000000000e+00
0.000000000000000000e+00 0.000000000000000000e+00 0.000000000000000000e+00 0.000000000000000000e+00 0.000000000000000000e+00
0.000000000000000000e+00 0.000000000000000000e+00 0.000000000000000000e+00 0.000000000000000000e+00 0.000000000000000000e+00
0.000000000000000000e+00 0.000000000000000000e+00 0.000000000000000000e+00 0.000000000000000000e+00 0.000000000000000000e+00
0.000000000000000000e+00 0.000000000000000000e+00 0.000000000000000000e+00 0.000000000000000000e+00 0.000000000000000000e+00
0.000000000000000000e+00 0.000000000000000000e+00 0.000000000000000000e+00 0.000000000000000000e+00 0.000000000000000000e+00
0.000000000000000000e+00 0.000000000000000000e+00 0.000000000000000000e+00 0.000000000000000000e+00 0.000000000000000000e+00
1.281615126674452666e-03 0.000000000000000000e+00 2.763255142619912633e-02 0.000000000000000000e+00 1.587765738375598390e-03
5.539016918994400102e-02 0.000000000000000000e+00 8.579524953975523061e-02 0.000000000000000000e+00 1.062418796473798242e-02
8.815098010933972161e-02 0.000000000000000000e+00 9.472106709783123524e-02 0.000000000000000000e+00 6.137856027042275231e-02
8.101432920909297508e-02 4.378749576355916301e-02 7.117395721345505522e-02 1.271678744374992245e-02 9.170574725031679919e-02
3.550898549944810079e-02 9.040493939500403309e-02 2.510589180916319649e-02 6.833628063945811071e-02 9.179775329386238858e-02
1.541799570052759805e-02 6.740363279796607321e-02 0.000000000000000000e+00 1.155574068395891218e-01 3.962835541130494549e-02
0.000000000000000000e+00 2.551795259246980238e-02 0.000000000000000000e+00 9.431665910964943944e-02 1.102861650534740128e-03
0.000000000000000000e+00 5.276891898863725339e-03 0.000000000000000000e+00 4.058320884385430150e-02 5.031253578032153680e-03
0.000000000000000000e+00 2.656178276681395926e-04 0.000000000000000000e+00 1.023646255693259378e-02 2.977504927543181759e-03
3.135059289513143104e-04 3.576145338372741043e-04 0.000000000000000000e+00 0.000000000000000000e+00 5.365901494281341728e-03
2.831974539876306977e-03 0.000000000000000000e+00 0.000000000000000000e+00 0.000000000000000000e+00 3.229669461811703057e-02
5.688402455351908478e-03 0.000000000000000000e+00 0.000000000000000000e+00 4.175263344622907489e-04 6.700814692555605301e-02
9.136807310042816335e-03 0.000000000000000000e+00 0.000000000000000000e+00 4.096322366913029978e-02 9.813275021613659943e-02
3.942245219163426594e-03 0.000000000000000000e+00 2.157755784632308521e-02 8.440150291415837724e-02 8.729115277150015229e-02
0.000000000000000000e+00 0.000000000000000000e+00 8.200799345964226994e-02 1.315071162496040946e-01 3.849004671294511265e-02
0.000000000000000000e+00 3.602576776605510150e-02 1.104756902565918186e-01 9.649231882950520811e-02 2.862196382037018785e-03
0.000000000000000000e+00 9.111998396703269165e-02 1.063409029018055063e-01 1.606950047925814057e-02 0.000000000000000000e+00
4.013803765397517404e-02 7.416344709039497662e-02 5.981471692679809354e-02 0.000000000000000000e+00 0.000000000000000000e+00
9.048775130478148299e-02 2.953304775030623705e-02 9.522992874980571593e-03 0.000000000000000000e+00 5.528592331796585791e-04
1.025211292061330992e-01 0.000000000000000000e+00 0.000000000000000000e+00 0.000000000000000000e+00 2.928184818462430117e-03
6.093395730370227553e-02 0.000000000000000000e+00 0.000000000000000000e+00 1.730943988153246923e-03 5.275303568053567142e-03
0.000000000000000000e+00 0.000000000000000000e+00 0.000000000000000000e+00 0.000000000000000000e+00 0.000000000000000000e+00
0.000000000000000000e+00 0.000000000000000000e+00 0.000000000000000000e+00 0.000000000000000000e+00 0.000000000000000000e+00
0.000000000000000000e+00 0.000000000000000000e+00 0.000000000000000000e+00 0.000000000000000000e+00 0.000000000000000000e+00
0.000000000000000000e+00 0.000000000000000000e+00 0.000000000000000000e+00 0.000000000000000000e+00 0.000000000000000000e+00
0.000000000000000000e+00 0.000000000000000000e+00 0.000000000000000000e+00 0.000000000000000000e+00 0.000000000000000000e+00
0.000000000000000000e+00 0.000000000000000000e+00 0.000000000000000000e+00 0.000000000000000000e+00 0.000000000000000000e+00
0.000000000000000000e+00 0.000000000000000000e+00 0.000000000000000000e+00 0.000000000000000000e+00 0.000000000000000000e+00
0.000000000000000000e+00 0.000000000000000000e+00 3.730728505294845371e-02 0.000000000000000000e+00 1.153443644727942391e-02
2.722511078068375404e-02 0.000000000000000000e+00 8.487030017853501584e-02 0.000000000000000000e+00 3.848671230540948868e-02
7.266388315746460935e-02 4.060733161468568081e-03 9.122112949986344033e-02 0.000000000000000000e+00 8.467393795944309909e-02
8.552420681347759623e-02 4.138026630043229598e-02 6.020594397198926473e-02 2.133061505099067071e-02 1.005647626332335093e-01
6.127101589159129891e-02 7.672585381516128233e-02 1.510996984005905097e-02 7.779803755115875796e-02 6.445875183906006611e-02
4.625248827725953610e-02 5.443877916525742544e-02 0.000000000000000000e+00 1.176381529887546157e-01 0.000000000000000000e+00
2.541027501212343720e-02 1.826742254421922715e-02 0.000000000000000000e+00 9.663021846921565627e-02 0.000000000000000000e+00
1.169110136073516978e-02 8.889297482887167966e-04 0.000000000000000000e+00 4.417901536357561609e-02 2.545430808916009265e-03
1.306276340241181461e-03 0.000000000000000000e+00 0.000000000000000000e+00 9.442793991060316819e-03 2.055287518087985446e-02
3.221745169994747696e-03 0.000000000000000000e+00 0.000000000000000000e+00 0.000000000000000000e+00 4.682706926183117374e-02
6.924840449913101381e-03 0.000000000000000000e+00 0.000000000000000000e+00 4.354800512939693141e-03 7.394200121045192697e-02
8.873356699523314919e-03 0.000000000000000000e+00 0.000000000000000000e+00 3.694665141327806157e-02 9.515143186358628047e-02
6.932285745495022321e-03 0.000000000000000000e+00 3.272069004380930013e-02 8.446532801918657518e-02 8.140624899162327011e-02
0.000000000000000000e+00 0.000000000000000000e+00 8.112126551031179078e-02 1.252014409816577245e-01 4.311043396119675769e-02
0.000000000000000000e+00 0.000000000000000000e+00 1.144590263545084835e-01 1.184152703052658157e-01 2.673900465879186245e-03
0.000000000000000000e+00 7.065478575750538948e-02 1.088363473860803343e-01 6.044593932300781902e-02 0.000000000000000000e+00
1.431927119103796470e-02 9.627656629265264610e-02 6.790958599170103527e-02 0.000000000000000000e+00 0.000000000000000000e+00
6.724697116819977616e-02 6.060753835619231422e-02 1.839082886965123093e-02 0.000000000000000000e+00 0.000000000000000000e+00
1.000329803012031810e-01 1.178581153579569447e-02 0.000000000000000000e+00 0.000000000000000000e+00 1.159222461647079622e-03
8.533395189736472930e-02 0.000000000000000000e+00 0.000000000000000000e+00 1.036473724669185982e-03 6.886217193868857632e-03
4.455934481030360272e-02 0.000000000000000000e+00 0.000000000000000000e+00 4.040386047632161214e-03 3.409875610503350276e-03
2.203799145954846508e-03 1.935315254390694117e-04 0.000000000000000000e+00 1.698379929382779255e-04 2.100959974132987770e-04
0.000000000000000000e+00 0.000000000000000000e+00 0.000000000000000000e+00 0.000000000000000000e+00 0.000000000000000000e+00
0.000000000000000000e+00 0.000000000000000000e+00 0.000000000000000000e+00 0.000000000000000000e+00 0.000000000000000000e+00
0.000000000000000000e+00 0.000000000000000000e+00 0.000000000000000000e+00 0.000000000000000000e+00 0.000000000000000000e+00
0.000000000000000000e+00 0.000000000000000000e+00 0.000000000000000000e+00 0.000000000000000000e+00 0.000000000000000000e+00
0.000000000000000000e+00 0.000000000000000000e+00 0.000000000000000000e+00 0.000000000000000000e+00 0.000000000000000000e+00
0.000000000000000000e+00 0.000000000000000000e+00 0.000000000000000000e+00 0.000000000000000000e+00 0.000000000000000000e+00
0.000000000000000000e+00 0.000000000000000000e+00 3.869517747936512125e-02 0.000000000000000000e+00 1.818638007515059954e-02
8.715026035785439565e-03 0.000000000000000000e+00 7.631122705105429505e-02 0.000000000000000000e+00 6.075792103771265190e-02
5.649193226602963053e-02 7.526206996428809817e-03 8.542354397585459613e-02 0.000000000000000000e+00 9.894259339996075431e-02
8.055330948118705203e-02 3.044820270412987306e-02 6.554296340518526998e-02 1.785806470327313059e-02 8.917938362099596394e-02
8.180265207675201100e-02 6.272724581350101747e-02 3.286981922856020005e-02 7.441036151067112470e-02 2.270333868729500215e-02
7.428353440638793548e-02 4.805612532269417508e-02 7.845851507966261976e-03 1.169956944247436958e-01 0.000000000000000000e+00
6.571254054459035876e-02 9.857198277076133913e-03 0.000000000000000000e+00 1.140184888024483034e-01 0.000000000000000000e+00
5.223904121792216637e-02 0.000000000000000000e+00 0.000000000000000000e+00 7.209788696227314997e-02 3.018439312476261377e-02
3.562481390726380398e-02 0.000000000000000000e+00 0.000000000000000000e+00 3.338549145410049657e-02 5.961125813388541000e-02
2.073760171107108183e-02 0.000000000000000000e+00 4.590866359732979386e-03 2.403734726398356128e-02 8.080965091768263497e-02
1.384903328143765114e-02 0.000000000000000000e+00 1.874601015230877021e-02 4.846181509521931691e-02 9.621367760833965388e-02
1.005776366427308180e-02 0.000000000000000000e+00 4.451497465519847069e-02 9.826183349919014043e-02 6.715458637817098286e-02
0.000000000000000000e+00 0.000000000000000000e+00 9.607280405915405441e-02 1.160273199123992016e-01 2.980918056152118481e-02
0.000000000000000000e+00 0.000000000000000000e+00 1.157574761713332095e-01 1.200328007175008593e-01 0.000000000000000000e+00
0.000000000000000000e+00 4.885702965863530922e-02 1.072211217809915379e-01 8.369814440485080775e-02 0.000000000000000000e+00
7.069017544185474816e-03 1.078629126430695473e-01 7.118181057755122720e-02 9.279070692428430939e-03 0.000000000000000000e+00
4.822184948362277790e-02 9.162322922201700248e-02 2.179956425723304086e-02 0.000000000000000000e+00 0.000000000000000000e+00
9.250177149506427776e-02 3.752487313965489207e-02 2.377644821181844250e-03 0.000000000000000000e+00 0.000000000000000000e+00
9.260291355610296427e-02 1.356357624126591213e-03 0.000000000000000000e+00 0.000000000000000000e+00 5.249841655601267601e-03
7.041289017491295099e-02 0.000000000000000000e+00 0.000000000000000000e+00 0.000000000000000000e+00 8.706627741219427619e-03
2.176205038120854196e-02 0.000000000000000000e+00 0.000000000000000000e+00 9.003737283971521583e-04 2.300246195534551806e-03
1.298128264055595270e-03 1.139980218339727556e-04 0.000000000000000000e+00 1.000415574841911209e-04 1.237551765585183177e-04
0.000000000000000000e+00 0.000000000000000000e+00 0.000000000000000000e+00 0.000000000000000000e+00 0.000000000000000000e+00
0.000000000000000000e+00 0.000000000000000000e+00 0.000000000000000000e+00 0.000000000000000000e+00 0.000000000000000000e+00
0.000000000000000000e+00 0.000000000000000000e+00 0.000000000000000000e+00 0.000000000000000000e+00 0.000000000000000000e+00
0.000000000000000000e+00 0.000000000000000000e+00 0.000000000000000000e+00 0.000000000000000000e+00 0.000000000000000000e+00
0.000000000000000000e+00 0.000000000000000000e+00 0.000000000000000000e+00 0.000000000000000000e+00 0.000000000000000000e+00
0.000000000000000000e+00 0.000000000000000000e+00 0.000000000000000000e+00 0.000000000000000000e+00 0.000000000000000000e+00
0.000000000000000000e+00 0.000000000000000000e+00 3.423991123636994927e-02 0.000000000000000000e+00 2.976843571466151334e-02
0.000000000000000000e+00 5.424113926677079410e-04 5.800235198652560487e-02 0.000000000000000000e+00 7.480590446121540560e-02
2.258512449845913317e-02 5.109444609868158890e-03 8.040199700149358586e-02 0.000000000000000000e+00 1.106760107325367171e-01
5.435697887567915443e-02 2.403808369001477624e-02 8.178692178274195312e-02 6.441475695700498404e-03 7.293838620691565910e-02
7.853516795541423678e-02 5.092961161141852655e-02 6.059175174288646687e-02 5.457157743802931726e-02 2.417703487598773723e-02
9.031724274777375161e-02 4.216161540289646570e-02 3.306975500229116655e-02 1.004274396516992574e-01 1.151466768138198482e-02
8.912603569769071699e-02 7.495888445169512394e-03 2.871366178636306291e-02 1.157669738621685679e-01 2.649749445423523614e-02
8.173450057615795628e-02 0.000000000000000000e+00 2.830960027345042623e-02 1.133541665815054333e-01 4.940195262902452589e-02
7.802384517232832661e-02 0.000000000000000000e+00 4.349809195168760634e-02 9.916207149937504572e-02 6.576618935923123077e-02
7.212220576689419571e-02 0.000000000000000000e+00 5.913387610636821473e-02 1.047014643402628953e-01 6.813112069699392426e-02
5.512151603972757080e-02 0.000000000000000000e+00 7.947996084467567890e-02 1.181856426833336193e-01 4.858233644391320161e-02
3.973940546943410812e-02 0.000000000000000000e+00 9.828136213240780406e-02 1.272080132873860403e-01 2.334271639084493227e-02
1.440530639941871131e-02 0.000000000000000000e+00 1.126477889004238453e-01 1.149096872098786526e-01 0.000000000000000000e+00
1.473747856439788784e-02 4.816332139507131099e-02 9.948010695403908255e-02 9.241693530013368740e-02 0.000000000000000000e+00
3.288757217700923052e-02 9.179938912215800106e-02 6.011651753797438852e-02 2.913806185748269925e-02 0.000000000000000000e+00
5.874950027995181484e-02 9.567786260174843127e-02 1.182588742631046283e-02 0.000000000000000000e+00 0.000000000000000000e+00
9.296293386060736075e-02 6.143434218401893493e-02 0.000000000000000000e+00 0.000000000000000000e+00 9.784650952571792917e-04
9.533953074298653907e-02 1.198050630879381184e-02 0.000000000000000000e+00 0.000000000000000000e+00 4.851207370953963469e-03
8.182614475396698950e-02 0.000000000000000000e+00 0.000000000000000000e+00 3.232682372529419924e-04 7.837809512984695789e-03
3.937789873615089864e-02 0.000000000000000000e+00 0.000000000000000000e+00 1.446270524491360000e-03 4.403079836935102666e-03
4.620267104201969920e-03 6.593091372487845615e-04 0.000000000000000000e+00 1.101948919736664054e-04 6.117355861607139036e-04
0.000000000000000000e+00 3.740367198127960872e-05 1.448590280858206734e-04 1.741930392032450597e-03 0.000000000000000000e+00
0.000000000000000000e+00 8.549410738578368783e-05 3.311063499104468198e-04 3.981555181788457888e-03 0.000000000000000000e+00
0.000000000000000000e+00 0.000000000000000000e+00 0.000000000000000000e+00 0.000000000000000000e+00 0.000000000000000000e+00
0.000000000000000000e+00 0.000000000000000000e+00 0.000000000000000000e+00 0.000000000000000000e+00 0.000000000000000000e+00
0.000000000000000000e+00 0.000000000000000000e+00 0.000000000000000000e+00 0.000000000000000000e+00 0.000000000000000000e+00
0.000000000000000000e+00 0.000000000000000000e+00 0.000000000000000000e+00 0.000000000000000000e+00 0.000000000000000000e+00
0.000000000000000000e+00 0.000000000000000000e+00 0.000000000000000000e+00 0.000000000000000000e+00 0.000000000000000000e+00
0.000000000000000000e+00 0.000000000000000000e+00 2.422993679782726312e-02 0.000000000000000000e+00 2.425730042504512310e-02
0.000000000000000000e+00 0.000000000000000000e+00 3.609831328090435526e-02 0.000000000000000000e+00 9.021090036791613864e-02
0.000000000000000000e+00 3.127855449227126116e-03 6.129051513207312701e-02 0.000000000000000000e+00 1.162678440621080639e-01
1.740353848282799251e-02 2.183445628712970751e-02 8.851334996271646716e-02 0.000000000000000000e+00 9.809096564663156992e-02
4.123524911301768014e-02 5.097415555156636913e-02 9.206484114569964128e-02 1.169917707424491041e-02 7.371332775042044316e-02
5.833319653378184894e-02 5.653204550169665943e-02 8.090227523076123917e-02 6.143818415225708179e-02 6.996502460973563764e-02
8.261645157701655307e-02 3.250098262065816146e-02 7.299157386933659286e-02 1.005736793019677139e-01 6.477552247698445398e-02
8.960628318264905745e-02 0.000000000000000000e+00 7.899234397621635040e-02 1.192930950228674042e-01 5.916159890339782457e-02
8.373065619435718365e-02 0.000000000000000000e+00 8.623887053288920024e-02 1.219478823760942188e-01 5.114290349046542172e-02
7.882803348832453927e-02 0.000000000000000000e+00 9.481584349228559805e-02 1.293491634116200606e-01 2.976685300186188501e-02
6.575604413802760284e-02 0.000000000000000000e+00 1.040474933206256003e-01 1.235749689441381222e-01 8.100119384795094468e-03
5.391302329696295165e-02 1.632187749408251648e-02 1.044049698744105859e-01 1.151095015262009608e-01 0.000000000000000000e+00
5.422548186608324577e-02 5.769091826310972226e-02 7.677968178021379875e-02 9.629164059795956854e-02 0.000000000000000000e+00
6.222896270588834655e-02 9.370039041777571132e-02 3.665172172271854989e-02 5.003768811430042013e-02 0.000000000000000000e+00
7.505462422422751190e-02 1.007816469265167547e-01 1.055014404430881531e-03 1.289489661773375031e-03 0.000000000000000000e+00
9.399129004008940913e-02 6.595126280782587225e-02 0.000000000000000000e+00 0.000000000000000000e+00 5.121122901143440771e-03
9.622955764536911261e-02 2.732311899633719024e-02 0.000000000000000000e+00 0.000000000000000000e+00 9.094309315421903947e-03
8.020067164195428255e-02 5.563305856363047041e-04 0.000000000000000000e+00 0.000000000000000000e+00 9.559999954516779433e-03
4.511716950576274282e-02 0.000000000000000000e+00 0.000000000000000000e+00 9.464671002547323485e-04 5.277909367484887905e-03
1.089559000357927764e-02 1.421924839672208474e-03 0.000000000000000000e+00 2.175606868510270063e-04 1.429737523768160722e-03
3.350982263027231251e-03 2.942739633388591022e-04 0.000000000000000000e+00 2.582468111801213451e-04 3.194610371626859023e-04
0.000000000000000000e+00 6.471428961840578636e-05 2.506291120849912335e-04 3.013816075103762510e-03 0.000000000000000000e+00
0.000000000000000000e+00 1.490209788460527217e-04 5.771367626911269545e-04 6.940071879367380910e-03 0.000000000000000000e+00
0.000000000000000000e+00 0.000000000000000000e+00 0.000000000000000000e+00 0.000000000000000000e+00 0.000000000000000000e+00
0.000000000000000000e+00 0.000000000000000000e+00 0.000000000000000000e+00 0.000000000000000000e+00 0.000000000000000000e+00
0.000000000000000000e+00 0.000000000000000000e+00 0.000000000000000000e+00 0.000000000000000000e+00 0.000000000000000000e+00
0.000000000000000000e+00 0.000000000000000000e+00 0.000000000000000000e+00 0.000000000000000000e+00 0.000000000000000000e+00
0.000000000000000000e+00 0.000000000000000000e+00 0.000000000000000000e+00 0.000000000000000000e+00 0.000000000000000000e+00
0.000000000000000000e+00 0.000000000000000000e+00 1.109013321219593298e-02 0.000000000000000000e+00 2.089072731573106759e-02
0.000000000000000000e+00 0.000000000000000000e+00 1.922613798818294251e-02 0.000000000000000000e+00 7.445456617050560943e-02
0.000000000000000000e+00 0.000000000000000000e+00 3.270582443332677169e-02 0.000000000000000000e+00 1.122629247207927450e-01
0.000000000000000000e+00 1.935454413962154827e-02 6.016513497417452089e-02 0.000000000000000000e+00 1.054411052174614172e-01
0.000000000000000000e+00 4.630981246775651983e-02 8.276041106191543706e-02 0.000000000000000000e+00 9.081566483152700431e-02
2.128867184028709891e-02 6.657667586038559793e-02 8.764614017061257700e-02 1.098703657829608847e-02 8.460891262418931968e-02
3.727434526749250077e-02 7.852390796841250686e-02 8.769141331161742214e-02 5.285724522475061804e-02 6.598608638495198631e-02
5.263124310650468818e-02 7.304012930864263453e-02 8.504947043706802268e-02 8.262803947628211132e-02 4.716355257149394686e-02
6.557995747668021735e-02 4.902662285057374225e-02 8.689396382803957208e-02 1.023126274456775120e-01 2.791991207547871168e-02
7.206112035107414826e-02 5.115987029309599504e-02 8.236224359157040542e-02 1.008550402384082584e-01 3.354379770297637089e-03
7.212871335642569159e-02 7.366417238391025080e-02 6.354178649560350556e-02 8.880928514789530881e-02 0.000000000000000000e+00
7.445063035866968104e-02 9.015596764083873282e-02 4.255728902303721611e-02 7.410260564087703394e-02 0.000000000000000000e+00
7.920461533533706966e-02 1.073736219258374230e-01 7.286832742095092005e-03 3.416948442447734213e-02 0.000000000000000000e+00
8.795578266553780167e-02 9.113658679993384693e-02 0.000000000000000000e+00 2.763799398678040611e-03 0.000000000000000000e+00
9.004548144711572999e-02 5.824573659404221754e-02 0.000000000000000000e+00 0.000000000000000000e+00 8.212948299753299736e-03
8.564376413959592926e-02 3.522337434363656539e-02 0.000000000000000000e+00 0.000000000000000000e+00 1.065548712135228407e-02
6.566427965562408875e-02 1.036953640056026589e-02 0.000000000000000000e+00 0.000000000000000000e+00 9.716956040648485129e-03
3.730296588597340618e-02 0.000000000000000000e+00 0.000000000000000000e+00 1.602711868546697824e-03 3.953759003989990028e-03
1.254124204253526109e-02 0.000000000000000000e+00 0.000000000000000000e+00 2.038909766038235222e-03 5.795672698153337202e-04
4.528354409496262696e-04 3.976675180254864655e-05 0.000000000000000000e+00 3.489821772704344296e-05 4.317041042739013477e-05
3.320793233630592463e-04 2.916228465520227168e-05 0.000000000000000000e+00 2.559202633316521003e-05 3.165830098008607670e-05
0.000000000000000000e+00 3.680996290221204563e-05 1.425596784336648258e-04 1.714280703270030853e-03 0.000000000000000000e+00
0.000000000000000000e+00 8.430668922764693535e-05 3.265076506061353415e-04 3.926255804263619267e-03 0.000000000000000000e+00
0.000000000000000000e+00 0.000000000000000000e+00 0.000000000000000000e+00 0.000000000000000000e+00 0.000000000000000000e+00
0.000000000000000000e+00 0.000000000000000000e+00 0.000000000000000000e+00 0.000000000000000000e+00 0.000000000000000000e+00
0.000000000000000000e+00 0.000000000000000000e+00 0.000000000000000000e+00 0.000000000000000000e+00 0.000000000000000000e+00
0.000000000000000000e+00 0.000000000000000000e+00 0.000000000000000000e+00 0.000000000000000000e+00 0.000000000000000000e+00
0.000000000000000000e+00 0.000000000000000000e+00 0.000000000000000000e+00 0.000000000000000000e+00 0.000000000000000000e+00
4.245943714386511930e-04 0.000000000000000000e+00 0.000000000000000000e+00 2.124631723212271409e-04 6.382235643957132401e-03
0.000000000000000000e+00 0.000000000000000000e+00 0.000000000000000000e+00 0.000000000000000000e+00 3.549001065481189460e-02
0.000000000000000000e+00 5.027382840621841611e-03 3.038079764690539575e-03 0.000000000000000000e+00 6.238195492372375361e-02
0.000000000000000000e+00 1.305861720594435164e-02 1.557801683906336575e-02 0.000000000000000000e+00 8.362516501958884574e-02
0.000000000000000000e+00 3.270261135800418828e-02 4.025079986506110291e-02 0.000000000000000000e+00 8.189390202226994042e-02
0.000000000000000000e+00 6.033635967607970524e-02 5.239843893967321281e-02 0.000000000000000000e+00 7.255993356794718241e-02
0.000000000000000000e+00 8.063146606257673432e-02 5.661950670242080902e-02 8.930537891954470897e-03 5.589668107493939858e-02
0.000000000000000000e+00 1.097735449487142190e-01 5.167984593341900384e-02 2.703309873632484331e-02 3.576800547811090358e-02
9.099758569949515860e-03 1.282137448333630914e-01 3.685900172238362749e-02 3.725290930990696886e-02 1.145653396587467850e-02
3.553507059433893417e-02 1.334278678244749938e-01 1.249946770371526857e-02 3.425171080997762435e-02 3.871497486014524093e-04
4.679874441409379721e-02 1.324358170609440388e-01 0.000000000000000000e+00 2.342439520110512971e-02 0.000000000000000000e+00
5.645965527918975213e-02 1.169122529330488824e-01 0.000000000000000000e+00 1.143333312859399478e-03 3.937952400686635553e-03
5.069558732295351838e-02 8.747721891191431731e-02 0.000000000000000000e+00 0.000000000000000000e+00 1.010726946165387691e-02
4.752831646721342174e-02 6.118566769408080586e-02 0.000000000000000000e+00 0.000000000000000000e+00 1.204902501426883404e-02
4.130858964395121846e-02 3.976036939423987365e-02 0.000000000000000000e+00 0.000000000000000000e+00 9.474957952068981809e-03
3.152235798184280235e-02 1.715828814861347640e-02 0.000000000000000000e+00 0.000000000000000000e+00 6.934542255536514828e-03
1.977108876078507646e-02 9.086567605920302035e-04 0.000000000000000000e+00 3.401035879767813240e-04 2.669998290871304723e-03
5.747466246030615705e-03 0.000000000000000000e+00 0.000000000000000000e+00 1.059558816595240803e-03 1.658042635537020017e-04
2.429994432149476351e-03 4.596640981109327036e-05 0.000000000000000000e+00 2.844262697791263969e-04 1.752561996221965030e-04
0.000000000000000000e+00 0.000000000000000000e+00 0.000000000000000000e+00 0.000000000000000000e+00 0.000000000000000000e+00
0.000000000000000000e+00 0.000000000000000000e+00 0.000000000000000000e+00 0.000000000000000000e+00 0.000000000000000000e+00
0.000000000000000000e+00 0.000000000000000000e+00 0.000000000000000000e+00 0.000000000000000000e+00 0.000000000000000000e+00
0.000000000000000000e+00 0.000000000000000000e+00 0.000000000000000000e+00 0.000000000000000000e+00 0.000000000000000000e+00
0.000000000000000000e+00 0.000000000000000000e+00 0.000000000000000000e+00 0.000000000000000000e+00 0.000000000000000000e+00
0.000000000000000000e+00 0.000000000000000000e+00 0.000000000000000000e+00 0.000000000000000000e+00 0.000000000000000000e+00
0.000000000000000000e+00 0.000000000000000000e+00 0.000000000000000000e+00 0.000000000000000000e+00 0.000000000000000000e+00
0.000000000000000000e+00 0.000000000000000000e+00 0.000000000000000000e+00 0.000000000000000000e+00 0.000000000000000000e+00
0.000000000000000000e+00 0.000000000000000000e+00 0.000000000000000000e+00 0.000000000000000000e+00 0.000000000000000000e+00
0.000000000000000000e+00 0.000000000000000000e+00 0.000000000000000000e+00 0.000000000000000000e+00 0.000000000000000000e+00
0.000000000000000000e+00 0.000000000000000000e+00 0.000000000000000000e+00 0.000000000000000000e+00 0.000000000000000000e+00
0.000000000000000000e+00 3.047479872432316567e-03 1.536538573851768945e-04 0.000000000000000000e+00 7.834865511503017344e-04
0.000000000000000000e+00 1.935364373734940052e-02 9.183289823903071714e-04 0.000000000000000000e+00 5.033600087425925060e-03
0.000000000000000000e+00 2.018930177468269277e-02 8.747736172082246553e-04 0.000000000000000000e+00 5.257193255932117795e-03
0.000000000000000000e+00 2.835019617774270362e-02 2.926893429724752383e-04 0.000000000000000000e+00 7.115700637621781739e-03
0.000000000000000000e+00 4.012297944356595786e-02 0.000000000000000000e+00 0.000000000000000000e+00 9.555051992623265003e-03
0.000000000000000000e+00 5.957671920210320937e-02 0.000000000000000000e+00 0.000000000000000000e+00 1.134434299877277660e-02
0.000000000000000000e+00 7.283383049527854258e-02 0.000000000000000000e+00 0.000000000000000000e+00 9.144993503619174707e-03
0.000000000000000000e+00 7.676792774932546248e-02 0.000000000000000000e+00 0.000000000000000000e+00 8.336051825591151571e-03
0.000000000000000000e+00 7.563399234809900507e-02 0.000000000000000000e+00 0.000000000000000000e+00 7.467537841570012248e-03
0.000000000000000000e+00 5.365882836792320448e-02 0.000000000000000000e+00 0.000000000000000000e+00 5.824631719681350357e-03
2.667413672674530216e-03 3.301048488201906855e-02 0.000000000000000000e+00 0.000000000000000000e+00 4.567357467994794147e-03
5.051900161684589989e-03 1.951523054914744773e-02 0.000000000000000000e+00 0.000000000000000000e+00 3.926817208001245549e-03
3.548266813467742392e-03 8.229358072803050900e-03 0.000000000000000000e+00 0.000000000000000000e+00 2.517929968396230306e-03
1.172763727617326260e-03 2.885448790509450960e-03 0.000000000000000000e+00 0.000000000000000000e+00 9.465758712715238504e-04
0.000000000000000000e+00 0.000000000000000000e+00 0.000000000000000000e+00 0.000000000000000000e+00 0.000000000000000000e+00
0.000000000000000000e+00 0.000000000000000000e+00 0.000000000000000000e+00 0.000000000000000000e+00 0.000000000000000000e+00
0.000000000000000000e+00 0.000000000000000000e+00 0.000000000000000000e+00 0.000000000000000000e+00 0.000000000000000000e+00
0.000000000000000000e+00 0.000000000000000000e+00 0.000000000000000000e+00 0.000000000000000000e+00 0.000000000000000000e+00
0.000000000000000000e+00 0.000000000000000000e+00 0.000000000000000000e+00 0.000000000000000000e+00 0.000000000000000000e+00
0.000000000000000000e+00 0.000000000000000000e+00 0.000000000000000000e+00 0.000000000000000000e+00 0.000000000000000000e+00
0.000000000000000000e+00 0.000000000000000000e+00 0.000000000000000000e+00 0.000000000000000000e+00 0.000000000000000000e+00
0.000000000000000000e+00 0.000000000000000000e+00 0.000000000000000000e+00 0.000000000000000000e+00 0.000000000000000000e+00
0.000000000000000000e+00 0.000000000000000000e+00 0.000000000000000000e+00 0.000000000000000000e+00 0.000000000000000000e+00
0.000000000000000000e+00 0.000000000000000000e+00 0.000000000000000000e+00 0.000000000000000000e+00 0.000000000000000000e+00
0.000000000000000000e+00 0.000000000000000000e+00 0.000000000000000000e+00 0.000000000000000000e+00 0.000000000000000000e+00
0.000000000000000000e+00 0.000000000000000000e+00 0.000000000000000000e+00 0.000000000000000000e+00 0.000000000000000000e+00
0.000000000000000000e+00 0.000000000000000000e+00 0.000000000000000000e+00 0.000000000000000000e+00 0.000000000000000000e+00
0.000000000000000000e+00 0.000000000000000000e+00 0.000000000000000000e+00 0.000000000000000000e+00 0.000000000000000000e+00
0.000000000000000000e+00 0.000000000000000000e+00 0.000000000000000000e+00 0.000000000000000000e+00 0.000000000000000000e+00
0.000000000000000000e+00 0.000000000000000000e+00 0.000000000000000000e+00 0.000000000000000000e+00 0.000000000000000000e+00
0.000000000000000000e+00 0.000000000000000000e+00 0.000000000000000000e+00 0.000000000000000000e+00 0.000000000000000000e+00
0.000000000000000000e+00 0.000000000000000000e+00 0.000000000000000000e+00 0.000000000000000000e+00 0.000000000000000000e+00
0.000000000000000000e+00 0.000000000000000000e+00 0.000000000000000000e+00 0.000000000000000000e+00 0.000000000000000000e+00
0.000000000000000000e+00 0.000000000000000000e+00 0.000000000000000000e+00 0.000000000000000000e+00 0.000000000000000000e+00
0.000000000000000000e+00 0.000000000000000000e+00 0.000000000000000000e+00 0.000000000000000000e+00 0.000000000000000000e+00
0.000000000000000000e+00 0.000000000000000000e+00 0.000000000000000000e+00 0.000000000000000000e+00 0.000000000000000000e+00
0.000000000000000000e+00 0.000000000000000000e+00 0.000000000000000000e+00 0.000000000000000000e+00 0.000000000000000000e+00
0.000000000000000000e+00 0.000000000000000000e+00 0.000000000000000000e+00 0.000000000000000000e+00 0.000000000000000000e+00
0.000000000000000000e+00 0.000000000000000000e+00 0.000000000000000000e+00 0.000000000000000000e+00 0.000000000000000000e+00
0.000000000000000000e+00 0.000000000000000000e+00 0.000000000000000000e+00 0.000000000000000000e+00 0.000000000000000000e+00
0.000000000000000000e+00 0.000000000000000000e+00 0.000000000000000000e+00 0.000000000000000000e+00 0.000000000000000000e+00
0.000000000000000000e+00 0.000000000000000000e+00 0.000000000000000000e+00 0.000000000000000000e+00 0.000000000000000000e+00
0.000000000000000000e+00 0.000000000000000000e+00 0.000000000000000000e+00 0.000000000000000000e+00 0.000000000000000000e+00
0.000000000000000000e+00 0.000000000000000000e+00 0.000000000000000000e+00 0.000000000000000000e+00 0.000000000000000000e+00
0.000000000000000000e+00 0.000000000000000000e+00 0.000000000000000000e+00 0.000000000000000000e+00 0.000000000000000000e+00
0.000000000000000000e+00 0.000000000000000000e+00 0.000000000000000000e+00 0.000000000000000000e+00 0.000000000000000000e+00
0.000000000000000000e+00 0.000000000000000000e+00 0.000000000000000000e+00 0.000000000000000000e+00 0.000000000000000000e+00
0.000000000000000000e+00 0.000000000000000000e+00 0.000000000000000000e+00 0.000000000000000000e+00 0.000000000000000000e+00
0.000000000000000000e+00 0.000000000000000000e+00 0.000000000000000000e+00 0.000000000000000000e+00 0.000000000000000000e+00
0.000000000000000000e+00 0.000000000000000000e+00 0.000000000000000000e+00 0.000000000000000000e+00 0.000000000000000000e+00
0.000000000000000000e+00 0.000000000000000000e+00 0.000000000000000000e+00 0.000000000000000000e+00 0.000000000000000000e+00
0.000000000000000000e+00 0.000000000000000000e+00 0.000000000000000000e+00 0.000000000000000000e+00 0.000000000000000000e+00
0.000000000000000000e+00 0.000000000000000000e+00 0.000000000000000000e+00 0.000000000000000000e+00 0.000000000000000000e+00
0.000000000000000000e+00 0.000000000000000000e+00 0.000000000000000000e+00 0.000000000000000000e+00 0.000000000000000000e+00
0.000000000000000000e+00 0.000000000000000000e+00 0.000000000000000000e+00 0.000000000000000000e+00 0.000000000000000000e+00
0.000000000000000000e+00 0.000000000000000000e+00 0.000000000000000000e+00 0.000000000000000000e+00 0.000000000000000000e+00
0.000000000000000000e+00 0.000000000000000000e+00 0.000000000000000000e+00 0.000000000000000000e+00 0.000000000000000000e+00
0.000000000000000000e+00 0.000000000000000000e+00 0.000000000000000000e+00 0.000000000000000000e+00 0.000000000000000000e+00
0.000000000000000000e+00 0.000000000000000000e+00 0.000000000000000000e+00 0.000000000000000000e+00 0.000000000000000000e+00
0.000000000000000000e+00 0.000000000000000000e+00 0.000000000000000000e+00 0.000000000000000000e+00 0.000000000000000000e+00
0.000000000000000000e+00 0.000000000000000000e+00 0.000000000000000000e+00 0.000000000000000000e+00 0.000000000000000000e+00
0.000000000000000000e+00 0.000000000000000000e+00 0.000000000000000000e+00 0.000000000000000000e+00 0.000000000000000000e+00
0.000000000000000000e+00 0.000000000000000000e+00 0.000000000000000000e+00 0.000000000000000000e+00 0.000000000000000000e+00
0.000000000000000000e+00 0.000000000000000000e+00 0.000000000000000000e+00 0.000000000000000000e+00 0.000000000000000000e+00
0.000000000000000000e+00 0.000000000000000000e+00 0.000000000000000000e+00 0.000000000000000000e+00 0.000000000000000000e+00
0.000000000000000000e+00 0.000000000000000000e+00 0.000000000000000000e+00 0.000000000000000000e+00 0.000000000000000000e+00
0.000000000000000000e+00 0.000000000000000000e+00 0.000000000000000000e+00 0.000000000000000000e+00 0.000000000000000000e+00
0.000000000000000000e+00 0.000000000000000000e+00 0.000000000000000000e+00 0.000000000000000000e+00 0.000000000000000000e+00
0.000000000000000000e+00 0.000000000000000000e+00 0.000000000000000000e+00 0.000000000000000000e+00 0.000000000000000000e+00
0.000000000000000000e+00 0.000000000000000000e+00 0.000000000000000000e+00 0.000000000000000000e+00 0.000000000000000000e+00
0.000000000000000000e+00 0.000000000000000000e+00 0.000000000000000000e+00 0.000000000000000000e+00 0.000000000000000000e+00
0.000000000000000000e+00 0.000000000000000000e+00 0.000000000000000000e+00 0.000000000000000000e+00 0.000000000000000000e+00
0.000000000000000000e+00 0.000000000000000000e+00 0.000000000000000000e+00 0.000000000000000000e+00 0.000000000000000000e+00
0.000000000000000000e+00 0.000000000000000000e+00 0.000000000000000000e+00 0.000000000000000000e+00 0.000000000000000000e+00
0.000000000000000000e+00 0.000000000000000000e+00 0.000000000000000000e+00 0.000000000000000000e+00 0.000000000000000000e+00
0.000000000000000000e+00 0.000000000000000000e+00 0.000000000000000000e+00 0.000000000000000000e+00 0.000000000000000000e+00
0.000000000000000000e+00 0.000000000000000000e+00 0.000000000000000000e+00 0.000000000000000000e+00 0.000000000000000000e+00
0.000000000000000000e+00 0.000000000000000000e+00 0.000000000000000000e+00 0.000000000000000000e+00 0.000000000000000000e+00
0.000000000000000000e+00 0.000000000000000000e+00 0.000000000000000000e+00 0.000000000000000000e+00 0.000000000000000000e+00
0.000000000000000000e+00 0.000000000000000000e+00 0.000000000000000000e+00 0.000000000000000000e+00 0.000000000000000000e+00
0.000000000000000000e+00 0.000000000000000000e+00 0.000000000000000000e+00 0.000000000000000000e+00 0.000000000000000000e+00
0.000000000000000000e+00 0.000000000000000000e+00 0.000000000000000000e+00 0.000000000000000000e+00 0.000000000000000000e+00
0.000000000000000000e+00 0.000000000000000000e+00 0.000000000000000000e+00 0.000000000000000000e+00 0.000000000000000000e+00
0.000000000000000000e+00 0.000000000000000000e+00 0.000000000000000000e+00 0.000000000000000000e+00 0.000000000000000000e+00
0.000000000000000000e+00 0.000000000000000000e+00 0.000000000000000000e+00 0.000000000000000000e+00 0.000000000000000000e+00
0.000000000000000000e+00 0.000000000000000000e+00 0.000000000000000000e+00 0.000000000000000000e+00 0.000000000000000000e+00
0.000000000000000000e+00 0.000000000000000000e+00 0.000000000000000000e+00 0.000000000000000000e+00 0.000000000000000000e+00
0.000000000000000000e+00 0.000000000000000000e+00 0.000000000000000000e+00 0.000000000000000000e+00 0.000000000000000000e+00
0.000000000000000000e+00 0.000000000000000000e+00 0.000000000000000000e+00 0.000000000000000000e+00 0.000000000000000000e+00
0.000000000000000000e+00 0.000000000000000000e+00 0.000000000000000000e+00 0.000000000000000000e+00 0.000000000000000000e+00
0.000000000000000000e+00 0.000000000000000000e+00 0.000000000000000000e+00 0.000000000000000000e+00 0.000000000000000000e+00
0.000000000000000000e+00 0.000000000000000000e+00 0.000000000000000000e+00 0.000000000000000000e+00 0.000000000000000000e+00
0.000000000000000000e+00 0.000000000000000000e+00 0.000000000000000000e+00 0.000000000000000000e+00 0.000000000000000000e+00
0.000000000000000000e+00 0.000000000000000000e+00 0.000000000000000000e+00 0.000000000000000000e+00 0.000000000000000000e+00
0.000000000000000000e+00 0.000000000000000000e+00 0.000000000000000000e+00 0.000000000000000000e+00 0.000000000000000000e+00
0.000000000000000000e+00 0.000000000000000000e+00 0.000000000000000000e+00 0.000000000000000000e+00 0.000000000000000000e+00
0.000000000000000000e+00 0.000000000000000000e+00 0.000000000000000000e+00 0.000000000000000000e+00 0.000000000000000000e+00
0.000000000000000000e+00 0.000000000000000000e+00 0.000000000000000000e+00 0.000000000000000000e+00 0.000000000000000000e+00
0.000000000000000000e+00 0.000000000000000000e+00 0.000000000000000000e+00 0.000000000000000000e+00 0.000000000000000000e+00
0.000000000000000000e+00 0.000000000000000000e+00 0.000000000000000000e+00 0.000000000000000000e+00 0.000000000000000000e+00
0.000000000000000000e+00 0.000000000000000000e+00 0.000000000000000000e+00 0.000000000000000000e+00 0.000000000000000000e+00
0.000000000000000000e+00 0.000000000000000000e+00 0.000000000000000000e+00 0.000000000000000000e+00 0.000000000000000000e+00
0.000000000000000000e+00 0.000000000000000000e+00 0.000000000000000000e+00 0.000000000000000000e+00 0.000000000000000000e+00
0.000000000000000000e+00 0.000000000000000000e+00 0.000000000000000000e+00 0.000000000000000000e+00 0.000000000000000000e+00
0.000000000000000000e+00 0.000000000000000000e+00 0.000000000000000000e+00 0.000000000000000000e+00 0.000000000000000000e+00
0.000000000000000000e+00 0.000000000000000000e+00 0.000000000000000000e+00 0.000000000000000000e+00 0.000000000000000000e+00
