109.9319953918457
0.000000000000000000e+00 0.000000000000000000e+00 0.000000000000000000e+00 0.000000000000000000e+00 0.000000000000000000e+00
0.000000000000000000e+00 0.000000000000000000e+00 0.000000000000000000e+00 0.000000000000000000e+00 0.000000000000000000e+00
0.000000000000000000e+00 0.000000000000000000e+00 0.000000000000000000e+00 0.000000000000000000e+00 0.000000000000000000e+00
0.000000000000000000e+00 0.000000000000000000e+00 0.000000000000000000e+00 0.000000000000000000e+00 0.000000000000000000e+00
0.000000000000000000e+00 0.000000000000000000e+00 0.000000000000000000e+00 0.000000000000000000e+00 0.000000000000000000e+00
0.000000000000000000e+00 0.000000000000000000e+00 0.000000000000000000e+00 0.000000000000000000e+00 0.000000000000000000e+00
0.000000000000000000e+00 0.000000000000000000e+00 0.000000000000000000e+00 0.000000000000000000e+00 0.000000000000000000e+00
0.000000000000000000e+00 0.000000000000000000e+00 0.000000000000000000e+00 0.000000000000000000e+00 0.000000000000000000e+00
0.000000000000000000e+00 0.000000000000000000e+00 0.000000000000000000e+00 0.000000000000000000e+00 0.000000000000000000e+00
0.000000000000000000e+00 0.000000000000000000e+00 0.000000000000000000e+00 0.000000000000000000e+00 0.000000000000000000e+00
0.000000000000000000e+00 0.000000000000000000e+00 0.000000000000000000e+00 0.000000000000000000e+00 0.000000000000000000e+00
0.000000000000000000e+00 0.000000000000000000e+00 0.000000000000000000e+00 0.000000000000000000e+00 0.000000000000000000e+00
0.000000000000000000e+00 0.000000000000000000e+00 0.000000000000000000e+00 0.000000000000000000e+00 0.000000000000000000e+00
0.000000000000000000e+00 0.000000000000000000e+00 0.000000000000000000e+00 0.000000000000000000e+00 0.000000000000000000e+00
0.000000000000000000e+00 0.000000000000000000e+00 0.000000000000000000e+00 0.000000000000000000e+00 0.000000000000000000e+00
0.000000000000000000e+00 0.000000000000000000e+00 0.000000000000000000e+00 0.000000000000000000e+00 0.000000000000000000e+00
0.000000000000000000e+00 0.000000000000000000e+00 0.000000000000000000e+00 0.000000000000000000e+00 0.000000000000000000e+00
0.000000000000000000e+00 0.000000000000000000e+00 0.000000000000000000e+00 0.000000000000000000e+00 0.000000000000000000e+00
0.000000000000000000e+00 0.000000000000000000e+00 0.000000000000000000e+00 0.000000000000000000e+00 0.000000000000000000e+00
0.000000000000000000e+00 0.000000000000000000e+00 0.000000000000000000e+00 0.000000000000000000e+00 0.000000000000000000e+00
0.000000000000000000e+00 0.000000000000000000e+00 0.000000000000000000e+00 0.000000000000000000e+00 0.000000000000000000e+00
0.000000000000000000e+00 0.000000000000000000e+00 0.000000000000000000e+00 0.000000000000000000e+00 0.000000000000000000e+00
0.000000000000000000e+00 0.000000000000000000e+00 0.000000000000000000e+00 0.000000000000000000e+00 0.000000000000000000e+00
0.000000000000000000e+00 0.000000000000000000e+00 0.000000000000000000e+00 0.000000000000000000e+00 0.000000000000000000e+00
0.000000000000000000e+00 0.000000000000000000e+00 0.000000000000000000e+00 0.000000000000000000e+00 0.000000000000000000e+00
0.000000000000000000e+00 0.000000000000000000e+00 0.000000000000000000e+00 0.000000000000000000e+00 0.000000000000000000e+00
0.000000000000000000e+00 0.000000000000000000e+00 0.000000000000000000e+00 0.000000000000000000e+00 0.000000000000000000e+00
0.000000000000000000e+00 0.000000000000000000e+00 0.000000000000000000e+00 0.000000000000000000e+00 0.000000000000000000e+00
0.000000000000000000e+00 0.000000000000000000e+00 0.000000000000000000e+00 0.000000000000000000e+00 0.000000000000000000e+00
0.000000000000000000e+00 0.000000000000000000e+00 0.000000000000000000e+00 0.000000000000000000e+00 0.000000000000000000e+00
0.000000000000000000e+00 0.000000000000000000e+00 0.000000000000000000e+00 0.000000000000000000e+00 0.000000000000000000e+00
0.000000000000000000e+00 0.000000000000000000e+00 0.000000000000000000e+00 0.000000000000000000e+00 0.000000000000000000e+00
0.000000000000000000e+00 0.000000000000000000e+00 0.000000000000000000e+00 0.000000000000000000e+00 0.000000000000000000e+00
0.000000000000000000e+00 0.000000000000000000e+00 0.000000000000000000e+00 0.000000000000000000e+00 0.000000000000000000e+00
0.000000000000000000e+00 0.000000000000000000e+00 0.000000000000000000e+00 0.000000000000000000e+00 0.000000000000000000e+00
0.000000000000000000e+00 0.000000000000000000e+00 0.000000000000000000e+00 0.000000000000000000e+00 0.000000000000000000e+00
0.000000000000000000e+00 0.000000000000000000e+00 0.000000000000000000e+00 0.000000000000000000e+00 0.000000000000000000e+00
0.000000000000000000e+00 0.000000000000000000e+00 0.000000000000000000e+00 0.000000000000000000e+00 0.000000000000000000e+00
0.000000000000000000e+00 0.000000000000000000e+00 0.000000000000000000e+00 0.000000000000000000e+00 0.000000000000000000e+00
0.000000000000000000e+00 0.000000000000000000e+00 0.000000000000000000e+00 0.000000000000000000e+00 0.000000000000000000e+00
0.000000000000000000e+00 0.000000000000000000e+00 0.000000000000000000e+00 0.000000000000000000e+00 0.000000000000000000e+00
0.000000000000000000e+00 0.000000000000000000e+00 0.000000000000000000e+00 0.000000000000000000e+00 0.000000000000000000e+00
0.000000000000000000e+00 0.000000000000000000e+00 0.000000000000000000e+00 0.000000000000000000e+00 0.000000000000000000e+00
1.270555702319718124e-05 2.816808875505848392e-05 6.527626519863783880e-04 0.000000000000000000e+00 0.000000000000000000e+00
3.472852253007250499e-05 7.699277593049384534e-05 1.784217915429433046e-03 0.000000000000000000e+00 0.000000000000000000e+00
1.651722413015615739e-05 3.661851538157583666e-05 8.485914475822930536e-04 0.000000000000000000e+00 0.000000000000000000e+00
0.000000000000000000e+00 0.000000000000000000e+00 0.000000000000000000e+00 0.000000000000000000e+00 0.000000000000000000e+00
0.000000000000000000e+00 0.000000000000000000e+00 0.000000000000000000e+00 0.000000000000000000e+00 0.000000000000000000e+00
0.000000000000000000e+00 0.000000000000000000e+00 0.000000000000000000e+00 0.000000000000000000e+00 0.000000000000000000e+00
0.000000000000000000e+00 0.000000000000000000e+00 0.000000000000000000e+00 0.000000000000000000e+00 0.000000000000000000e+00
0.000000000000000000e+00 0.000000000000000000e+00 0.000000000000000000e+00 0.000000000000000000e+00 0.000000000000000000e+00
0.000000000000000000e+00 0.000000000000000000e+00 0.000000000000000000e+00 0.000000000000000000e+00 0.000000000000000000e+00
0.000000000000000000e+00 0.000000000000000000e+00 0.000000000000000000e+00 0.000000000000000000e+00 0.000000000000000000e+00
0.000000000000000000e+00 0.000000000000000000e+00 0.000000000000000000e+00 0.000000000000000000e+00 0.000000000000000000e+00
0.000000000000000000e+00 0.000000000000000000e+00 0.000000000000000000e+00 0.000000000000000000e+00 0.000000000000000000e+00
0.000000000000000000e+00 0.000000000000000000e+00 0.000000000000000000e+00 0.000000000000000000e+00 0.000000000000000000e+00
0.000000000000000000e+00 0.000000000000000000e+00 0.000000000000000000e+00 0.000000000000000000e+00 0.000000000000000000e+00
0.000000000000000000e+00 0.000000000000000000e+00 0.000000000000000000e+00 0.000000000000000000e+00 0.000000000000000000e+00
0.000000000000000000e+00 0.000000000000000000e+00 0.000000000000000000e+00 0.000000000000000000e+00 0.000000000000000000e+00
0.000000000000000000e+00 0.000000000000000000e+00 0.000000000000000000e+00 0.000000000000000000e+00 0.000000000000000000e+00
0.000000000000000000e+00 0.000000000000000000e+00 0.000000000000000000e+00 0.000000000000000000e+00 0.000000000000000000e+00
0.000000000000000000e+00 0.000000000000000000e+00 0.000000000000000000e+00 0.000000000000000000e+00 0.000000000000000000e+00
0.000000000000000000e+00 0.000000000000000000e+00 0.000000000000000000e+00 0.000000000000000000e+00 0.000000000000000000e+00
0.000000000000000000e+00 0.000000000000000000e+00 0.000000000000000000e+00 0.000000000000000000e+00 0.000000000000000000e+00
0.000000000000000000e+00 0.000000000000000000e+00 0.000000000000000000e+00 0.000000000000000000e+00 0.000000000000000000e+00
0.000000000000000000e+00 0.000000000000000000e+00 0.000000000000000000e+00 0.000000000000000000e+00 0.000000000000000000e+00
0.000000000000000000e+00 0.000000000000000000e+00 0.000000000000000000e+00 0.000000000000000000e+00 0.000000000000000000e+00
0.000000000000000000e+00 0.000000000000000000e+00 0.000000000000000000e+00 0.000000000000000000e+00 0.000000000000000000e+00
0.000000000000000000e+00 0.000000000000000000e+00 0.000000000000000000e+00 0.000000000000000000e+00 0.000000000000000000e+00
0.000000000000000000e+00 0.000000000000000000e+00 0.000000000000000000e+00 0.000000000000000000e+00 0.000000000000000000e+00
0.000000000000000000e+00 0.000000000000000000e+00 0.000000000000000000e+00 0.000000000000000000e+00 0.000000000000000000e+00
0.000000000000000000e+00 0.000000000000000000e+00 0.000000000000000000e+00 0.000000000000000000e+00 0.000000000000000000e+00
6.352778511598590618e-06 1.408404437752924196e-05 3.263813259931891940e-04 0.000000000000000000e+00 0.000000000000000000e+00
2.823457116266029887e-07 6.259575278901840918e-07 1.450583671080841212e-05 0.000000000000000000e+00 0.000000000000000000e+00
0.000000000000000000e+00 0.000000000000000000e+00 0.000000000000000000e+00 0.000000000000000000e+00 0.000000000000000000e+00
0.000000000000000000e+00 0.000000000000000000e+00 0.000000000000000000e+00 0.000000000000000000e+00 0.000000000000000000e+00
0.000000000000000000e+00 0.000000000000000000e+00 0.000000000000000000e+00 0.000000000000000000e+00 0.000000000000000000e+00
0.000000000000000000e+00 0.000000000000000000e+00 0.000000000000000000e+00 0.000000000000000000e+00 0.000000000000000000e+00
0.000000000000000000e+00 0.000000000000000000e+00 0.000000000000000000e+00 0.000000000000000000e+00 0.000000000000000000e+00
0.000000000000000000e+00 0.000000000000000000e+00 0.000000000000000000e+00 0.000000000000000000e+00 0.000000000000000000e+00
0.000000000000000000e+00 0.000000000000000000e+00 0.000000000000000000e+00 0.000000000000000000e+00 0.000000000000000000e+00
0.000000000000000000e+00 0.000000000000000000e+00 0.000000000000000000e+00 0.000000000000000000e+00 0.000000000000000000e+00
0.000000000000000000e+00 0.000000000000000000e+00 0.000000000000000000e+00 0.000000000000000000e+00 0.000000000000000000e+00
0.000000000000000000e+00 0.000000000000000000e+00 0.000000000000000000e+00 0.000000000000000000e+00 0.000000000000000000e+00
0.000000000000000000e+00 0.000000000000000000e+00 0.000000000000000000e+00 0.000000000000000000e+00 0.000000000000000000e+00
0.000000000000000000e+00 0.000000000000000000e+00 0.000000000000000000e+00 0.000000000000000000e+00 0.000000000000000000e+00
0.000000000000000000e+00 0.000000000000000000e+00 0.000000000000000000e+00 0.000000000000000000e+00 0.000000000000000000e+00
0.000000000000000000e+00 0.000000000000000000e+00 0.000000000000000000e+00 0.000000000000000000e+00 0.000000000000000000e+00
0.000000000000000000e+00 1.150061184733801301e-04 0.000000000000000000e+00 0.000000000000000000e+00 1.998598558477429209e-04
0.000000000000000000e+00 3.030890413933876710e-04 0.000000000000000000e+00 0.000000000000000000e+00 5.267139950987403301e-04
0.000000000000000000e+00 3.030890413933876710e-04 0.000000000000000000e+00 0.000000000000000000e+00 5.267139950987403301e-04
0.000000000000000000e+00 1.090162164695583169e-04 0.000000000000000000e+00 0.000000000000000000e+00 1.894504883556734430e-04
0.000000000000000000e+00 0.000000000000000000e+00 0.000000000000000000e+00 0.000000000000000000e+00 0.000000000000000000e+00
6.383909340682111803e-06 4.384586021111919656e-06 1.418022980810454622e-06 0.000000000000000000e+00 0.000000000000000000e+00
3.332373670535526537e-04 1.913503833667620172e-04 5.882072614499533225e-05 0.000000000000000000e+00 0.000000000000000000e+00
8.940021641670312840e-04 8.120356769780615134e-04 0.000000000000000000e+00 0.000000000000000000e+00 2.848344104091933690e-04
1.663851698916428900e-03 2.042642408456660317e-03 1.557274590626683261e-05 0.000000000000000000e+00 1.413118338680039842e-03
2.037272660142885362e-03 3.739109216931297153e-03 8.642199295012189956e-04 0.000000000000000000e+00 2.277626430846078475e-03
5.159883894904919357e-04 3.759369044729601785e-03 0.000000000000000000e+00 0.000000000000000000e+00 3.240082102781474335e-03
0.000000000000000000e+00 4.036129961854472217e-03 8.715569903233507786e-04 0.000000000000000000e+00 3.785291259459562865e-03
0.000000000000000000e+00 3.580977046843835613e-03 1.953248331564366551e-03 0.000000000000000000e+00 2.071388264637587847e-03
0.000000000000000000e+00 2.653294973491125003e-03 3.423335232156927369e-03 0.000000000000000000e+00 9.592711616126873555e-04
0.000000000000000000e+00 4.977903467761505630e-04 3.368418539362109856e-03 1.446279813006916748e-03 0.000000000000000000e+00
0.000000000000000000e+00 0.000000000000000000e+00 3.269736578298325976e-03 2.511662005564344134e-03 0.000000000000000000e+00
0.000000000000000000e+00 0.000000000000000000e+00 1.334845763337048170e-03 1.412399028766431457e-03 0.000000000000000000e+00
0.000000000000000000e+00 0.000000000000000000e+00 7.364009179159836300e-05 2.010050753327590237e-04 0.000000000000000000e+00
0.000000000000000000e+00 0.000000000000000000e+00 0.000000000000000000e+00 0.000000000000000000e+00 0.000000000000000000e+00
0.000000000000000000e+00 0.000000000000000000e+00 0.000000000000000000e+00 0.000000000000000000e+00 0.000000000000000000e+00
0.000000000000000000e+00 0.000000000000000000e+00 0.000000000000000000e+00 0.000000000000000000e+00 0.000000000000000000e+00
0.000000000000000000e+00 0.000000000000000000e+00 0.000000000000000000e+00 0.000000000000000000e+00 0.000000000000000000e+00
0.000000000000000000e+00 0.000000000000000000e+00 0.000000000000000000e+00 0.000000000000000000e+00 0.000000000000000000e+00
0.000000000000000000e+00 0.000000000000000000e+00 0.000000000000000000e+00 0.000000000000000000e+00 0.000000000000000000e+00
0.000000000000000000e+00 0.000000000000000000e+00 0.000000000000000000e+00 0.000000000000000000e+00 0.000000000000000000e+00
0.000000000000000000e+00 0.000000000000000000e+00 0.000000000000000000e+00 0.000000000000000000e+00 0.000000000000000000e+00
0.000000000000000000e+00 0.000000000000000000e+00 0.000000000000000000e+00 0.000000000000000000e+00 0.000000000000000000e+00
0.000000000000000000e+00 0.000000000000000000e+00 0.000000000000000000e+00 0.000000000000000000e+00 0.000000000000000000e+00
1.168266048823335347e-04 1.753933171229362544e-05 0.000000000000000000e+00 9.718445257502583256e-05 1.293285151882689777e-04
1.248626046566176677e-05 7.087108191162618345e-05 0.000000000000000000e+00 0.000000000000000000e+00 1.531686635239467729e-04
0.000000000000000000e+00 1.020604885577599576e-04 0.000000000000000000e+00 0.000000000000000000e+00 1.534326772685488645e-04
2.729871200712329386e-04 2.094238733125789950e-04 5.148094767211242972e-05 0.000000000000000000e+00 2.251068913593845327e-04
1.300900886394624166e-03 2.759987829026889225e-04 6.068678997453629334e-04 0.000000000000000000e+00 3.518610151816520758e-04
5.920242310297689492e-03 0.000000000000000000e+00 5.115524728567901521e-04 0.000000000000000000e+00 3.822235344533988577e-04
1.526005049467919414e-02 2.235999028061609909e-04 2.144985151546257608e-03 0.000000000000000000e+00 1.201604981202592697e-03
2.743268179248890826e-02 1.902135431178618311e-04 8.928759990494675083e-04 0.000000000000000000e+00 5.570889084468090384e-03
4.167695340465267517e-02 0.000000000000000000e+00 1.907467000855555790e-03 0.000000000000000000e+00 1.705175160439138804e-02
4.197325011266186262e-02 1.189045153510739396e-03 2.598147730748974656e-03 0.000000000000000000e+00 3.689475139878340554e-02
3.269914834706571377e-02 1.899537321876819656e-03 3.625219265175414450e-03 0.000000000000000000e+00 5.587950932949396071e-02
1.738977214217442627e-02 3.095880214502470546e-03 6.477171876964945424e-03 0.000000000000000000e+00 6.507871722321184604e-02
3.527580612114525078e-03 1.753857474942581733e-03 6.758883602822522187e-03 1.210064766954258193e-02 5.680948696076021376e-02
0.000000000000000000e+00 6.026772141432676019e-04 9.488358029304321678e-03 4.068442270061093519e-02 3.642063487758714219e-02
0.000000000000000000e+00 0.000000000000000000e+00 7.238784498573397688e-03 5.635192040945170150e-02 1.608562941040114422e-02
0.000000000000000000e+00 0.000000000000000000e+00 6.078642049880669460e-03 5.956401561915878468e-02 5.221776509021509426e-04
0.000000000000000000e+00 0.000000000000000000e+00 5.499141569274705425e-03 4.754396897625241120e-02 0.000000000000000000e+00
0.000000000000000000e+00 0.000000000000000000e+00 3.886990051958540224e-03 2.837338755157244388e-02 0.000000000000000000e+00
0.000000000000000000e+00 0.000000000000000000e+00 2.400333470788639130e-03 1.149026702416714590e-02 0.000000000000000000e+00
0.000000000000000000e+00 0.000000000000000000e+00 7.614409897528397458e-04 3.426712612772289234e-03 0.000000000000000000e+00
0.000000000000000000e+00 0.000000000000000000e+00 1.352050793620824479e-04 6.714974430793965894e-04 0.000000000000000000e+00
0.000000000000000000e+00 0.000000000000000000e+00 0.000000000000000000e+00 0.000000000000000000e+00 0.000000000000000000e+00
0.000000000000000000e+00 0.000000000000000000e+00 0.000000000000000000e+00 0.000000000000000000e+00 0.000000000000000000e+00
0.000000000000000000e+00 0.000000000000000000e+00 0.000000000000000000e+00 0.000000000000000000e+00 0.000000000000000000e+00
0.000000000000000000e+00 0.000000000000000000e+00 0.000000000000000000e+00 0.000000000000000000e+00 0.000000000000000000e+00
0.000000000000000000e+00 0.000000000000000000e+00 0.000000000000000000e+00 0.000000000000000000e+00 0.000000000000000000e+00
0.000000000000000000e+00 0.000000000000000000e+00 0.000000000000000000e+00 0.000000000000000000e+00 0.000000000000000000e+00
4.060943616899325566e-06 0.000000000000000000e+00 1.676562715829244457e-05 1.205591617419144671e-04 0.000000000000000000e+00
0.000000000000000000e+00 0.000000000000000000e+00 0.000000000000000000e+00 0.000000000000000000e+00 0.000000000000000000e+00
0.000000000000000000e+00 0.000000000000000000e+00 0.000000000000000000e+00 0.000000000000000000e+00 0.000000000000000000e+00
2.284709212264438287e-04 3.421678251602384020e-05 0.000000000000000000e+00 0.000000000000000000e+00 3.230810940470829796e-05
2.538363649881907047e-03 1.798022020141467410e-04 7.436486410971091757e-04 0.000000000000000000e+00 1.186068382703857999e-04
8.695792939302294730e-03 0.000000000000000000e+00 1.625209048614715407e-03 0.000000000000000000e+00 0.000000000000000000e+00
2.576513986544014950e-02 0.000000000000000000e+00 2.627029731268082889e-03 0.000000000000000000e+00 4.182348295073190828e-04
5.343373814432369334e-02 0.000000000000000000e+00 2.574914014628098408e-03 0.000000000000000000e+00 4.943329211596339187e-03
8.094403533387613259e-02 0.000000000000000000e+00 0.000000000000000000e+00 0.000000000000000000e+00 2.165711612540518680e-02
9.031785082070156734e-02 0.000000000000000000e+00 0.000000000000000000e+00 0.000000000000000000e+00 5.189978447350768881e-02
8.938278336601658547e-02 2.217755118372050516e-03 9.505840912292651138e-04 0.000000000000000000e+00 8.542048880497643548e-02
7.732729351184479405e-02 2.163830196395833457e-03 5.176973414720501508e-03 0.000000000000000000e+00 1.081582670556849451e-01
6.178102007912981974e-02 0.000000000000000000e+00 6.104318394702179865e-03 2.017340993996255549e-02 1.121088251658959867e-01
4.124135324893709459e-02 0.000000000000000000e+00 7.907081573749108819e-03 6.378112122625881342e-02 9.939585587796133381e-02
2.158091919408491530e-02 0.000000000000000000e+00 5.279799065118604036e-03 1.039597585952497932e-01 7.155466325431407426e-02
6.301230580396863928e-03 0.000000000000000000e+00 2.684289226089915745e-03 1.267672203036555867e-01 3.817663413976006559e-02
0.000000000000000000e+00 0.000000000000000000e+00 0.000000000000000000e+00 1.271760836551214524e-01 9.138580937394842618e-03
0.000000000000000000e+00 6.788231155392401243e-04 0.000000000000000000e+00 1.029046362215294969e-01 0.000000000000000000e+00
0.000000000000000000e+00 2.463323449315684387e-03 0.000000000000000000e+00 6.675066150196386217e-02 0.000000000000000000e+00
0.000000000000000000e+00 4.638217108627585260e-03 0.000000000000000000e+00 3.009920381951666432e-02 0.000000000000000000e+00
0.000000000000000000e+00 1.731820139608566044e-03 1.906440182514284308e-04 9.794861387746380335e-03 0.000000000000000000e+00
0.000000000000000000e+00 0.000000000000000000e+00 2.802826068930157929e-04 1.539331409179774601e-03 0.000000000000000000e+00
0.000000000000000000e+00 0.000000000000000000e+00 0.000000000000000000e+00 0.000000000000000000e+00 0.000000000000000000e+00
0.000000000000000000e+00 0.000000000000000000e+00 0.000000000000000000e+00 0.000000000000000000e+00 0.000000000000000000e+00
0.000000000000000000e+00 0.000000000000000000e+00 0.000000000000000000e+00 0.000000000000000000e+00 0.000000000000000000e+00
0.000000000000000000e+00 0.000000000000000000e+00 0.000000000000000000e+00 0.000000000000000000e+00 0.000000000000000000e+00
0.000000000000000000e+00 0.000000000000000000e+00 0.000000000000000000e+00 0.000000000000000000e+00 0.000000000000000000e+00
0.000000000000000000e+00 0.000000000000000000e+00 0.000000000000000000e+00 0.000000000000000000e+00 0.000000000000000000e+00
0.000000000000000000e+00 0.000000000000000000e+00 0.000000000000000000e+00 0.000000000000000000e+00 0.000000000000000000e+00
1.103098535801187816e-04 0.000000000000000000e+00 2.496679287959115666e-04 8.325114931226491042e-05 0.000000000000000000e+00
6.430499300270389176e-04 0.000000000000000000e+00 5.584000270494576514e-05 1.520180697877012869e-05 0.000000000000000000e+00
2.505139133602582533e-03 0.000000000000000000e+00 5.375022046608138272e-04 0.000000000000000000e+00 0.000000000000000000e+00
6.442238456939743292e-03 0.000000000000000000e+00 1.044877877586600874e-03 0.000000000000000000e+00 0.000000000000000000e+00
2.599679050631514832e-02 0.000000000000000000e+00 2.571082061124508808e-03 0.000000000000000000e+00 0.000000000000000000e+00
6.624016794217892079e-02 0.000000000000000000e+00 5.528573613322736516e-03 0.000000000000000000e+00 4.353630323155113497e-04
1.039049444025205299e-01 0.000000000000000000e+00 1.950696129683342217e-03 0.000000000000000000e+00 1.663715936888294361e-02
1.158667315460292085e-01 5.590353810703839292e-03 0.000000000000000000e+00 0.000000000000000000e+00 5.329565586513733411e-02
1.061678174403302005e-01 1.637541936350330948e-02 0.000000000000000000e+00 0.000000000000000000e+00 9.002747673992281263e-02
8.947434960360434175e-02 2.583601254352925827e-02 0.000000000000000000e+00 0.000000000000000000e+00 1.114522699976783909e-01
7.569356119238382363e-02 2.982999544183138549e-02 9.327510274128631915e-03 2.621767126779331325e-02 1.110301758680514728e-01
7.357792881019495357e-02 2.859436046224064776e-02 3.033393558833524795e-02 5.849579867203840572e-02 9.641367690533979296e-02
6.872821491873408462e-02 2.062914535123895610e-02 3.636522303872000150e-02 8.446370028333240187e-02 8.653942381045938437e-02
5.280530820662063252e-02 1.742841765381264452e-02 3.005151009276381749e-02 1.038884570916649014e-01 7.582552869175181176e-02
3.210966142336776907e-02 1.789631558793396138e-02 1.378676178621050623e-02 1.246589196896628338e-01 5.918641057490802576e-02
1.833257480359972574e-02 1.459246128102695619e-02 0.000000000000000000e+00 1.465655355410243887e-01 2.840835591344811548e-02
4.673459721364743580e-03 1.746140296339437556e-02 0.000000000000000000e+00 1.393594254088504902e-01 2.476034846387690190e-03
0.000000000000000000e+00 1.755440521375817298e-02 0.000000000000000000e+00 1.030986912852677323e-01 0.000000000000000000e+00
0.000000000000000000e+00 1.383638780980151958e-02 0.000000000000000000e+00 5.618747146600902576e-02 0.000000000000000000e+00
0.000000000000000000e+00 7.154823473371936526e-03 0.000000000000000000e+00 1.938839981492112424e-02 0.000000000000000000e+00
0.000000000000000000e+00 1.194689413112261494e-03 0.000000000000000000e+00 2.330504588010510678e-03 0.000000000000000000e+00
0.000000000000000000e+00 0.000000000000000000e+00 0.000000000000000000e+00 0.000000000000000000e+00 0.000000000000000000e+00
0.000000000000000000e+00 0.000000000000000000e+00 0.000000000000000000e+00 0.000000000000000000e+00 0.000000000000000000e+00
0.000000000000000000e+00 0.000000000000000000e+00 0.000000000000000000e+00 0.000000000000000000e+00 0.000000000000000000e+00
0.000000000000000000e+00 0.000000000000000000e+00 0.000000000000000000e+00 0.000000000000000000e+00 0.000000000000000000e+00
0.000000000000000000e+00 0.000000000000000000e+00 0.000000000000000000e+00 0.000000000000000000e+00 0.000000000000000000e+00
0.000000000000000000e+00 0.000000000000000000e+00 0.000000000000000000e+00 0.000000000000000000e+00 0.000000000000000000e+00
0.000000000000000000e+00 0.000000000000000000e+00 0.000000000000000000e+00 0.000000000000000000e+00 0.000000000000000000e+00
2.828871369073794801e-04 1.200544032830999885e-05 1.568329804853486314e-05 4.894751736700701617e-06 0.000000000000000000e+00
2.150920162701806630e-03 3.754374015908541214e-05 4.953760737345082538e-04 0.000000000000000000e+00 0.000000000000000000e+00
4.624419746064993911e-03 1.355329538628041227e-06 1.347177821202632120e-03 0.000000000000000000e+00 0.000000000000000000e+00
2.273321053337345327e-02 0.000000000000000000e+00 3.540245428839984814e-03 0.000000000000000000e+00 0.000000000000000000e+00
6.348944311630511095e-02 0.000000000000000000e+00 4.537404485604399663e-03 0.000000000000000000e+00 0.000000000000000000e+00
1.115794620090234945e-01 0.000000000000000000e+00 3.841842237560716151e-03 0.000000000000000000e+00 6.374815700042581017e-03
1.265609210334642520e-01 1.599980726792755645e-02 0.000000000000000000e+00 0.000000000000000000e+00 3.968020968854969743e-02
9.997050113634954605e-02 3.622810988993830500e-02 0.000000000000000000e+00 0.000000000000000000e+00 8.708681649861330087e-02
6.660422095710345769e-02 5.597482319080913232e-02 0.000000000000000000e+00 0.000000000000000000e+00 1.102836472688730196e-01
5.085400211350089156e-02 6.327959560672329065e-02 1.182621863326388870e-02 2.860421099360658387e-02 9.996393063599687268e-02
5.038418447621530877e-02 6.066271270788084480e-02 4.465887255437065578e-02 6.087667354599542863e-02 7.557267404160170066e-02
5.960253998626607874e-02 5.935476760287849984e-02 6.854148719126033906e-02 7.453263746895039121e-02 5.518227177731459959e-02
6.564165720715571528e-02 5.574921546269561573e-02 7.676824800658764436e-02 7.280856141356135958e-02 5.010318087937689485e-02
6.497127921799138173e-02 5.170521996368348389e-02 6.930618842527623558e-02 6.554185473197846057e-02 6.244104552313731182e-02
5.538272032547812002e-02 4.945829927963189127e-02 4.871269518552572009e-02 7.096605649400328231e-02 6.637561365670703595e-02
4.165923736121375509e-02 4.277706835835914934e-02 1.386113817450363231e-02 1.029930976091458228e-01 4.984686970216887364e-02
2.434223492527262320e-02 3.953750834227705985e-02 0.000000000000000000e+00 1.292057682596309820e-01 2.057232640868442153e-02
5.337739614969686484e-03 3.725097915386275244e-02 0.000000000000000000e+00 1.238422441791950657e-01 0.000000000000000000e+00
0.000000000000000000e+00 3.199377735489047914e-02 0.000000000000000000e+00 8.245026307184093184e-02 0.000000000000000000e+00
0.000000000000000000e+00 1.707221023525263767e-02 0.000000000000000000e+00 3.533164869549142856e-02 0.000000000000000000e+00
0.000000000000000000e+00 3.884142486583120734e-03 0.000000000000000000e+00 7.011681841044933861e-03 0.000000000000000000e+00
0.000000000000000000e+00 5.831924923513234101e-06 0.000000000000000000e+00 1.412184508482575771e-05 1.026573951370171545e-05
0.000000000000000000e+00 0.000000000000000000e+00 0.000000000000000000e+00 0.000000000000000000e+00 0.000000000000000000e+00
0.000000000000000000e+00 0.000000000000000000e+00 0.000000000000000000e+00 0.000000000000000000e+00 0.000000000000000000e+00
0.000000000000000000e+00 0.000000000000000000e+00 0.000000000000000000e+00 0.000000000000000000e+00 0.000000000000000000e+00
0.000000000000000000e+00 0.000000000000000000e+00 0.000000000000000000e+00 0.000000000000000000e+00 0.000000000000000000e+00
0.000000000000000000e+00 0.000000000000000000e+00 0.000000000000000000e+00 3.996109513366974657e-05 1.005544971625698471e-04
0.000000000000000000e+00 0.000000000000000000e+00 0.000000000000000000e+00 0.000000000000000000e+00 0.000000000000000000e+00
3.049105738932823763e-04 8.470924221235870888e-05 0.000000000000000000e+00 0.000000000000000000e+00 0.000000000000000000e+00
2.739341181234641182e-03 3.313195635241701479e-04 9.547459146414218533e-04 0.000000000000000000e+00 0.000000000000000000e+00
1.494696690305019268e-02 0.000000000000000000e+00 4.172784418254451601e-03 0.000000000000000000e+00 0.000000000000000000e+00
4.975774734300734276e-02 0.000000000000000000e+00 6.741633933571916301e-03 0.000000000000000000e+00 0.000000000000000000e+00
1.054043420444377988e-01 3.708679926962855748e-03 6.486658334982541886e-03 0.000000000000000000e+00 0.000000000000000000e+00
1.287956990105403043e-01 2.249514428275830452e-02 0.000000000000000000e+00 0.000000000000000000e+00 2.373894688351214574e-02
1.045058457801272128e-01 5.300773448802746646e-02 0.000000000000000000e+00 0.000000000000000000e+00 7.431640532194785931e-02
5.374292556314010788e-02 8.197156469737089390e-02 0.000000000000000000e+00 0.000000000000000000e+00 1.092741010850690753e-01
1.967204055256754208e-02 9.056604744598562018e-02 8.614306535134428483e-03 2.171602011008195304e-02 1.005014494244900886e-01
1.113049238733737449e-02 8.086460151068700086e-02 5.265915205729499587e-02 6.230300994721163499e-02 6.347881794695976743e-02
1.750194916479966278e-02 7.350533064338052314e-02 8.364855888900002423e-02 8.222060164827202366e-02 3.036190956382609982e-02
3.092378042268687649e-02 7.091719485949070367e-02 1.002767394714885879e-01 7.417785898102230435e-02 1.226835530673722405e-02
4.272929335989445604e-02 6.834893632879864012e-02 1.125292883417628731e-01 4.513801015060839306e-02 1.517456058230547827e-02
6.015642220088638498e-02 7.196541661004585144e-02 1.104209752725792693e-01 9.704757131430015796e-03 3.382569318971558742e-02
6.432942722099782573e-02 6.715115643653396527e-02 8.759890727799005128e-02 0.000000000000000000e+00 6.434962958916921882e-02
5.945631567458176808e-02 6.124508563795675459e-02 4.671664975069722558e-02 3.647577735237578916e-02 6.640688116504234184e-02
4.804034373237243277e-02 5.830145404841625967e-02 3.720631276341573607e-03 8.952677312937468157e-02 4.267800092749518548e-02
2.489122188296857136e-02 6.060373832033308372e-02 0.000000000000000000e+00 1.169737008755749041e-01 8.242689573675455322e-03
5.364399668185312366e-03 5.442895803991345399e-02 0.000000000000000000e+00 9.636974216408877858e-02 0.000000000000000000e+00
0.000000000000000000e+00 3.118599523347047667e-02 0.000000000000000000e+00 4.903469550129844340e-02 0.000000000000000000e+00
0.000000000000000000e+00 8.479007747045557569e-03 0.000000000000000000e+00 1.160490428906390918e-02 0.000000000000000000e+00
0.000000000000000000e+00 1.132079543976103048e-05 0.000000000000000000e+00 2.741299339995581933e-05 1.992761199718552458e-05
0.000000000000000000e+00 0.000000000000000000e+00 0.000000000000000000e+00 0.000000000000000000e+00 0.000000000000000000e+00
0.000000000000000000e+00 0.000000000000000000e+00 0.000000000000000000e+00 0.000000000000000000e+00 0.000000000000000000e+00
0.000000000000000000e+00 0.000000000000000000e+00 0.000000000000000000e+00 0.000000000000000000e+00 0.000000000000000000e+00
0.000000000000000000e+00 0.000000000000000000e+00 0.000000000000000000e+00 0.000000000000000000e+00 0.000000000000000000e+00
0.000000000000000000e+00 0.000000000000000000e+00 0.000000000000000000e+00 0.000000000000000000e+00 0.000000000000000000e+00
0.000000000000000000e+00 0.000000000000000000e+00 0.000000000000000000e+00 0.000000000000000000e+00 0.000000000000000000e+00
3.425096657045233087e-04 8.580995553740358749e-05 0.000000000000000000e+00 0.000000000000000000e+00 0.000000000000000000e+00
5.326737013827079897e-03 7.426830212820077900e-04 1.666592415623444892e-03 0.000000000000000000e+00 0.000000000000000000e+00
3.407759274225839741e-02 2.458947880854710309e-03 7.018824833616496041e-03 0.000000000000000000e+00 0.000000000000000000e+00
8.588934573455569987e-02 9.030977036327622262e-03 7.791272605473524744e-03 0.000000000000000000e+00 0.000000000000000000e+00
1.244554375892651110e-01 3.123436731017452742e-02 3.799083901677299206e-03 0.000000000000000000e+00 5.921511884898107009e-03
1.104497526165084953e-01 6.545163110973081788e-02 0.000000000000000000e+00 0.000000000000000000e+00 5.363729168928854651e-02
5.869530331000967494e-02 9.601363394362105730e-02 0.000000000000000000e+00 0.000000000000000000e+00 1.003028238182130244e-01
6.476539449196683229e-03 1.002016746256160218e-01 0.000000000000000000e+00 1.767070134696492253e-02 1.081932713460622003e-01
0.000000000000000000e+00 8.353501413947507503e-02 5.064210191378283599e-02 6.167306229331322165e-02 6.896151950221078575e-02
0.000000000000000000e+00 6.760627826149678832e-02 9.326321223548250661e-02 8.591103690307126672e-02 2.522970997434016358e-02
0.000000000000000000e+00 5.543320929095890692e-02 1.147889539625536887e-01 8.389064195363279963e-02 0.000000000000000000e+00
1.257535795216747909e-02 5.374500023456750541e-02 1.148647809053674196e-01 5.569976895092284414e-02 0.000000000000000000e+00
2.791566794660717277e-02 5.643504543563618303e-02 1.135047535444094619e-01 1.146817792630527161e-02 0.000000000000000000e+00
4.461966783571470752e-02 6.111060481738868344e-02 1.150761123662597668e-01 0.000000000000000000e+00 2.117548026977393930e-02
5.438835094747798693e-02 6.086055516679096666e-02 1.186008332250505087e-01 0.000000000000000000e+00 4.825690711855742249e-02
6.166664228201654274e-02 5.545454251276273061e-02 8.724913906791489926e-02 0.000000000000000000e+00 7.121573555444742076e-02
6.211753022322266671e-02 5.827767262738843546e-02 2.771365938299753112e-02 5.300391899157206460e-02 5.948359262157575794e-02
4.754979197265291752e-02 7.432540187835043333e-02 0.000000000000000000e+00 9.759948985121796872e-02 2.368243015223910758e-02
2.345591535856731205e-02 7.485060865505945016e-02 0.000000000000000000e+00 9.933736834664275150e-02 0.000000000000000000e+00
3.386928185488552890e-03 4.653354402165880283e-02 0.000000000000000000e+00 5.891219028531442803e-02 0.000000000000000000e+00
0.000000000000000000e+00 1.480940009754701941e-02 0.000000000000000000e+00 1.466329811324615547e-02 0.000000000000000000e+00
0.000000000000000000e+00 0.000000000000000000e+00 0.000000000000000000e+00 7.115085475263854960e-05 3.351742886521794697e-05
0.000000000000000000e+00 0.000000000000000000e+00 0.000000000000000000e+00 0.000000000000000000e+00 0.000000000000000000e+00
0.000000000000000000e+00 0.000000000000000000e+00 0.000000000000000000e+00 0.000000000000000000e+00 0.000000000000000000e+00
0.000000000000000000e+00 0.000000000000000000e+00 0.000000000000000000e+00 0.000000000000000000e+00 0.000000000000000000e+00
0.000000000000000000e+00 0.000000000000000000e+00 0.000000000000000000e+00 0.000000000000000000e+00 0.000000000000000000e+00
0.000000000000000000e+00 0.000000000000000000e+00 0.000000000000000000e+00 0.000000000000000000e+00 0.000000000000000000e+00
0.000000000000000000e+00 0.000000000000000000e+00 0.000000000000000000e+00 0.000000000000000000e+00 0.000000000000000000e+00
7.910305956090212713e-04 8.262202796536882417e-04 4.629078380742806869e-04 0.000000000000000000e+00 0.000000000000000000e+00
1.456750922020868741e-02 4.011829693505809813e-03 5.311717416198439082e-03 0.000000000000000000e+00 0.000000000000000000e+00
5.680608706605213415e-02 1.028562372850399913e-02 7.256355317676537776e-03 0.000000000000000000e+00 0.000000000000000000e+00
1.091064694385499162e-01 3.093420923751927926e-02 5.200898128262476834e-03 0.000000000000000000e+00 0.000000000000000000e+00
1.183058882627223835e-01 6.898685122015087157e-02 0.000000000000000000e+00 0.000000000000000000e+00 2.501501793565265308e-02
7.321656788280726802e-02 1.014190165328752447e-01 0.000000000000000000e+00 0.000000000000000000e+00 8.167968124766152027e-02
1.249912195052487601e-02 1.070123722479214834e-01 0.000000000000000000e+00 9.504948191506851218e-03 1.106742685983483493e-01
0.000000000000000000e+00 8.403600298967901783e-02 3.642546969935393092e-02 5.289927680227790585e-02 8.755496714483157472e-02
0.000000000000000000e+00 5.387757829048140518e-02 9.155619247407446870e-02 8.692417824016807071e-02 3.326427722024934142e-02
0.000000000000000000e+00 3.417974098244444536e-02 1.206641957777785379e-01 8.934256015186520239e-02 0.000000000000000000e+00
0.000000000000000000e+00 3.119245288140352554e-02 1.143866460506143823e-01 6.552198933432304417e-02 0.000000000000000000e+00
6.203746677466486122e-03 3.503880725520628486e-02 9.159178899453619682e-02 2.763392825110671386e-02 0.000000000000000000e+00
1.219840401326595380e-02 3.691165945301529833e-02 8.028940840459646011e-02 0.000000000000000000e+00 0.000000000000000000e+00
2.423684900521048957e-02 3.841445469297675303e-02 1.026603014265234509e-01 0.000000000000000000e+00 1.083919571055030201e-02
3.570266651273473757e-02 3.857541331457558370e-02 1.267593551285184916e-01 0.000000000000000000e+00 3.354638613982269951e-02
4.512597192551371511e-02 3.696798281712688344e-02 1.125219951406899038e-01 0.000000000000000000e+00 6.637430272255057107e-02
5.646515259896817823e-02 4.992410180352352400e-02 5.001752392567582195e-02 2.848763832473789198e-02 7.332971248036922185e-02
5.849111774798525232e-02 7.736933972509338342e-02 0.000000000000000000e+00 8.109750191586857782e-02 4.073919768895656324e-02
4.202337230365435494e-02 9.373141422211171692e-02 0.000000000000000000e+00 9.054757872698743215e-02 0.000000000000000000e+00
1.719106240654532866e-02 7.046732418234459561e-02 0.000000000000000000e+00 5.456832026183503631e-02 0.000000000000000000e+00
1.105617837688825569e-03 2.198275186401219689e-02 0.000000000000000000e+00 1.681773928096117615e-02 0.000000000000000000e+00
3.115114213511666237e-04 0.000000000000000000e+00 0.000000000000000000e+00 2.803587175019108327e-04 3.407498818934653992e-05
0.000000000000000000e+00 0.000000000000000000e+00 0.000000000000000000e+00 0.000000000000000000e+00 0.000000000000000000e+00
0.000000000000000000e+00 0.000000000000000000e+00 0.000000000000000000e+00 0.000000000000000000e+00 0.000000000000000000e+00
0.000000000000000000e+00 0.000000000000000000e+00 0.000000000000000000e+00 0.000000000000000000e+00 0.000000000000000000e+00
0.000000000000000000e+00 0.000000000000000000e+00 0.000000000000000000e+00 0.000000000000000000e+00 0.000000000000000000e+00
0.000000000000000000e+00 0.000000000000000000e+00 0.000000000000000000e+00 0.000000000000000000e+00 0.000000000000000000e+00
0.000000000000000000e+00 0.000000000000000000e+00 0.000000000000000000e+00 0.000000000000000000e+00 0.000000000000000000e+00
2.071008697289320952e-03 1.156027571961399693e-03 4.376613786016300234e-04 0.000000000000000000e+00 0.000000000000000000e+00
2.765800611876776532e-02 9.460416075891995083e-03 7.376708227371042183e-03 0.000000000000000000e+00 0.000000000000000000e+00
8.142396873777199562e-02 2.858439663473626158e-02 8.354122214829295262e-03 0.000000000000000000e+00 0.000000000000000000e+00
1.138189301748108312e-01 6.911095263548411305e-02 4.516878697010245089e-04 0.000000000000000000e+00 1.676581162465550032e-03
9.349182169962923228e-02 1.021996383251324997e-01 0.000000000000000000e+00 0.000000000000000000e+00 4.990540566512189496e-02
3.486519588679641568e-02 1.099184921633559048e-01 0.000000000000000000e+00 8.380561310720098869e-03 9.984377561552193470e-02
0.000000000000000000e+00 8.178874454429969909e-02 1.190050022222305555e-02 4.841593536605631742e-02 1.034749508110850980e-01
0.000000000000000000e+00 4.383602416772102578e-02 7.897493203184360877e-02 7.925492475959167171e-02 5.652220127906394664e-02
0.000000000000000000e+00 1.305012510493635224e-02 1.195574864444037266e-01 9.121406661760324275e-02 2.618895420817435576e-03
0.000000000000000000e+00 7.334263853221669252e-03 1.233609348382630061e-01 7.060773938928299742e-02 0.000000000000000000e+00
0.000000000000000000e+00 1.378388480259055103e-02 8.722673533074502827e-02 3.507405040416002040e-02 0.000000000000000000e+00
8.341335771560443426e-04 1.799949591131572504e-02 5.457226836213739662e-02 8.465149284159000087e-03 0.000000000000000000e+00
2.225870563509243626e-03 2.091361533361952782e-02 4.636400411388696269e-02 0.000000000000000000e+00 9.081791250976262208e-04
8.801411445280472520e-03 1.997182588668666367e-02 7.305941430228042599e-02 0.000000000000000000e+00 8.962314744634526653e-03
1.395370613230287847e-02 1.607912192989556857e-02 1.215530029537790629e-01 0.000000000000000000e+00 2.233063066986533396e-02
2.506384389336302823e-02 1.742944315506965089e-02 1.268556985067554321e-01 0.000000000000000000e+00 5.772096293425670738e-02
4.370467762567906145e-02 3.368072590358035107e-02 6.076824267449649347e-02 2.421256183080119223e-02 8.024079044627602242e-02
6.035306972345392401e-02 7.099598206558667413e-02 0.000000000000000000e+00 7.063246490924954268e-02 5.652520946876741365e-02
5.890425530573733387e-02 1.042325113197054842e-01 0.000000000000000000e+00 7.883544903084326039e-02 7.312698026673721680e-03
3.589224385265838563e-02 9.011580393421458890e-02 0.000000000000000000e+00 4.378037394254529618e-02 0.000000000000000000e+00
7.245259088427344861e-03 3.102565713418654891e-02 0.000000000000000000e+00 1.356402180464744318e-02 0.000000000000000000e+00
7.929260805014192283e-04 0.000000000000000000e+00 3.546708991287999147e-04 1.872251055180367289e-04 0.000000000000000000e+00
0.000000000000000000e+00 1.429151102786202705e-04 5.763570284392096439e-04 0.000000000000000000e+00 2.769063776967013290e-04
0.000000000000000000e+00 0.000000000000000000e+00 0.000000000000000000e+00 0.000000000000000000e+00 0.000000000000000000e+00
0.000000000000000000e+00 0.000000000000000000e+00 0.000000000000000000e+00 0.000000000000000000e+00 0.000000000000000000e+00
0.000000000000000000e+00 0.000000000000000000e+00 0.000000000000000000e+00 0.000000000000000000e+00 0.000000000000000000e+00
0.000000000000000000e+00 0.000000000000000000e+00 0.000000000000000000e+00 0.000000000000000000e+00 0.000000000000000000e+00
0.000000000000000000e+00 0.000000000000000000e+00 0.000000000000000000e+00 0.000000000000000000e+00 0.000000000000000000e+00
4.766670384389573752e-03 2.573835473983509571e-03 1.041100770902093344e-03 0.000000000000000000e+00 0.000000000000000000e+00
4.283234234084665193e-02 2.328255565670978369e-02 9.103760488737011602e-03 0.000000000000000000e+00 0.000000000000000000e+00
9.300068615336017086e-02 6.574437790843497276e-02 7.366885233294950298e-03 0.000000000000000000e+00 0.000000000000000000e+00
1.057929795155616443e-01 1.031692673885303141e-01 0.000000000000000000e+00 0.000000000000000000e+00 1.351631120462309585e-02
6.212432729850286134e-02 1.115479970873520937e-01 0.000000000000000000e+00 9.418166017074305896e-03 7.505755610878132866e-02
2.658410633166584641e-03 8.255230777096825290e-02 0.000000000000000000e+00 4.598505372177618539e-02 1.065924070131328005e-01
0.000000000000000000e+00 3.727744749156464837e-02 4.972710403218735808e-02 7.346142937253234695e-02 8.715950134285037343e-02
0.000000000000000000e+00 0.000000000000000000e+00 1.124396649525863240e-01 8.723249064118134000e-02 2.631929441361567992e-02
0.000000000000000000e+00 0.000000000000000000e+00 1.290344514328479464e-01 6.920294198054781354e-02 0.000000000000000000e+00
1.956525775396106889e-04 0.000000000000000000e+00 9.765754848162609691e-02 3.489010979781288768e-02 0.000000000000000000e+00
8.807262027452116481e-04 7.367023519270195740e-03 5.060501386085124870e-02 1.332940998031293713e-02 0.000000000000000000e+00
1.199792032485331571e-03 1.012497394042208981e-02 2.804278885571413402e-02 3.454074156983588141e-04 0.000000000000000000e+00
8.683821258708519439e-04 9.312596932656824408e-03 2.837772695121918917e-02 0.000000000000000000e+00 0.000000000000000000e+00
2.683052812276021191e-03 6.831122814553048511e-03 6.072068393818676191e-02 0.000000000000000000e+00 2.568829341997896920e-03
2.774384394932848108e-03 1.869417712022610964e-03 1.170802932203968694e-01 0.000000000000000000e+00 1.517766089682625642e-02
4.612971771366643735e-03 1.560834999546589471e-03 1.298305900320437523e-01 0.000000000000000000e+00 5.027044715085790538e-02
2.767359584913336654e-02 2.241866178491590256e-02 6.359530981943030403e-02 2.874430373034037034e-02 8.435739390045952912e-02
5.686007835002116623e-02 6.389955785287983192e-02 0.000000000000000000e+00 6.609975875989430871e-02 6.813817226317905873e-02
7.222443120690640039e-02 1.052405005428163759e-01 0.000000000000000000e+00 6.609023910542941027e-02 1.637170562852342803e-02
5.542272200148441741e-02 1.001326756997467371e-01 0.000000000000000000e+00 3.089078457776980521e-02 0.000000000000000000e+00
1.823408785244304969e-02 3.904785935223835380e-02 0.000000000000000000e+00 7.454372868301045556e-03 0.000000000000000000e+00
1.094048097546610138e-03 0.000000000000000000e+00 3.437679631838002183e-04 3.854657398607619942e-04 0.000000000000000000e+00
0.000000000000000000e+00 1.139369312359507258e-04 4.594920088478488159e-04 0.000000000000000000e+00 2.207594624033611304e-04
0.000000000000000000e+00 0.000000000000000000e+00 0.000000000000000000e+00 0.000000000000000000e+00 0.000000000000000000e+00
0.000000000000000000e+00 0.000000000000000000e+00 0.000000000000000000e+00 0.000000000000000000e+00 0.000000000000000000e+00
0.000000000000000000e+00 0.000000000000000000e+00 0.000000000000000000e+00 0.000000000000000000e+00 0.000000000000000000e+00
1.030662403524800677e-05 0.000000000000000000e+00 1.953979626568621967e-04 3.875806767978804741e-05 0.000000000000000000e+00
0.000000000000000000e+00 7.253574928195612092e-06 1.173362484753285451e-04 7.287930228977723961e-05 0.000000000000000000e+00
5.599429758071609343e-03 7.099321742007651086e-03 2.194609517890322783e-03 0.000000000000000000e+00 0.000000000000000000e+00
5.515349797680888649e-02 4.663021369526271914e-02 1.156540071318258416e-02 0.000000000000000000e+00 0.000000000000000000e+00
9.279621765632301011e-02 9.980365211393030234e-02 2.168564060679868677e-03 0.000000000000000000e+00 0.000000000000000000e+00
9.287689740002301464e-02 1.141736006679938131e-01 0.000000000000000000e+00 1.145561690909276294e-02 3.018422833339343483e-02
3.983553995668853015e-02 9.193376840899683544e-02 0.000000000000000000e+00 4.266029434260772135e-02 8.698121903076076744e-02
0.000000000000000000e+00 4.355080488017783191e-02 1.690258025887109508e-02 6.897148494775753869e-02 1.014443349588409482e-01
0.000000000000000000e+00 0.000000000000000000e+00 9.000400241777019306e-02 7.996594929881507829e-02 6.277432033538338230e-02
0.000000000000000000e+00 0.000000000000000000e+00 1.327056302332275672e-01 6.885681265090554115e-02 2.486973079148974662e-03
0.000000000000000000e+00 0.000000000000000000e+00 1.131569800904547313e-01 3.802216208657969304e-02 0.000000000000000000e+00
1.825236780671751248e-03 0.000000000000000000e+00 5.509973735734383093e-02 1.332093658468555021e-02 0.000000000000000000e+00
1.357783665113669212e-03 3.929793275424397700e-03 2.041018941386995092e-02 2.907715821007315904e-03 0.000000000000000000e+00
7.723545611891021855e-04 4.758983934901723362e-03 1.241427336373548788e-02 0.000000000000000000e+00 0.000000000000000000e+00
3.703467989514616513e-04 4.120414543279074700e-03 2.050242229200839594e-02 0.000000000000000000e+00 0.000000000000000000e+00
0.000000000000000000e+00 3.256758689900220724e-04 6.070550420381939233e-02 0.000000000000000000e+00 0.000000000000000000e+00
0.000000000000000000e+00 0.000000000000000000e+00 1.175584206512898383e-01 0.000000000000000000e+00 8.870303675201389113e-03
0.000000000000000000e+00 0.000000000000000000e+00 1.241162668888720899e-01 1.117989921006412243e-02 4.655224793427390623e-02
5.224081846425930424e-03 2.085610024841575566e-02 5.638283139033169883e-02 4.178627391115177087e-02 8.771498784584748354e-02
5.091729173629584021e-02 6.148280977517194684e-02 0.000000000000000000e+00 6.832991143536232270e-02 7.641369517680571266e-02
8.068388337116037812e-02 1.037550196076878345e-01 0.000000000000000000e+00 5.429117558097235757e-02 2.282966785582146024e-02
7.328855380074214554e-02 1.002888038393008191e-01 0.000000000000000000e+00 1.789612445109199645e-02 0.000000000000000000e+00
2.875574365969468804e-02 4.041004302538257070e-02 0.000000000000000000e+00 8.517996028230436336e-05 0.000000000000000000e+00
1.145533955032020058e-03 0.000000000000000000e+00 3.712290893425848094e-04 3.533852479365740549e-04 0.000000000000000000e+00
0.000000000000000000e+00 1.317189956484981688e-05 5.312046345061834259e-05 0.000000000000000000e+00 2.552132513333652908e-05
0.000000000000000000e+00 0.000000000000000000e+00 0.000000000000000000e+00 0.000000000000000000e+00 0.000000000000000000e+00
0.000000000000000000e+00 0.000000000000000000e+00 0.000000000000000000e+00 0.000000000000000000e+00 0.000000000000000000e+00
0.000000000000000000e+00 0.000000000000000000e+00 0.000000000000000000e+00 0.000000000000000000e+00 0.000000000000000000e+00
0.000000000000000000e+00 0.000000000000000000e+00 0.000000000000000000e+00 0.000000000000000000e+00 0.000000000000000000e+00
0.000000000000000000e+00 7.080870763238730490e-06 1.145425282735349854e-04 7.114408080668704751e-05 0.000000000000000000e+00
6.305931837286973124e-03 1.779318166008272625e-02 4.101203714058761218e-03 0.000000000000000000e+00 0.000000000000000000e+00
5.757275485439531520e-02 8.292579915689970993e-02 1.063787266598322130e-02 0.000000000000000000e+00 0.000000000000000000e+00
8.943865728550502714e-02 1.177216112071813869e-01 0.000000000000000000e+00 3.784301698705452768e-03 0.000000000000000000e+00
7.953169901969224520e-02 1.066071338771309718e-01 0.000000000000000000e+00 4.325360938753979034e-02 4.267851318671016247e-02
3.086897456950140825e-02 5.785762521008306486e-02 0.000000000000000000e+00 6.775293140407465109e-02 9.545096878987306688e-02
0.000000000000000000e+00 4.694869550222762269e-03 5.283504214302903179e-02 7.592462256470129678e-02 9.157005843459227468e-02
0.000000000000000000e+00 0.000000000000000000e+00 1.190165670824772370e-01 6.506234991440830451e-02 3.901742379201361688e-02
0.000000000000000000e+00 0.000000000000000000e+00 1.261984307405650541e-01 3.816866848247687377e-02 0.000000000000000000e+00
2.323115282713373708e-03 0.000000000000000000e+00 7.542200048857003458e-02 1.275273218963864433e-02 0.000000000000000000e+00
2.480146923761749733e-03 0.000000000000000000e+00 2.965903642036079452e-02 4.252041734348664150e-03 0.000000000000000000e+00
1.442053447815947191e-04 2.511685596192157321e-03 9.972064780356983127e-03 0.000000000000000000e+00 0.000000000000000000e+00
0.000000000000000000e+00 3.907775914297546144e-03 7.806575335021281176e-03 0.000000000000000000e+00 0.000000000000000000e+00
0.000000000000000000e+00 1.921366311503191386e-03 2.082489746751872359e-02 0.000000000000000000e+00 0.000000000000000000e+00
0.000000000000000000e+00 0.000000000000000000e+00 7.024948457859608864e-02 0.000000000000000000e+00 0.000000000000000000e+00
0.000000000000000000e+00 0.000000000000000000e+00 1.242127441600323207e-01 9.865439331606305068e-03 4.133261799819369642e-03
0.000000000000000000e+00 0.000000000000000000e+00 1.170888195925700592e-01 2.960829471655966605e-02 4.674920571054130142e-02
0.000000000000000000e+00 2.984756806084034805e-02 4.111947934739246246e-02 5.571283509945310075e-02 9.047894875912260160e-02
4.269177533857261564e-02 7.106713072755761751e-02 0.000000000000000000e+00 6.445016170968052849e-02 8.129104721705524006e-02
8.706868196384033587e-02 1.029303664531437540e-01 0.000000000000000000e+00 3.800973055269790679e-02 2.629047705463813389e-02
8.764783355081082195e-02 9.364999896825047798e-02 0.000000000000000000e+00 4.314136303425549976e-03 0.000000000000000000e+00
3.953889787982609039e-02 3.528738865627925603e-02 3.474112461790924630e-03 0.000000000000000000e+00 0.000000000000000000e+00
1.494564302972878648e-03 0.000000000000000000e+00 1.873539244102978140e-04 5.609662165311440169e-04 0.000000000000000000e+00
0.000000000000000000e+00 0.000000000000000000e+00 0.000000000000000000e+00 0.000000000000000000e+00 0.000000000000000000e+00
0.000000000000000000e+00 0.000000000000000000e+00 0.000000000000000000e+00 0.000000000000000000e+00 0.000000000000000000e+00
0.000000000000000000e+00 0.000000000000000000e+00 0.000000000000000000e+00 0.000000000000000000e+00 0.000000000000000000e+00
0.000000000000000000e+00 0.000000000000000000e+00 0.000000000000000000e+00 0.000000000000000000e+00 0.000000000000000000e+00
0.000000000000000000e+00 0.000000000000000000e+00 0.000000000000000000e+00 0.000000000000000000e+00 0.000000000000000000e+00
5.020957067580293045e-06 0.000000000000000000e+00 2.196027247795754157e-04 1.202990575024670973e-04 0.000000000000000000e+00
4.126694064238235586e-03 3.173675887544359642e-02 5.977132946833941564e-03 0.000000000000000000e+00 0.000000000000000000e+00
5.261162467012631128e-02 1.086072562194002888e-01 5.594114875203478991e-03 0.000000000000000000e+00 0.000000000000000000e+00
8.349722445470507404e-02 1.214825471087903619e-01 0.000000000000000000e+00 3.240355680512976844e-02 0.000000000000000000e+00
7.162972000691064656e-02 8.799336067578397702e-02 0.000000000000000000e+00 6.815639839962854551e-02 5.101360047413403681e-02
2.767880873779961226e-02 2.667957523414301452e-02 8.867638201169565984e-03 7.690868481710531890e-02 9.614339988480058441e-02
0.000000000000000000e+00 0.000000000000000000e+00 8.154756030773988029e-02 6.475666479733528658e-02 8.021984026631978626e-02
0.000000000000000000e+00 0.000000000000000000e+00 1.263137727304336211e-01 3.652607974160768101e-02 2.875439496035646705e-02
2.588677955921198266e-04 0.000000000000000000e+00 1.002801931052143408e-01 1.387604640777448557e-02 0.000000000000000000e+00
1.058557094528296766e-03 0.000000000000000000e+00 4.459184957221261347e-02 3.508242111243714718e-03 0.000000000000000000e+00
5.002467478067020674e-04 0.000000000000000000e+00 1.449029802785064928e-02 1.899846533838608692e-03 0.000000000000000000e+00
0.000000000000000000e+00 1.455850280141739953e-03 6.026238921028512739e-03 0.000000000000000000e+00 0.000000000000000000e+00
0.000000000000000000e+00 3.110535915141620679e-03 1.095228265494195379e-02 0.000000000000000000e+00 0.000000000000000000e+00
0.000000000000000000e+00 1.880880813422577914e-03 3.465686090550649384e-02 0.000000000000000000e+00 0.000000000000000000e+00
0.000000000000000000e+00 0.000000000000000000e+00 8.839755780604419133e-02 8.784267529623324480e-03 0.000000000000000000e+00
0.000000000000000000e+00 0.000000000000000000e+00 1.290552189100359071e-01 2.792611884134911168e-02 4.487540891232415056e-03
0.000000000000000000e+00 1.395945406941469583e-02 9.643504523596301004e-02 4.885148215702280611e-02 5.543421546398068223e-02
0.000000000000000000e+00 4.955419588498229111e-02 1.639718292665456184e-02 6.155525670637071456e-02 9.531191214500395192e-02
4.319439267857973219e-02 8.449797907930452212e-02 0.000000000000000000e+00 4.960973447236128459e-02 8.108310320048076059e-02
9.590956845464436442e-02 1.000344887344681855e-01 0.000000000000000000e+00 1.768968081736321807e-02 2.236761480381110542e-02
9.504833781466354159e-02 7.794005657433029921e-02 4.881489387642106922e-03 0.000000000000000000e+00 0.000000000000000000e+00
4.464241744906279064e-02 2.388341540934561802e-02 6.884514862771316628e-03 0.000000000000000000e+00 0.000000000000000000e+00
1.247694397582723835e-03 0.000000000000000000e+00 3.128917249640074828e-04 3.525322894184408379e-04 0.000000000000000000e+00
0.000000000000000000e+00 0.000000000000000000e+00 0.000000000000000000e+00 0.000000000000000000e+00 0.000000000000000000e+00
0.000000000000000000e+00 0.000000000000000000e+00 0.000000000000000000e+00 0.000000000000000000e+00 0.000000000000000000e+00
0.000000000000000000e+00 0.000000000000000000e+00 0.000000000000000000e+00 0.000000000000000000e+00 0.000000000000000000e+00
0.000000000000000000e+00 0.000000000000000000e+00 0.000000000000000000e+00 0.000000000000000000e+00 0.000000000000000000e+00
0.000000000000000000e+00 0.000000000000000000e+00 0.000000000000000000e+00 0.000000000000000000e+00 0.000000000000000000e+00
0.000000000000000000e+00 0.000000000000000000e+00 1.076806240670262314e-04 4.812067720137319817e-05 0.000000000000000000e+00
0.000000000000000000e+00 4.216641481640000938e-02 4.337434675712315349e-03 0.000000000000000000e+00 0.000000000000000000e+00
4.395238322997543912e-02 1.177006999472972326e-01 0.000000000000000000e+00 9.535272046174365565e-03 0.000000000000000000e+00
7.525916335419514935e-02 1.154332541643155602e-01 0.000000000000000000e+00 5.947834524916822962e-02 1.523465848916340758e-03
7.024712436060051579e-02 6.719976280416799230e-02 0.000000000000000000e+00 8.557101181055140615e-02 5.328640020030153690e-02
3.401951686503364158e-02 8.952299786416104480e-03 3.366184410649034064e-02 7.185498678324679644e-02 9.178107685262643090e-02
2.927798418329821857e-03 0.000000000000000000e+00 1.001862611013369930e-01 3.689774248482697444e-02 7.356137591526455688e-02
5.165772668188363913e-04 0.000000000000000000e+00 1.185012157104485264e-01 4.971670011034969028e-03 2.619210631015762153e-02
1.643740808269140942e-03 0.000000000000000000e+00 7.622509651319049617e-02 0.000000000000000000e+00 5.136509712753072965e-04
0.000000000000000000e+00 0.000000000000000000e+00 2.615602003717010932e-02 0.000000000000000000e+00 0.000000000000000000e+00
0.000000000000000000e+00 0.000000000000000000e+00 7.373053762544890151e-03 2.718851845443586660e-04 0.000000000000000000e+00
0.000000000000000000e+00 2.105739692324751482e-03 7.742911311058860852e-03 0.000000000000000000e+00 0.000000000000000000e+00
0.000000000000000000e+00 2.774995258634616480e-03 2.272469424349674375e-02 1.450922076035934599e-03 0.000000000000000000e+00
0.000000000000000000e+00 2.208702680320331641e-03 6.291872348534298387e-02 9.228038960007442504e-03 0.000000000000000000e+00
0.000000000000000000e+00 3.362380693641386833e-03 1.163663066832974075e-01 2.508716574539268315e-02 0.000000000000000000e+00
0.000000000000000000e+00 1.357711426761974705e-02 1.207591941445706613e-01 4.734824759095858371e-02 1.587270523414576959e-02
0.000000000000000000e+00 3.927194093089680926e-02 6.376171857518760089e-02 6.283451624687423631e-02 7.235916675915297913e-02
0.000000000000000000e+00 7.335010355155356654e-02 0.000000000000000000e+00 5.433026621033405779e-02 1.020538106899509523e-01
5.420019251508397667e-02 9.645395761694154635e-02 0.000000000000000000e+00 2.404763564118039126e-02 7.360687922024033991e-02
1.061576220891921746e-01 8.688921220604438334e-02 0.000000000000000000e+00 1.032316559345814160e-03 1.451557793583948403e-02
9.620534886218454207e-02 5.383188365295923927e-02 8.765559040257555126e-03 0.000000000000000000e+00 0.000000000000000000e+00
4.151565760617187406e-02 1.021737716294099027e-02 7.910167109616183384e-03 0.000000000000000000e+00 0.000000000000000000e+00
1.626801585434141904e-03 0.000000000000000000e+00 7.805344289246268731e-04 5.192086088488845238e-05 0.000000000000000000e+00
0.000000000000000000e+00 0.000000000000000000e+00 0.000000000000000000e+00 0.000000000000000000e+00 0.000000000000000000e+00
0.000000000000000000e+00 0.000000000000000000e+00 0.000000000000000000e+00 0.000000000000000000e+00 0.000000000000000000e+00
0.000000000000000000e+00 0.000000000000000000e+00 0.000000000000000000e+00 0.000000000000000000e+00 0.000000000000000000e+00
0.000000000000000000e+00 0.000000000000000000e+00 0.000000000000000000e+00 0.000000000000000000e+00 0.000000000000000000e+00
0.000000000000000000e+00 0.000000000000000000e+00 0.000000000000000000e+00 0.000000000000000000e+00 0.000000000000000000e+00
0.000000000000000000e+00 0.000000000000000000e+00 1.627091714715064649e-05 4.255928664198433553e-06 4.050488537470352990e-06
0.000000000000000000e+00 4.743319632487968257e-02 3.240343903136579107e-03 7.104252704799076659e-04 0.000000000000000000e+00
3.084347265531888621e-02 1.174323117877325712e-01 0.000000000000000000e+00 3.332072494894827014e-02 0.000000000000000000e+00
6.671991385522436924e-02 1.052925318335187904e-01 0.000000000000000000e+00 8.251977227379383995e-02 1.158126234009560634e-03
7.342383892995778261e-02 5.611482331969946946e-02 3.901632644957122361e-03 9.155772761523769954e-02 4.925757862648578317e-02
4.722101707785164582e-02 6.016267165471620403e-03 5.298687394795318500e-02 5.453583703676758571e-02 8.682007980267909819e-02
1.909069709064496745e-02 0.000000000000000000e+00 1.075303260834932217e-01 1.926842850233357468e-03 7.265870359709428183e-02
9.474686644640951255e-03 0.000000000000000000e+00 1.119470924318698712e-01 0.000000000000000000e+00 2.623845657545408744e-02
3.738277095608595179e-03 0.000000000000000000e+00 6.672407776347022423e-02 0.000000000000000000e+00 2.435283100090849563e-03
0.000000000000000000e+00 3.874460414016022564e-03 2.719638348459317914e-02 0.000000000000000000e+00 0.000000000000000000e+00
0.000000000000000000e+00 6.095307487226792227e-03 1.452800364143273792e-02 0.000000000000000000e+00 0.000000000000000000e+00
0.000000000000000000e+00 8.799607745546340898e-03 2.374085190060999662e-02 0.000000000000000000e+00 0.000000000000000000e+00
0.000000000000000000e+00 1.304499182761860443e-02 5.361115490180461823e-02 7.898707223287150525e-03 0.000000000000000000e+00
0.000000000000000000e+00 1.737318992614394347e-02 9.859016716632588995e-02 2.484769443521290741e-02 0.000000000000000000e+00
0.000000000000000000e+00 2.964074681007410408e-02 1.270215787019836062e-01 4.328777046655676169e-02 0.000000000000000000e+00
0.000000000000000000e+00 4.570116552109806940e-02 9.110372520443664468e-02 6.165894895814831578e-02 4.241902893487094900e-02
0.000000000000000000e+00 7.220913968427471186e-02 2.337725099981875776e-02 5.804664721918930542e-02 9.169270510758056880e-02
7.600857123513351382e-03 9.426263432805585818e-02 0.000000000000000000e+00 2.999186927983027787e-02 1.012623283192018164e-01
7.999606170017582729e-02 9.123104870424333934e-02 0.000000000000000000e+00 0.000000000000000000e+00 5.659858066898514062e-02
1.165113147679086164e-01 6.259826543130914134e-02 0.000000000000000000e+00 0.000000000000000000e+00 2.082406587718568444e-03
8.673822393546405662e-02 2.479662460622196474e-02 1.173511133683479216e-02 0.000000000000000000e+00 0.000000000000000000e+00
3.446866249841125385e-02 2.210906857012028513e-03 8.428180430345396865e-03 0.000000000000000000e+00 0.000000000000000000e+00
1.572077754715135289e-03 0.000000000000000000e+00 1.188099037987474680e-03 0.000000000000000000e+00 0.000000000000000000e+00
0.000000000000000000e+00 0.000000000000000000e+00 0.000000000000000000e+00 0.000000000000000000e+00 0.000000000000000000e+00
0.000000000000000000e+00 0.000000000000000000e+00 0.000000000000000000e+00 0.000000000000000000e+00 0.000000000000000000e+00
0.000000000000000000e+00 0.000000000000000000e+00 0.000000000000000000e+00 0.000000000000000000e+00 0.000000000000000000e+00
0.000000000000000000e+00 0.000000000000000000e+00 0.000000000000000000e+00 0.000000000000000000e+00 0.000000000000000000e+00
0.000000000000000000e+00 0.000000000000000000e+00 0.000000000000000000e+00 0.000000000000000000e+00 0.000000000000000000e+00
0.000000000000000000e+00 1.367210432135337113e-04 0.000000000000000000e+00 2.811129170095272198e-05 4.529638526503508572e-05
0.000000000000000000e+00 4.450800440883813380e-02 2.034658660156530522e-03 1.051528442716235731e-02 0.000000000000000000e+00
1.412069853199079961e-02 1.045456738247482475e-01 0.000000000000000000e+00 5.580476090841957060e-02 0.000000000000000000e+00
5.298890856942022748e-02 9.951702893301789254e-02 0.000000000000000000e+00 9.816396572863506087e-02 0.000000000000000000e+00
7.390404656949593754e-02 5.677661062301146699e-02 1.246404891440021888e-02 9.334786345778627037e-02 4.458693408894359028e-02
6.049143331336335333e-02 2.471656904410689595e-02 5.961034083551683405e-02 3.082465755742152397e-02 8.395452707836036088e-02
3.655953747296860484e-02 1.560939182117710052e-02 1.070049139370728153e-01 0.000000000000000000e+00 7.498780365889444466e-02
2.019762103848898177e-02 1.897337720441485964e-02 1.151868877232481853e-01 0.000000000000000000e+00 2.876462560203946542e-02
7.408354669449064567e-03 2.240070683449347372e-02 7.818957764211836858e-02 0.000000000000000000e+00 2.917374487031985843e-03
0.000000000000000000e+00 2.580375450873749824e-02 4.615208735526808020e-02 0.000000000000000000e+00 0.000000000000000000e+00
0.000000000000000000e+00 2.931080514978231730e-02 3.999892651686132172e-02 0.000000000000000000e+00 0.000000000000000000e+00
0.000000000000000000e+00 3.474640288920202019e-02 5.844982150503713614e-02 4.819894196880321856e-03 0.000000000000000000e+00
0.000000000000000000e+00 4.426058366987843662e-02 9.247685947232243964e-02 2.169882288603779477e-02 0.000000000000000000e+00
0.000000000000000000e+00 5.433446344231526726e-02 1.201481459818467545e-01 3.918430679321614762e-02 0.000000000000000000e+00
0.000000000000000000e+00 6.724099612676120996e-02 1.045847900784550727e-01 5.797770234195540051e-02 2.284056453360598302e-02
0.000000000000000000e+00 8.282795881917268122e-02 4.467177719249726398e-02 5.508218775590847244e-02 7.707226363461457119e-02
0.000000000000000000e+00 9.290460201562600329e-02 0.000000000000000000e+00 3.063590418026751819e-02 1.099552192295927544e-01
5.303360142048933051e-02 8.850612790822555420e-02 0.000000000000000000e+00 0.000000000000000000e+00 8.708393884453428935e-02
1.107516413637656266e-01 6.382226805107742151e-02 0.000000000000000000e+00 0.000000000000000000e+00 3.110350365457273739e-02
1.136345781276327238e-01 2.807699588902235269e-02 5.069442885772958846e-03 0.000000000000000000e+00 0.000000000000000000e+00
6.693992677822331594e-02 3.792518159833099811e-03 1.020952204038625376e-02 0.000000000000000000e+00 0.000000000000000000e+00
2.182504060970887408e-02 0.000000000000000000e+00 6.260896837090798757e-03 0.000000000000000000e+00 0.000000000000000000e+00
1.889093237700425858e-03 0.000000000000000000e+00 1.351354312716506693e-03 0.000000000000000000e+00 0.000000000000000000e+00
0.000000000000000000e+00 0.000000000000000000e+00 0.000000000000000000e+00 0.000000000000000000e+00 0.000000000000000000e+00
0.000000000000000000e+00 0.000000000000000000e+00 0.000000000000000000e+00 0.000000000000000000e+00 0.000000000000000000e+00
0.000000000000000000e+00 0.000000000000000000e+00 0.000000000000000000e+00 0.000000000000000000e+00 0.000000000000000000e+00
0.000000000000000000e+00 0.000000000000000000e+00 0.000000000000000000e+00 0.000000000000000000e+00 0.000000000000000000e+00
0.000000000000000000e+00 0.000000000000000000e+00 0.000000000000000000e+00 0.000000000000000000e+00 0.000000000000000000e+00
0.000000000000000000e+00 2.503926696582345151e-04 1.784076796028285497e-04 3.224808550208323361e-04 0.000000000000000000e+00
0.000000000000000000e+00 3.234832508773374110e-02 0.000000000000000000e+00 1.981901163006648606e-02 0.000000000000000000e+00
1.322420596977518350e-03 8.419295776978454049e-02 0.000000000000000000e+00 7.031871609959046421e-02 0.000000000000000000e+00
3.816288837814597185e-02 9.056099826260793906e-02 0.000000000000000000e+00 1.099675837909036835e-01 0.000000000000000000e+00
6.596275041735835676e-02 6.824411442842225062e-02 1.210664273252015991e-02 9.631776683734445677e-02 3.649462714540268465e-02
6.902436609780852883e-02 5.302552354846588878e-02 5.720776378285438724e-02 2.089988081018248622e-02 7.724930622501884059e-02
5.425463010375972117e-02 5.453542460468323305e-02 1.019126931644786377e-01 0.000000000000000000e+00 7.828647648287259675e-02
3.455659989828861745e-02 6.300031991018750777e-02 1.202973411539776938e-01 0.000000000000000000e+00 3.608805647453187243e-02
1.734886723184085600e-02 6.502122297289124331e-02 1.059538320653498067e-01 0.000000000000000000e+00 2.496596958486987060e-03
2.372451695637882614e-03 7.181402602219293108e-02 8.659669121004016923e-02 0.000000000000000000e+00 0.000000000000000000e+00
0.000000000000000000e+00 7.596370814034561492e-02 8.176684752011718904e-02 0.000000000000000000e+00 0.000000000000000000e+00
0.000000000000000000e+00 8.118945395088268679e-02 9.716387363198818183e-02 1.835398943397821905e-02 0.000000000000000000e+00
0.000000000000000000e+00 8.542113012004307060e-02 1.118009802770242311e-01 3.473245511602083418e-02 0.000000000000000000e+00
0.000000000000000000e+00 8.646193962267159638e-02 9.918337286409227571e-02 5.525914392873535613e-02 2.118870195854282920e-02
0.000000000000000000e+00 8.887305096534893478e-02 5.605180805611889583e-02 5.071181528307486253e-02 7.046544032810514446e-02
0.000000000000000000e+00 8.915206531911439025e-02 0.000000000000000000e+00 3.052888548411213446e-02 1.083232978204281133e-01
4.309853287952053469e-02 8.103512088697215066e-02 0.000000000000000000e+00 0.000000000000000000e+00 1.027743095648700755e-01
1.039704285322580191e-01 5.294135689251939364e-02 0.000000000000000000e+00 0.000000000000000000e+00 5.277413657128989660e-02
1.254580421759277920e-01 2.387170833421602134e-02 0.000000000000000000e+00 0.000000000000000000e+00 6.902578720918519685e-03
9.012216787834920195e-02 1.989099334999382650e-03 8.596466123449142058e-03 0.000000000000000000e+00 0.000000000000000000e+00
3.982859779037750680e-02 0.000000000000000000e+00 7.832981806660027982e-03 0.000000000000000000e+00 0.000000000000000000e+00
9.750276806889605907e-03 0.000000000000000000e+00 4.465099747587804313e-03 0.000000000000000000e+00 0.000000000000000000e+00
1.094172740091808827e-03 0.000000000000000000e+00 6.110120091565630646e-04 0.000000000000000000e+00 0.000000000000000000e+00
0.000000000000000000e+00 0.000000000000000000e+00 0.000000000000000000e+00 0.000000000000000000e+00 0.000000000000000000e+00
0.000000000000000000e+00 0.000000000000000000e+00 0.000000000000000000e+00 0.000000000000000000e+00 0.000000000000000000e+00
0.000000000000000000e+00 0.000000000000000000e+00 0.000000000000000000e+00 0.000000000000000000e+00 0.000000000000000000e+00
0.000000000000000000e+00 0.000000000000000000e+00 0.000000000000000000e+00 0.000000000000000000e+00 0.000000000000000000e+00
0.000000000000000000e+00 0.000000000000000000e+00 0.000000000000000000e+00 0.000000000000000000e+00 0.000000000000000000e+00
0.000000000000000000e+00 3.388639705509080449e-04 0.000000000000000000e+00 1.798213752722248738e-04 1.640259727532729676e-05
0.000000000000000000e+00 1.721187544251968904e-02 0.000000000000000000e+00 2.229691776052743907e-02 0.000000000000000000e+00
0.000000000000000000e+00 5.508761127562484400e-02 0.000000000000000000e+00 7.471053225499209305e-02 0.000000000000000000e+00
1.361542825825562929e-02 7.188297633891208016e-02 0.000000000000000000e+00 1.225456498329108995e-01 0.000000000000000000e+00
4.823837585175932280e-02 6.588583738824836666e-02 1.892580305392226525e-03 1.153718615581481727e-01 2.582461667766950547e-02
6.464464793864252434e-02 6.547749772491046061e-02 3.824091097974057635e-02 5.006913946654435732e-02 6.817246384195246867e-02
6.551444269873200887e-02 7.701866169463436607e-02 8.108188038615168902e-02 0.000000000000000000e+00 8.063046741047497079e-02
4.938800684669204799e-02 9.338806964170985603e-02 1.087607010702525967e-01 0.000000000000000000e+00 5.586967987913522837e-02
3.083852730840298470e-02 1.006106174636630796e-01 1.141275520270142035e-01 0.000000000000000000e+00 2.373391402307806902e-02
1.450931603883626360e-02 1.019920605670217584e-01 1.083559366460804668e-01 0.000000000000000000e+00 4.127715042846201096e-03
0.000000000000000000e+00 1.022572543246010740e-01 1.018778246398530513e-01 2.017497641088371318e-02 0.000000000000000000e+00
0.000000000000000000e+00 9.964427851369675460e-02 9.890970642439152194e-02 4.131719719426319576e-02 9.736975131997031505e-03
0.000000000000000000e+00 9.278057286534160952e-02 8.455906643889658791e-02 5.477023161691309261e-02 3.610034701377582561e-02
0.000000000000000000e+00 8.686483424480948012e-02 5.189451533758862589e-02 4.672154941390066485e-02 7.589149945187335933e-02
8.261598243880140247e-03 7.927056857662941047e-02 2.535163091072834170e-03 2.485895766235158774e-02 1.098100242181979797e-01
5.598800794367157080e-02 6.300086086330622392e-02 0.000000000000000000e+00 2.874522301210415999e-03 1.065420231461015610e-01
1.100365064527491638e-01 3.511754866454971924e-02 0.000000000000000000e+00 0.000000000000000000e+00 6.382571345368799609e-02
1.303735007180386873e-01 1.146053168027000128e-02 0.000000000000000000e+00 0.000000000000000000e+00 1.842571885560135778e-02
1.023270392806540641e-01 0.000000000000000000e+00 8.491620584999517649e-03 0.000000000000000000e+00 0.000000000000000000e+00
5.379849003927992396e-02 0.000000000000000000e+00 8.273416088656442013e-03 4.100227717537909314e-04 0.000000000000000000e+00
1.953609738967455531e-02 0.000000000000000000e+00 5.794439915374001611e-03 0.000000000000000000e+00 0.000000000000000000e+00
3.827211751490162701e-03 0.000000000000000000e+00 2.593851216208021854e-03 0.000000000000000000e+00 0.000000000000000000e+00
1.014103245384813547e-04 0.000000000000000000e+00 2.321392673255744045e-04 0.000000000000000000e+00 6.695402376385792959e-05
0.000000000000000000e+00 9.483767686691856632e-05 3.824673368444526087e-04 0.000000000000000000e+00 1.837535409600229931e-04
0.000000000000000000e+00 0.000000000000000000e+00 0.000000000000000000e+00 0.000000000000000000e+00 0.000000000000000000e+00
0.000000000000000000e+00 0.000000000000000000e+00 0.000000000000000000e+00 0.000000000000000000e+00 0.000000000000000000e+00
0.000000000000000000e+00 0.000000000000000000e+00 0.000000000000000000e+00 0.000000000000000000e+00 0.000000000000000000e+00
0.000000000000000000e+00 0.000000000000000000e+00 0.000000000000000000e+00 0.000000000000000000e+00 0.000000000000000000e+00
0.000000000000000000e+00 3.058233861355357528e-04 0.000000000000000000e+00 6.288052091002585596e-05 1.013208617770522651e-04
0.000000000000000000e+00 8.122759743062831980e-03 0.000000000000000000e+00 1.600828505076122912e-02 0.000000000000000000e+00
0.000000000000000000e+00 2.319084018849259729e-02 0.000000000000000000e+00 6.614584891446224912e-02 0.000000000000000000e+00
0.000000000000000000e+00 3.842386723032747975e-02 0.000000000000000000e+00 1.227971648107629155e-01 0.000000000000000000e+00
1.970748337316439655e-02 4.566621195444058728e-02 0.000000000000000000e+00 1.473678859616224524e-01 9.896518715661646245e-03
4.680873423555498292e-02 5.221649100123883225e-02 9.611731020883721929e-03 1.110638443106444495e-01 5.042292157433119620e-02
5.911225637298465896e-02 6.005054927258464403e-02 4.333563813141722704e-02 6.153479231345950623e-02 7.906155337646438019e-02
6.119394263120454813e-02 7.168884795463953408e-02 7.001712273728646907e-02 3.067109811526775101e-02 7.798262382507564761e-02
5.744353350988478518e-02 7.861749918393787229e-02 8.370230092711812564e-02 2.756455698436647422e-02 6.147545132264599366e-02
4.341662527747632006e-02 8.207310831243561089e-02 8.405981564878539647e-02 4.025607642717241724e-02 5.160928531538982317e-02
3.314967283544411475e-02 8.042942207152178891e-02 7.681270794756542286e-02 5.176852786842033038e-02 5.278812328262862813e-02
2.855053342862625895e-02 7.116007262019785617e-02 6.552450557244128559e-02 5.776086813450140994e-02 6.611486530813659446e-02
3.303951635166402223e-02 6.058968325317572179e-02 4.200146792541888108e-02 4.774184113086599873e-02 9.089484851189691406e-02
5.331072286041707575e-02 4.751816356971762245e-02 3.872670728295188412e-03 2.439367814043198399e-02 1.115946414633388062e-01
8.885893686339683961e-02 3.238949099359000189e-02 0.000000000000000000e+00 1.888655942004875948e-03 1.048157828014674720e-01
1.208189660612131872e-01 1.055743004631065456e-02 0.000000000000000000e+00 0.000000000000000000e+00 6.623176417243985259e-02
1.318326415909748528e-01 0.000000000000000000e+00 0.000000000000000000e+00 0.000000000000000000e+00 2.238329733738389504e-02
1.029250781069024206e-01 0.000000000000000000e+00 9.039852596741828825e-03 0.000000000000000000e+00 0.000000000000000000e+00
5.892746108990266907e-02 0.000000000000000000e+00 8.517957612985531737e-03 6.718278353822065558e-05 0.000000000000000000e+00
2.411975651651237021e-02 0.000000000000000000e+00 6.624627463057497848e-03 0.000000000000000000e+00 0.000000000000000000e+00
5.986102064734177310e-03 0.000000000000000000e+00 3.055852201543085567e-03 0.000000000000000000e+00 0.000000000000000000e+00
1.416179056719393120e-03 0.000000000000000000e+00 8.318908925808308130e-04 0.000000000000000000e+00 0.000000000000000000e+00
0.000000000000000000e+00 5.614702742660054445e-05 3.065144891782516437e-04 0.000000000000000000e+00 1.343695402689850814e-04
0.000000000000000000e+00 1.653073395388651040e-04 6.666618163052608331e-04 0.000000000000000000e+00 3.202926304233735680e-04
0.000000000000000000e+00 0.000000000000000000e+00 0.000000000000000000e+00 0.000000000000000000e+00 0.000000000000000000e+00
0.000000000000000000e+00 0.000000000000000000e+00 0.000000000000000000e+00 0.000000000000000000e+00 0.000000000000000000e+00
0.000000000000000000e+00 0.000000000000000000e+00 0.000000000000000000e+00 0.000000000000000000e+00 0.000000000000000000e+00
0.000000000000000000e+00 0.000000000000000000e+00 0.000000000000000000e+00 0.000000000000000000e+00 0.000000000000000000e+00
0.000000000000000000e+00 3.058233861355357528e-04 0.000000000000000000e+00 6.288052091002585596e-05 1.013208617770522651e-04
0.000000000000000000e+00 2.723479509213579727e-03 0.000000000000000000e+00 8.411141438003663304e-03 0.000000000000000000e+00
0.000000000000000000e+00 5.894798798502265749e-03 0.000000000000000000e+00 3.983759556947490121e-02 0.000000000000000000e+00
0.000000000000000000e+00 9.308356171610202012e-03 0.000000000000000000e+00 9.329375015021974804e-02 0.000000000000000000e+00
0.000000000000000000e+00 1.362126607208575917e-02 0.000000000000000000e+00 1.427498041353068570e-01 0.000000000000000000e+00
1.627401531454988545e-02 1.313719463701161147e-02 0.000000000000000000e+00 1.579324718252312909e-01 2.491562531097251190e-02
4.138237815466743602e-02 1.317260622659451735e-02 0.000000000000000000e+00 1.361427267839781241e-01 6.180725030422577065e-02
5.858087965721944790e-02 1.789452437837650220e-02 1.815591892485736436e-02 1.056066883381654858e-01 8.654899903618794299e-02
6.827357177047252423e-02 1.985891729539285278e-02 3.217572542320520229e-02 8.783715635533378974e-02 9.311210741100774124e-02
7.166175128723786814e-02 1.860682081514460767e-02 4.013514717107015406e-02 7.934399165218396222e-02 9.416330322983529344e-02
7.779740775151444687e-02 1.551524868342446864e-02 3.867779798496095989e-02 6.856471905229671870e-02 9.813394034951640477e-02
8.354838640679139450e-02 9.644370352806928837e-03 2.363769792640711340e-02 4.638013946192377085e-02 1.092298642406401704e-01
9.692207659752821725e-02 3.528069013173806227e-03 6.030963825641514871e-05 1.905275559367228949e-02 1.124745471985327677e-01
1.151458189673700283e-01 0.000000000000000000e+00 0.000000000000000000e+00 0.000000000000000000e+00 9.281943070314563338e-02
1.262816223119511139e-01 0.000000000000000000e+00 0.000000000000000000e+00 0.000000000000000000e+00 5.451516749519570715e-02
1.183535782877650211e-01 0.000000000000000000e+00 2.341106898067134030e-03 0.000000000000000000e+00 1.900767608343608209e-02
8.943922735306276961e-02 0.000000000000000000e+00 8.262416518300048571e-03 0.000000000000000000e+00 2.815591104098509319e-04
4.947505190935700542e-02 0.000000000000000000e+00 8.639237748950629944e-03 0.000000000000000000e+00 0.000000000000000000e+00
2.025255193433216777e-02 0.000000000000000000e+00 4.458357157833051782e-03 6.569190418934974093e-04 0.000000000000000000e+00
6.489163819067768520e-03 0.000000000000000000e+00 2.909242603978665943e-03 0.000000000000000000e+00 0.000000000000000000e+00
1.189637956244639361e-03 0.000000000000000000e+00 3.924211540995028004e-04 1.987437576164151104e-04 0.000000000000000000e+00
1.170402109261895368e-04 0.000000000000000000e+00 5.412504146197590277e-05 0.000000000000000000e+00 4.006667591189497331e-06
0.000000000000000000e+00 4.083288865103434847e-05 1.646734366969169908e-04 0.000000000000000000e+00 7.911610791334319813e-05
0.000000000000000000e+00 9.352048691043362953e-05 3.771552904993906593e-04 0.000000000000000000e+00 1.812014084466892873e-04
0.000000000000000000e+00 0.000000000000000000e+00 0.000000000000000000e+00 0.000000000000000000e+00 0.000000000000000000e+00
0.000000000000000000e+00 0.000000000000000000e+00 0.000000000000000000e+00 0.000000000000000000e+00 0.000000000000000000e+00
0.000000000000000000e+00 0.000000000000000000e+00 0.000000000000000000e+00 0.000000000000000000e+00 0.000000000000000000e+00
0.000000000000000000e+00 0.000000000000000000e+00 0.000000000000000000e+00 0.000000000000000000e+00 0.000000000000000000e+00
0.000000000000000000e+00 0.000000000000000000e+00 0.000000000000000000e+00 0.000000000000000000e+00 0.000000000000000000e+00
0.000000000000000000e+00 8.586246800930615356e-05 3.157679493793012489e-04 2.046990015686203906e-03 0.000000000000000000e+00
0.000000000000000000e+00 1.169312123354932729e-04 1.606060751760232056e-03 1.293096979454660782e-02 0.000000000000000000e+00
0.000000000000000000e+00 0.000000000000000000e+00 0.000000000000000000e+00 3.723200259665004203e-02 0.000000000000000000e+00
0.000000000000000000e+00 0.000000000000000000e+00 0.000000000000000000e+00 8.061303216236163915e-02 0.000000000000000000e+00
1.662480657154770305e-03 0.000000000000000000e+00 0.000000000000000000e+00 1.257571693429561932e-01 2.760486826688695727e-03
1.423964888911769845e-02 0.000000000000000000e+00 0.000000000000000000e+00 1.414893419424969323e-01 2.395929569372794166e-02
3.133885208911087183e-02 0.000000000000000000e+00 0.000000000000000000e+00 1.315665302445598595e-01 5.231911321031405132e-02
4.892431482806374604e-02 0.000000000000000000e+00 1.477589438751692602e-03 1.052671885588425810e-01 8.199147214495747238e-02
6.758285485273596294e-02 0.000000000000000000e+00 6.335092051006928349e-03 7.243228854799735328e-02 9.795656438236720331e-02
8.300325573959062286e-02 0.000000000000000000e+00 3.581580753897934538e-03 4.165131117552834522e-02 9.905880871917038810e-02
9.479057964543145809e-02 0.000000000000000000e+00 0.000000000000000000e+00 1.506563478491052682e-02 8.997919376853014128e-02
9.981825225072901708e-02 0.000000000000000000e+00 0.000000000000000000e+00 1.895645685677976476e-03 6.430739206090835269e-02
9.422481776048334534e-02 0.000000000000000000e+00 0.000000000000000000e+00 0.000000000000000000e+00 3.379329355847154187e-02
7.731626579090408735e-02 0.000000000000000000e+00 4.430654670683093280e-03 0.000000000000000000e+00 1.200914731421697315e-02
5.062495646758061879e-02 0.000000000000000000e+00 6.892568413282508001e-03 0.000000000000000000e+00 1.681143311810703520e-03
2.488542249256906619e-02 0.000000000000000000e+00 4.605257104799438846e-03 0.000000000000000000e+00 0.000000000000000000e+00
9.876243733632571187e-03 0.000000000000000000e+00 2.305258552586143643e-03 3.714447410271183732e-04 0.000000000000000000e+00
3.475347678612760328e-03 0.000000000000000000e+00 1.025168296715690775e-03 2.502888109926102388e-04 0.000000000000000000e+00
9.279489778409076919e-04 0.000000000000000000e+00 2.618789065277639903e-04 1.337360311063974007e-04 0.000000000000000000e+00
0.000000000000000000e+00 4.098483171993561199e-05 1.502862886062713860e-04 0.000000000000000000e+00 3.742004443458262354e-04
0.000000000000000000e+00 1.034409318412997936e-05 4.520284406347117450e-05 0.000000000000000000e+00 1.222466689566634006e-04
0.000000000000000000e+00 0.000000000000000000e+00 0.000000000000000000e+00 0.000000000000000000e+00 0.000000000000000000e+00
0.000000000000000000e+00 0.000000000000000000e+00 0.000000000000000000e+00 0.000000000000000000e+00 0.000000000000000000e+00
0.000000000000000000e+00 0.000000000000000000e+00 0.000000000000000000e+00 0.000000000000000000e+00 0.000000000000000000e+00
0.000000000000000000e+00 0.000000000000000000e+00 0.000000000000000000e+00 0.000000000000000000e+00 0.000000000000000000e+00
0.000000000000000000e+00 0.000000000000000000e+00 0.000000000000000000e+00 0.000000000000000000e+00 0.000000000000000000e+00
0.000000000000000000e+00 0.000000000000000000e+00 0.000000000000000000e+00 0.000000000000000000e+00 0.000000000000000000e+00
0.000000000000000000e+00 0.000000000000000000e+00 0.000000000000000000e+00 0.000000000000000000e+00 0.000000000000000000e+00
0.000000000000000000e+00 0.000000000000000000e+00 0.000000000000000000e+00 3.866543852653659438e-04 0.000000000000000000e+00
0.000000000000000000e+00 0.000000000000000000e+00 3.707482527142973595e-04 1.511274286882184409e-03 0.000000000000000000e+00
0.000000000000000000e+00 0.000000000000000000e+00 3.182622554173808048e-04 4.776453535569789854e-03 0.000000000000000000e+00
0.000000000000000000e+00 0.000000000000000000e+00 0.000000000000000000e+00 1.263230884219357537e-02 0.000000000000000000e+00
2.417836462997508418e-03 0.000000000000000000e+00 0.000000000000000000e+00 2.494084341065969448e-02 0.000000000000000000e+00
5.898885803148710277e-03 0.000000000000000000e+00 0.000000000000000000e+00 3.813840035350361118e-02 3.169662583370225998e-03
1.080296220495054887e-02 0.000000000000000000e+00 0.000000000000000000e+00 4.162243954914304073e-02 9.789202864004087346e-03
1.840491002241952459e-02 0.000000000000000000e+00 0.000000000000000000e+00 3.745452765704606474e-02 1.731609918955984151e-02
2.706973072134444963e-02 0.000000000000000000e+00 0.000000000000000000e+00 2.718625808342308228e-02 2.237308154014989309e-02
3.326338228119047474e-02 0.000000000000000000e+00 0.000000000000000000e+00 1.688835271589019665e-02 2.361120674893470855e-02
3.458652364088319470e-02 0.000000000000000000e+00 0.000000000000000000e+00 6.528237912675213285e-03 1.780368748094414075e-02
3.115245058584103013e-02 0.000000000000000000e+00 1.943700427753680432e-05 2.054923546085041935e-03 9.720960545826677970e-03
2.228919249765086083e-02 0.000000000000000000e+00 1.735451448415167245e-03 0.000000000000000000e+00 3.966709841988832509e-03
1.247486142663062521e-02 0.000000000000000000e+00 2.182946670768859138e-03 0.000000000000000000e+00 9.755118303963342466e-04
5.578813907445188611e-03 0.000000000000000000e+00 1.413590911933821801e-03 0.000000000000000000e+00 1.691956696611441254e-05
2.844392038024416789e-03 0.000000000000000000e+00 7.815758981283929020e-04 2.853839673795273424e-04 0.000000000000000000e+00
1.374330865509929564e-03 0.000000000000000000e+00 2.968748051169171768e-04 2.526687464744954985e-04 0.000000000000000000e+00
3.650541757090750212e-04 1.856869883214323812e-05 0.000000000000000000e+00 2.030225103132845990e-04 0.000000000000000000e+00
0.000000000000000000e+00 2.893637541977972806e-05 5.158611999133732494e-05 0.000000000000000000e+00 1.516302278461555272e-04
0.000000000000000000e+00 3.671424623099593470e-05 1.604382634365453622e-04 0.000000000000000000e+00 4.338895855926661201e-04
0.000000000000000000e+00 1.034409318412997936e-05 4.520284406347117450e-05 0.000000000000000000e+00 1.222466689566634006e-04
0.000000000000000000e+00 0.000000000000000000e+00 0.000000000000000000e+00 0.000000000000000000e+00 0.000000000000000000e+00
0.000000000000000000e+00 0.000000000000000000e+00 0.000000000000000000e+00 0.000000000000000000e+00 0.000000000000000000e+00
0.000000000000000000e+00 0.000000000000000000e+00 0.000000000000000000e+00 0.000000000000000000e+00 0.000000000000000000e+00
0.000000000000000000e+00 0.000000000000000000e+00 0.000000000000000000e+00 0.000000000000000000e+00 0.000000000000000000e+00
0.000000000000000000e+00 0.000000000000000000e+00 0.000000000000000000e+00 0.000000000000000000e+00 0.000000000000000000e+00
0.000000000000000000e+00 0.000000000000000000e+00 0.000000000000000000e+00 0.000000000000000000e+00 0.000000000000000000e+00
0.000000000000000000e+00 0.000000000000000000e+00 0.000000000000000000e+00 0.000000000000000000e+00 0.000000000000000000e+00
0.000000000000000000e+00 0.000000000000000000e+00 0.000000000000000000e+00 0.000000000000000000e+00 0.000000000000000000e+00
0.000000000000000000e+00 0.000000000000000000e+00 0.000000000000000000e+00 0.000000000000000000e+00 0.000000000000000000e+00
0.000000000000000000e+00 0.000000000000000000e+00 0.000000000000000000e+00 0.000000000000000000e+00 0.000000000000000000e+00
0.000000000000000000e+00 1.980637362871075070e-05 4.792933766963917920e-05 2.162342399919613795e-05 8.081746505360911935e-06
0.000000000000000000e+00 8.742401383150127415e-05 2.660021006526831202e-04 1.958392699541406181e-04 6.514392374653227909e-05
3.133183151575133518e-04 0.000000000000000000e+00 2.209163967843115538e-04 6.566464141557427827e-04 1.462719237786701590e-04
4.713093603908796790e-04 0.000000000000000000e+00 4.208446323057155156e-04 7.274478185089789002e-04 2.602053320983648194e-04
5.856617125208025748e-04 0.000000000000000000e+00 6.586216342471730868e-04 4.846183608177403513e-04 4.289513770397235053e-04
7.454843814574538740e-04 0.000000000000000000e+00 6.676170989402080381e-04 3.924018219851883155e-04 3.307980971712908566e-04
1.517588013326590210e-04 6.803467988006259813e-04 1.074779777253700302e-03 0.000000000000000000e+00 5.925198482727130414e-04
0.000000000000000000e+00 2.125565488959664691e-04 7.472637864868930451e-04 0.000000000000000000e+00 3.827839076332357517e-04
5.810060496365472191e-05 1.489767679570297464e-04 2.089017276684133429e-04 0.000000000000000000e+00 1.723878539865189328e-05
0.000000000000000000e+00 0.000000000000000000e+00 0.000000000000000000e+00 0.000000000000000000e+00 0.000000000000000000e+00
0.000000000000000000e+00 0.000000000000000000e+00 0.000000000000000000e+00 0.000000000000000000e+00 0.000000000000000000e+00
0.000000000000000000e+00 0.000000000000000000e+00 0.000000000000000000e+00 0.000000000000000000e+00 0.000000000000000000e+00
0.000000000000000000e+00 0.000000000000000000e+00 0.000000000000000000e+00 0.000000000000000000e+00 0.000000000000000000e+00
0.000000000000000000e+00 0.000000000000000000e+00 0.000000000000000000e+00 0.000000000000000000e+00 0.000000000000000000e+00
0.000000000000000000e+00 0.000000000000000000e+00 0.000000000000000000e+00 0.000000000000000000e+00 0.000000000000000000e+00
0.000000000000000000e+00 0.000000000000000000e+00 0.000000000000000000e+00 0.000000000000000000e+00 0.000000000000000000e+00
0.000000000000000000e+00 0.000000000000000000e+00 0.000000000000000000e+00 0.000000000000000000e+00 0.000000000000000000e+00
0.000000000000000000e+00 0.000000000000000000e+00 0.000000000000000000e+00 0.000000000000000000e+00 0.000000000000000000e+00
0.000000000000000000e+00 0.000000000000000000e+00 0.000000000000000000e+00 0.000000000000000000e+00 0.000000000000000000e+00
0.000000000000000000e+00 0.000000000000000000e+00 0.000000000000000000e+00 0.000000000000000000e+00 0.000000000000000000e+00
0.000000000000000000e+00 0.000000000000000000e+00 0.000000000000000000e+00 0.000000000000000000e+00 0.000000000000000000e+00
0.000000000000000000e+00 0.000000000000000000e+00 0.000000000000000000e+00 0.000000000000000000e+00 0.000000000000000000e+00
0.000000000000000000e+00 0.000000000000000000e+00 0.000000000000000000e+00 0.000000000000000000e+00 0.000000000000000000e+00
0.000000000000000000e+00 0.000000000000000000e+00 0.000000000000000000e+00 0.000000000000000000e+00 0.000000000000000000e+00
0.000000000000000000e+00 0.000000000000000000e+00 0.000000000000000000e+00 0.000000000000000000e+00 0.000000000000000000e+00
0.000000000000000000e+00 0.000000000000000000e+00 0.000000000000000000e+00 0.000000000000000000e+00 0.000000000000000000e+00
0.000000000000000000e+00 0.000000000000000000e+00 0.000000000000000000e+00 0.000000000000000000e+00 0.000000000000000000e+00
0.000000000000000000e+00 0.000000000000000000e+00 0.000000000000000000e+00 0.000000000000000000e+00 0.000000000000000000e+00
0.000000000000000000e+00 0.000000000000000000e+00 0.000000000000000000e+00 0.000000000000000000e+00 0.000000000000000000e+00
0.000000000000000000e+00 0.000000000000000000e+00 0.000000000000000000e+00 0.000000000000000000e+00 0.000000000000000000e+00
0.000000000000000000e+00 0.000000000000000000e+00 0.000000000000000000e+00 0.000000000000000000e+00 0.000000000000000000e+00
0.000000000000000000e+00 0.000000000000000000e+00 0.000000000000000000e+00 0.000000000000000000e+00 0.000000000000000000e+00
0.000000000000000000e+00 0.000000000000000000e+00 0.000000000000000000e+00 0.000000000000000000e+00 0.000000000000000000e+00
0.000000000000000000e+00 0.000000000000000000e+00 0.000000000000000000e+00 0.000000000000000000e+00 0.000000000000000000e+00
0.000000000000000000e+00 0.000000000000000000e+00 0.000000000000000000e+00 0.000000000000000000e+00 0.000000000000000000e+00
0.000000000000000000e+00 0.000000000000000000e+00 0.000000000000000000e+00 0.000000000000000000e+00 0.000000000000000000e+00
0.000000000000000000e+00 0.000000000000000000e+00 0.000000000000000000e+00 0.000000000000000000e+00 0.000000000000000000e+00
0.000000000000000000e+00 0.000000000000000000e+00 0.000000000000000000e+00 0.000000000000000000e+00 0.000000000000000000e+00
0.000000000000000000e+00 0.000000000000000000e+00 0.000000000000000000e+00 0.000000000000000000e+00 0.000000000000000000e+00
0.000000000000000000e+00 0.000000000000000000e+00 0.000000000000000000e+00 0.000000000000000000e+00 0.000000000000000000e+00
0.000000000000000000e+00 0.000000000000000000e+00 0.000000000000000000e+00 0.000000000000000000e+00 0.000000000000000000e+00
0.000000000000000000e+00 0.000000000000000000e+00 0.000000000000000000e+00 0.000000000000000000e+00 0.000000000000000000e+00
0.000000000000000000e+00 0.000000000000000000e+00 0.000000000000000000e+00 0.000000000000000000e+00 0.000000000000000000e+00
0.000000000000000000e+00 0.000000000000000000e+00 0.000000000000000000e+00 0.000000000000000000e+00 0.000000000000000000e+00
0.000000000000000000e+00 0.000000000000000000e+00 0.000000000000000000e+00 0.000000000000000000e+00 0.000000000000000000e+00
0.000000000000000000e+00 0.000000000000000000e+00 0.000000000000000000e+00 0.000000000000000000e+00 0.000000000000000000e+00
0.000000000000000000e+00 0.000000000000000000e+00 0.000000000000000000e+00 0.000000000000000000e+00 0.000000000000000000e+00
0.000000000000000000e+00 0.000000000000000000e+00 0.000000000000000000e+00 0.000000000000000000e+00 0.000000000000000000e+00
0.000000000000000000e+00 0.000000000000000000e+00 0.000000000000000000e+00 0.000000000000000000e+00 0.000000000000000000e+00
0.000000000000000000e+00 0.000000000000000000e+00 0.000000000000000000e+00 0.000000000000000000e+00 0.000000000000000000e+00
0.000000000000000000e+00 0.000000000000000000e+00 0.000000000000000000e+00 0.000000000000000000e+00 0.000000000000000000e+00
0.000000000000000000e+00 0.000000000000000000e+00 0.000000000000000000e+00 0.000000000000000000e+00 0.000000000000000000e+00
0.000000000000000000e+00 0.000000000000000000e+00 0.000000000000000000e+00 0.000000000000000000e+00 0.000000000000000000e+00
0.000000000000000000e+00 0.000000000000000000e+00 0.000000000000000000e+00 0.000000000000000000e+00 0.000000000000000000e+00
0.000000000000000000e+00 0.000000000000000000e+00 0.000000000000000000e+00 0.000000000000000000e+00 0.000000000000000000e+00
0.000000000000000000e+00 0.000000000000000000e+00 0.000000000000000000e+00 0.000000000000000000e+00 0.000000000000000000e+00
0.000000000000000000e+00 0.000000000000000000e+00 0.000000000000000000e+00 0.000000000000000000e+00 0.000000000000000000e+00
0.000000000000000000e+00 0.000000000000000000e+00 0.000000000000000000e+00 0.000000000000000000e+00 0.000000000000000000e+00
0.000000000000000000e+00 0.000000000000000000e+00 0.000000000000000000e+00 0.000000000000000000e+00 0.000000000000000000e+00
0.000000000000000000e+00 0.000000000000000000e+00 0.000000000000000000e+00 0.000000000000000000e+00 0.000000000000000000e+00
0.000000000000000000e+00 0.000000000000000000e+00 0.000000000000000000e+00 0.000000000000000000e+00 0.000000000000000000e+00
0.000000000000000000e+00 0.000000000000000000e+00 0.000000000000000000e+00 0.000000000000000000e+00 0.000000000000000000e+00
0.000000000000000000e+00 0.000000000000000000e+00 0.000000000000000000e+00 0.000000000000000000e+00 0.000000000000000000e+00
0.000000000000000000e+00 0.000000000000000000e+00 0.000000000000000000e+00 0.000000000000000000e+00 0.000000000000000000e+00
0.000000000000000000e+00 0.000000000000000000e+00 0.000000000000000000e+00 0.000000000000000000e+00 0.000000000000000000e+00
0.000000000000000000e+00 0.000000000000000000e+00 0.000000000000000000e+00 0.000000000000000000e+00 0.000000000000000000e+00
0.000000000000000000e+00 0.000000000000000000e+00 0.000000000000000000e+00 0.000000000000000000e+00 0.000000000000000000e+00
0.000000000000000000e+00 0.000000000000000000e+00 0.000000000000000000e+00 0.000000000000000000e+00 0.000000000000000000e+00
0.000000000000000000e+00 0.000000000000000000e+00 0.000000000000000000e+00 0.000000000000000000e+00 0.000000000000000000e+00
0.000000000000000000e+00 0.000000000000000000e+00 0.000000000000000000e+00 0.000000000000000000e+00 0.000000000000000000e+00
0.000000000000000000e+00 0.000000000000000000e+00 0.000000000000000000e+00 0.000000000000000000e+00 0.000000000000000000e+00
0.000000000000000000e+00 0.000000000000000000e+00 0.000000000000000000e+00 0.000000000000000000e+00 0.000000000000000000e+00
0.000000000000000000e+00 0.000000000000000000e+00 0.000000000000000000e+00 0.000000000000000000e+00 0.000000000000000000e+00
0.000000000000000000e+00 0.000000000000000000e+00 0.000000000000000000e+00 0.000000000000000000e+00 0.000000000000000000e+00
0.000000000000000000e+00 0.000000000000000000e+00 0.000000000000000000e+00 0.000000000000000000e+00 0.000000000000000000e+00
0.000000000000000000e+00 0.000000000000000000e+00 0.000000000000000000e+00 0.000000000000000000e+00 0.000000000000000000e+00
0.000000000000000000e+00 0.000000000000000000e+00 0.000000000000000000e+00 0.000000000000000000e+00 0.000000000000000000e+00
