11428.0570931434630.000000000000000000e+00 0.000000000000000000e+00 0.000000000000000000e+00 0.000000000000000000e+00 0.000000000000000000e+00
0.000000000000000000e+00 0.000000000000000000e+00 0.000000000000000000e+00 0.000000000000000000e+00 0.000000000000000000e+00
0.000000000000000000e+00 0.000000000000000000e+00 0.000000000000000000e+00 0.000000000000000000e+00 0.000000000000000000e+00
0.000000000000000000e+00 0.000000000000000000e+00 0.000000000000000000e+00 0.000000000000000000e+00 0.000000000000000000e+00
0.000000000000000000e+00 0.000000000000000000e+00 0.000000000000000000e+00 0.000000000000000000e+00 0.000000000000000000e+00
0.000000000000000000e+00 0.000000000000000000e+00 0.000000000000000000e+00 0.000000000000000000e+00 0.000000000000000000e+00
0.000000000000000000e+00 0.000000000000000000e+00 0.000000000000000000e+00 0.000000000000000000e+00 0.000000000000000000e+00
0.000000000000000000e+00 0.000000000000000000e+00 0.000000000000000000e+00 0.000000000000000000e+00 0.000000000000000000e+00
0.000000000000000000e+00 0.000000000000000000e+00 0.000000000000000000e+00 0.000000000000000000e+00 0.000000000000000000e+00
0.000000000000000000e+00 0.000000000000000000e+00 0.000000000000000000e+00 0.000000000000000000e+00 0.000000000000000000e+00
0.000000000000000000e+00 0.000000000000000000e+00 0.000000000000000000e+00 0.000000000000000000e+00 0.000000000000000000e+00
0.000000000000000000e+00 0.000000000000000000e+00 0.000000000000000000e+00 0.000000000000000000e+00 0.000000000000000000e+00
0.000000000000000000e+00 0.000000000000000000e+00 0.000000000000000000e+00 0.000000000000000000e+00 0.000000000000000000e+00
0.000000000000000000e+00 0.000000000000000000e+00 0.000000000000000000e+00 0.000000000000000000e+00 0.000000000000000000e+00
0.000000000000000000e+00 0.000000000000000000e+00 0.000000000000000000e+00 0.000000000000000000e+00 0.000000000000000000e+00
0.000000000000000000e+00 0.000000000000000000e+00 0.000000000000000000e+00 0.000000000000000000e+00 0.000000000000000000e+00
0.000000000000000000e+00 0.000000000000000000e+00 0.000000000000000000e+00 0.000000000000000000e+00 0.000000000000000000e+00
0.000000000000000000e+00 0.000000000000000000e+00 0.000000000000000000e+00 0.000000000000000000e+00 0.000000000000000000e+00
0.000000000000000000e+00 0.000000000000000000e+00 0.000000000000000000e+00 0.000000000000000000e+00 0.000000000000000000e+00
0.000000000000000000e+00 0.000000000000000000e+00 0.000000000000000000e+00 0.000000000000000000e+00 0.000000000000000000e+00
0.000000000000000000e+00 0.000000000000000000e+00 0.000000000000000000e+00 0.000000000000000000e+00 0.000000000000000000e+00
0.000000000000000000e+00 0.000000000000000000e+00 0.000000000000000000e+00 0.000000000000000000e+00 0.000000000000000000e+00
0.000000000000000000e+00 0.000000000000000000e+00 0.000000000000000000e+00 0.000000000000000000e+00 0.000000000000000000e+00
0.000000000000000000e+00 0.000000000000000000e+00 0.000000000000000000e+00 0.000000000000000000e+00 0.000000000000000000e+00
0.000000000000000000e+00 0.000000000000000000e+00 0.000000000000000000e+00 0.000000000000000000e+00 0.000000000000000000e+00
0.000000000000000000e+00 0.000000000000000000e+00 0.000000000000000000e+00 0.000000000000000000e+00 0.000000000000000000e+00
0.000000000000000000e+00 0.000000000000000000e+00 0.000000000000000000e+00 0.000000000000000000e+00 0.000000000000000000e+00
0.000000000000000000e+00 0.000000000000000000e+00 0.000000000000000000e+00 0.000000000000000000e+00 0.000000000000000000e+00
0.000000000000000000e+00 0.000000000000000000e+00 0.000000000000000000e+00 0.000000000000000000e+00 0.000000000000000000e+00
0.000000000000000000e+00 0.000000000000000000e+00 0.000000000000000000e+00 0.000000000000000000e+00 0.000000000000000000e+00
0.000000000000000000e+00 0.000000000000000000e+00 0.000000000000000000e+00 0.000000000000000000e+00 0.000000000000000000e+00
0.000000000000000000e+00 0.000000000000000000e+00 0.000000000000000000e+00 0.000000000000000000e+00 0.000000000000000000e+00
0.000000000000000000e+00 0.000000000000000000e+00 0.000000000000000000e+00 0.000000000000000000e+00 0.000000000000000000e+00
0.000000000000000000e+00 0.000000000000000000e+00 0.000000000000000000e+00 0.000000000000000000e+00 0.000000000000000000e+00
0.000000000000000000e+00 0.000000000000000000e+00 0.000000000000000000e+00 0.000000000000000000e+00 0.000000000000000000e+00
0.000000000000000000e+00 0.000000000000000000e+00 0.000000000000000000e+00 0.000000000000000000e+00 0.000000000000000000e+00
0.000000000000000000e+00 0.000000000000000000e+00 0.000000000000000000e+00 0.000000000000000000e+00 0.000000000000000000e+00
0.000000000000000000e+00 0.000000000000000000e+00 0.000000000000000000e+00 0.000000000000000000e+00 0.000000000000000000e+00
0.000000000000000000e+00 0.000000000000000000e+00 0.000000000000000000e+00 0.000000000000000000e+00 0.000000000000000000e+00
0.000000000000000000e+00 0.000000000000000000e+00 0.000000000000000000e+00 1.292327817283984970e-05 1.666043102635704162e-04
0.000000000000000000e+00 0.000000000000000000e+00 0.000000000000000000e+00 2.554366701350396893e-05 3.293038320053374838e-04
0.000000000000000000e+00 0.000000000000000000e+00 0.000000000000000000e+00 1.050016351543245412e-05 1.353660020891505125e-04
0.000000000000000000e+00 0.000000000000000000e+00 0.000000000000000000e+00 0.000000000000000000e+00 0.000000000000000000e+00
0.000000000000000000e+00 0.000000000000000000e+00 5.685469095507559130e-07 3.058332288846979404e-06 1.749969631081677783e-04
0.000000000000000000e+00 0.000000000000000000e+00 1.554028219438728389e-06 8.359441589515092538e-06 4.783250324956585470e-04
0.000000000000000000e+00 0.000000000000000000e+00 7.391109824159638722e-07 3.975831975501096815e-06 2.274960520406171956e-04
0.000000000000000000e+00 0.000000000000000000e+00 0.000000000000000000e+00 0.000000000000000000e+00 0.000000000000000000e+00
0.000000000000000000e+00 0.000000000000000000e+00 0.000000000000000000e+00 0.000000000000000000e+00 0.000000000000000000e+00
0.000000000000000000e+00 0.000000000000000000e+00 0.000000000000000000e+00 0.000000000000000000e+00 0.000000000000000000e+00
0.000000000000000000e+00 0.000000000000000000e+00 0.000000000000000000e+00 0.000000000000000000e+00 0.000000000000000000e+00
0.000000000000000000e+00 0.000000000000000000e+00 0.000000000000000000e+00 0.000000000000000000e+00 0.000000000000000000e+00
0.000000000000000000e+00 0.000000000000000000e+00 0.000000000000000000e+00 0.000000000000000000e+00 0.000000000000000000e+00
0.000000000000000000e+00 0.000000000000000000e+00 0.000000000000000000e+00 0.000000000000000000e+00 0.000000000000000000e+00
0.000000000000000000e+00 0.000000000000000000e+00 0.000000000000000000e+00 0.000000000000000000e+00 0.000000000000000000e+00
0.000000000000000000e+00 0.000000000000000000e+00 0.000000000000000000e+00 0.000000000000000000e+00 0.000000000000000000e+00
0.000000000000000000e+00 0.000000000000000000e+00 0.000000000000000000e+00 0.000000000000000000e+00 0.000000000000000000e+00
0.000000000000000000e+00 0.000000000000000000e+00 0.000000000000000000e+00 0.000000000000000000e+00 0.000000000000000000e+00
0.000000000000000000e+00 0.000000000000000000e+00 0.000000000000000000e+00 0.000000000000000000e+00 0.000000000000000000e+00
0.000000000000000000e+00 0.000000000000000000e+00 0.000000000000000000e+00 0.000000000000000000e+00 0.000000000000000000e+00
0.000000000000000000e+00 0.000000000000000000e+00 0.000000000000000000e+00 5.163205443875185267e-06 2.038672375974717315e-05
0.000000000000000000e+00 0.000000000000000000e+00 0.000000000000000000e+00 1.780415670301796377e-06 7.029904744740420802e-06
0.000000000000000000e+00 0.000000000000000000e+00 0.000000000000000000e+00 0.000000000000000000e+00 0.000000000000000000e+00
0.000000000000000000e+00 0.000000000000000000e+00 0.000000000000000000e+00 0.000000000000000000e+00 0.000000000000000000e+00
0.000000000000000000e+00 0.000000000000000000e+00 0.000000000000000000e+00 7.678545039780392304e-05 1.766883590008501111e-04
0.000000000000000000e+00 0.000000000000000000e+00 0.000000000000000000e+00 1.941701044542174645e-05 4.467981491975522217e-05
0.000000000000000000e+00 0.000000000000000000e+00 0.000000000000000000e+00 0.000000000000000000e+00 0.000000000000000000e+00
0.000000000000000000e+00 0.000000000000000000e+00 0.000000000000000000e+00 0.000000000000000000e+00 0.000000000000000000e+00
0.000000000000000000e+00 0.000000000000000000e+00 0.000000000000000000e+00 9.288606186728819004e-06 1.197468480019414281e-04
0.000000000000000000e+00 0.000000000000000000e+00 0.000000000000000000e+00 2.137775870704999097e-05 3.491220161793361326e-04
0.000000000000000000e+00 0.000000000000000000e+00 0.000000000000000000e+00 3.479693943665243221e-06 3.109234512984194836e-04
0.000000000000000000e+00 1.995375020615113807e-05 0.000000000000000000e+00 2.417619809528729182e-05 2.545607257049487595e-05
0.000000000000000000e+00 3.721072340796685514e-05 0.000000000000000000e+00 4.798168731226629846e-05 5.614255532922359063e-05
0.000000000000000000e+00 0.000000000000000000e+00 0.000000000000000000e+00 3.068723118363545345e-05 1.508004746246296166e-04
0.000000000000000000e+00 0.000000000000000000e+00 0.000000000000000000e+00 2.133547333759840703e-06 8.499412499838053569e-06
0.000000000000000000e+00 0.000000000000000000e+00 0.000000000000000000e+00 0.000000000000000000e+00 0.000000000000000000e+00
0.000000000000000000e+00 0.000000000000000000e+00 0.000000000000000000e+00 0.000000000000000000e+00 0.000000000000000000e+00
0.000000000000000000e+00 0.000000000000000000e+00 0.000000000000000000e+00 0.000000000000000000e+00 0.000000000000000000e+00
0.000000000000000000e+00 0.000000000000000000e+00 0.000000000000000000e+00 0.000000000000000000e+00 0.000000000000000000e+00
0.000000000000000000e+00 0.000000000000000000e+00 0.000000000000000000e+00 0.000000000000000000e+00 0.000000000000000000e+00
0.000000000000000000e+00 0.000000000000000000e+00 0.000000000000000000e+00 0.000000000000000000e+00 0.000000000000000000e+00
0.000000000000000000e+00 0.000000000000000000e+00 0.000000000000000000e+00 0.000000000000000000e+00 0.000000000000000000e+00
0.000000000000000000e+00 0.000000000000000000e+00 0.000000000000000000e+00 0.000000000000000000e+00 0.000000000000000000e+00
0.000000000000000000e+00 0.000000000000000000e+00 0.000000000000000000e+00 0.000000000000000000e+00 0.000000000000000000e+00
0.000000000000000000e+00 0.000000000000000000e+00 0.000000000000000000e+00 0.000000000000000000e+00 0.000000000000000000e+00
0.000000000000000000e+00 0.000000000000000000e+00 0.000000000000000000e+00 0.000000000000000000e+00 0.000000000000000000e+00
0.000000000000000000e+00 0.000000000000000000e+00 0.000000000000000000e+00 0.000000000000000000e+00 0.000000000000000000e+00
0.000000000000000000e+00 0.000000000000000000e+00 0.000000000000000000e+00 0.000000000000000000e+00 0.000000000000000000e+00
0.000000000000000000e+00 0.000000000000000000e+00 0.000000000000000000e+00 1.495549163053513226e-05 5.905119985581999112e-05
0.000000000000000000e+00 4.226072348231034817e-05 0.000000000000000000e+00 3.579040422789338743e-05 0.000000000000000000e+00
0.000000000000000000e+00 1.190078694798370678e-04 0.000000000000000000e+00 8.118464384182574737e-05 0.000000000000000000e+00
0.000000000000000000e+00 1.190078694798370678e-04 0.000000000000000000e+00 8.118464384182574737e-05 0.000000000000000000e+00
0.000000000000000000e+00 1.906361355999633823e-05 0.000000000000000000e+00 1.249619659007158133e-04 1.852414187311559744e-04
0.000000000000000000e+00 3.648789490392027326e-05 0.000000000000000000e+00 5.572129199326862517e-05 2.294368985263656061e-04
0.000000000000000000e+00 2.847665472288734018e-06 5.673577907032038630e-05 1.752273194363603329e-04 5.398960260935785739e-04
0.000000000000000000e+00 7.027275326743961513e-05 5.282801689478250264e-04 2.591638822535430342e-04 6.439725700891277401e-04
0.000000000000000000e+00 3.503110345316328843e-04 1.131892618703552161e-03 7.464605944074531683e-04 1.315609672620373380e-03
0.000000000000000000e+00 1.241765231104457546e-03 9.536791052715325135e-04 1.717573668689371686e-03 1.550293255920995013e-03
0.000000000000000000e+00 2.274671936180183967e-03 6.625260845033077587e-04 2.447494031253507306e-03 1.863786838997016481e-03
0.000000000000000000e+00 3.182478463180512477e-03 0.000000000000000000e+00 2.887647621157202627e-03 1.501259859697657477e-03
0.000000000000000000e+00 3.713410208105236057e-03 0.000000000000000000e+00 3.304054381227776623e-03 3.276830935528764806e-03
0.000000000000000000e+00 2.948407256965605589e-03 0.000000000000000000e+00 3.133260257288690478e-03 3.981273087438375567e-03
0.000000000000000000e+00 1.409227781061771342e-03 0.000000000000000000e+00 2.218210141647495356e-03 3.436762937930102832e-03
1.030075885871093149e-03 1.201958138179409443e-05 0.000000000000000000e+00 1.036910692907221446e-03 2.711631962165462258e-03
1.745327050619742198e-03 0.000000000000000000e+00 0.000000000000000000e+00 0.000000000000000000e+00 2.213511423455685485e-03
1.146870113444953439e-03 0.000000000000000000e+00 0.000000000000000000e+00 0.000000000000000000e+00 1.276416972729229249e-03
3.779128965782115176e-04 0.000000000000000000e+00 0.000000000000000000e+00 0.000000000000000000e+00 4.828339035351948000e-04
3.006014787388241002e-05 0.000000000000000000e+00 0.000000000000000000e+00 8.941388344088214122e-05 1.585692916851578040e-04
9.329737511682743649e-05 0.000000000000000000e+00 6.178048057494560643e-06 0.000000000000000000e+00 6.276202512527278633e-05
1.391080166932468659e-04 0.000000000000000000e+00 1.213142259145067818e-05 0.000000000000000000e+00 8.817667228846188371e-05
3.982307928865507683e-05 0.000000000000000000e+00 3.472917055591762585e-06 0.000000000000000000e+00 2.524273363552043979e-05
0.000000000000000000e+00 0.000000000000000000e+00 0.000000000000000000e+00 0.000000000000000000e+00 0.000000000000000000e+00
0.000000000000000000e+00 0.000000000000000000e+00 0.000000000000000000e+00 0.000000000000000000e+00 0.000000000000000000e+00
0.000000000000000000e+00 0.000000000000000000e+00 0.000000000000000000e+00 0.000000000000000000e+00 0.000000000000000000e+00
0.000000000000000000e+00 0.000000000000000000e+00 0.000000000000000000e+00 0.000000000000000000e+00 0.000000000000000000e+00
0.000000000000000000e+00 0.000000000000000000e+00 0.000000000000000000e+00 0.000000000000000000e+00 0.000000000000000000e+00
1.145432205463664894e-05 0.000000000000000000e+00 0.000000000000000000e+00 2.171108034947381851e-05 8.523622056798050108e-05
2.082695265111428180e-05 3.229929977355904767e-05 2.011328882927746958e-05 1.335799039401573653e-05 0.000000000000000000e+00
7.007216947864859786e-06 6.536192262125580215e-05 0.000000000000000000e+00 2.537452053205588580e-05 0.000000000000000000e+00
0.000000000000000000e+00 1.256931949618560033e-04 3.205844070821966792e-04 2.339371927701152187e-06 1.267117753956686801e-04
0.000000000000000000e+00 0.000000000000000000e+00 1.225435557424174506e-03 0.000000000000000000e+00 7.502158705321099793e-04
0.000000000000000000e+00 0.000000000000000000e+00 3.909690897070610890e-03 0.000000000000000000e+00 1.631233238884866694e-03
0.000000000000000000e+00 0.000000000000000000e+00 8.684266850747347083e-03 0.000000000000000000e+00 3.740303274636736040e-03
0.000000000000000000e+00 5.282163667723532375e-04 1.711865090719128998e-02 0.000000000000000000e+00 6.645053163530852645e-03
0.000000000000000000e+00 5.497741783472381155e-03 2.830018914746045347e-02 0.000000000000000000e+00 8.434148709071869615e-03
0.000000000000000000e+00 1.810253107119340690e-02 3.709748215143538613e-02 0.000000000000000000e+00 7.440658027425643521e-03
0.000000000000000000e+00 3.682041997855183685e-02 3.683724203274797715e-02 0.000000000000000000e+00 3.736213251662314199e-03
0.000000000000000000e+00 5.305787838686062963e-02 2.837442851024371895e-02 2.258097327213818683e-03 1.656868051107659697e-03
0.000000000000000000e+00 6.265566072317209356e-02 1.451830707751823601e-02 3.158964728163376166e-03 1.155892022055717222e-03
2.022129040879473358e-02 5.627724652982302178e-02 1.913505524834535881e-03 1.024634647886963007e-03 0.000000000000000000e+00
4.861840037593728736e-02 3.596075456423835498e-02 0.000000000000000000e+00 0.000000000000000000e+00 0.000000000000000000e+00
6.222688393347958896e-02 1.465688336488956377e-02 0.000000000000000000e+00 0.000000000000000000e+00 1.807522294852398565e-03
5.945227781777740611e-02 0.000000000000000000e+00 0.000000000000000000e+00 0.000000000000000000e+00 2.744959171851430596e-03
4.354277890476278973e-02 0.000000000000000000e+00 0.000000000000000000e+00 0.000000000000000000e+00 3.423425213303984190e-03
2.399982383518885903e-02 0.000000000000000000e+00 0.000000000000000000e+00 0.000000000000000000e+00 3.784172881534580285e-03
9.296284919223843021e-03 0.000000000000000000e+00 0.000000000000000000e+00 0.000000000000000000e+00 2.220352125000323983e-03
2.048264577872142660e-03 0.000000000000000000e+00 0.000000000000000000e+00 0.000000000000000000e+00 7.492302983152885221e-04
5.315365764119757549e-04 0.000000000000000000e+00 5.037198468211367519e-05 0.000000000000000000e+00 3.309598814971223936e-04
1.528668659404947483e-04 0.000000000000000000e+00 2.360668737025358832e-05 0.000000000000000000e+00 1.164553606147177294e-04
0.000000000000000000e+00 0.000000000000000000e+00 0.000000000000000000e+00 0.000000000000000000e+00 0.000000000000000000e+00
0.000000000000000000e+00 0.000000000000000000e+00 0.000000000000000000e+00 0.000000000000000000e+00 0.000000000000000000e+00
0.000000000000000000e+00 0.000000000000000000e+00 0.000000000000000000e+00 0.000000000000000000e+00 0.000000000000000000e+00
0.000000000000000000e+00 0.000000000000000000e+00 0.000000000000000000e+00 0.000000000000000000e+00 0.000000000000000000e+00
0.000000000000000000e+00 0.000000000000000000e+00 0.000000000000000000e+00 0.000000000000000000e+00 0.000000000000000000e+00
2.621566209668426385e-05 0.000000000000000000e+00 0.000000000000000000e+00 1.706007842343975210e-05 1.494471546564277002e-04
5.296549507037609766e-05 0.000000000000000000e+00 4.313221174773035722e-06 0.000000000000000000e+00 0.000000000000000000e+00
3.246143578433838370e-05 0.000000000000000000e+00 1.252509804857991681e-04 2.988526591712363368e-05 4.147538080158885509e-05
0.000000000000000000e+00 0.000000000000000000e+00 1.648972508523449763e-03 0.000000000000000000e+00 7.956294398805258388e-04
0.000000000000000000e+00 0.000000000000000000e+00 5.035825328598550997e-03 0.000000000000000000e+00 2.145119352356604416e-03
0.000000000000000000e+00 0.000000000000000000e+00 1.441496081259748853e-02 0.000000000000000000e+00 4.518569804618940977e-03
0.000000000000000000e+00 0.000000000000000000e+00 3.317884764855819069e-02 0.000000000000000000e+00 8.409359197405506803e-03
0.000000000000000000e+00 3.650435286004030840e-03 5.880140454063327582e-02 0.000000000000000000e+00 1.045870220073412578e-02
0.000000000000000000e+00 2.211047099467347912e-02 8.179480665621158275e-02 0.000000000000000000e+00 7.410271742266502128e-03
0.000000000000000000e+00 5.232374113901713808e-02 8.983310759915508203e-02 0.000000000000000000e+00 2.365865263543537669e-03
0.000000000000000000e+00 8.425481768687161088e-02 8.585632694045833291e-02 8.367532526897419366e-04 0.000000000000000000e+00
0.000000000000000000e+00 1.059116802854601080e-01 7.312906965705211204e-02 3.921571887201266010e-03 0.000000000000000000e+00
2.770782086653470963e-02 1.100092372142401076e-01 5.864435107399684072e-02 1.512094937226525406e-03 0.000000000000000000e+00
6.883344392413480450e-02 9.981596463882352888e-02 4.051249554805266134e-02 0.000000000000000000e+00 0.000000000000000000e+00
1.046589430763315842e-01 7.311646573967907348e-02 2.284611189634472989e-02 0.000000000000000000e+00 0.000000000000000000e+00
1.261739264712671005e-01 4.044837533444450156e-02 7.668975976042747243e-03 0.000000000000000000e+00 0.000000000000000000e+00
1.264276481922878836e-01 1.198625443343384611e-02 0.000000000000000000e+00 0.000000000000000000e+00 0.000000000000000000e+00
9.940641761014455680e-02 0.000000000000000000e+00 0.000000000000000000e+00 0.000000000000000000e+00 0.000000000000000000e+00
6.027834338960971067e-02 0.000000000000000000e+00 0.000000000000000000e+00 0.000000000000000000e+00 0.000000000000000000e+00
2.652733718471587260e-02 0.000000000000000000e+00 0.000000000000000000e+00 1.471521445475551624e-04 1.430703211850602782e-03
7.681513522563324266e-03 0.000000000000000000e+00 0.000000000000000000e+00 0.000000000000000000e+00 9.174423196690123733e-04
1.131916861759374752e-03 0.000000000000000000e+00 0.000000000000000000e+00 0.000000000000000000e+00 5.858309049336491402e-04
1.222574517191970871e-04 0.000000000000000000e+00 1.807703006878805247e-05 0.000000000000000000e+00 8.942066252735683652e-05
0.000000000000000000e+00 0.000000000000000000e+00 0.000000000000000000e+00 0.000000000000000000e+00 0.000000000000000000e+00
0.000000000000000000e+00 0.000000000000000000e+00 0.000000000000000000e+00 0.000000000000000000e+00 0.000000000000000000e+00
0.000000000000000000e+00 0.000000000000000000e+00 0.000000000000000000e+00 0.000000000000000000e+00 0.000000000000000000e+00
0.000000000000000000e+00 0.000000000000000000e+00 0.000000000000000000e+00 0.000000000000000000e+00 0.000000000000000000e+00
0.000000000000000000e+00 0.000000000000000000e+00 0.000000000000000000e+00 0.000000000000000000e+00 0.000000000000000000e+00
0.000000000000000000e+00 0.000000000000000000e+00 0.000000000000000000e+00 0.000000000000000000e+00 0.000000000000000000e+00
1.791533893184073841e-04 0.000000000000000000e+00 5.322538690407067078e-05 4.285247987147958458e-05 0.000000000000000000e+00
0.000000000000000000e+00 0.000000000000000000e+00 1.187040121935015787e-03 9.573623129430009805e-05 8.233046081115786338e-04
0.000000000000000000e+00 0.000000000000000000e+00 4.580098341833318924e-03 0.000000000000000000e+00 2.374628068617574885e-03
0.000000000000000000e+00 0.000000000000000000e+00 1.446320706068872537e-02 0.000000000000000000e+00 4.738998676601302237e-03
0.000000000000000000e+00 0.000000000000000000e+00 3.979500701379606181e-02 0.000000000000000000e+00 8.793153431075281107e-03
0.000000000000000000e+00 0.000000000000000000e+00 7.555954548772257640e-02 0.000000000000000000e+00 1.161695156690741547e-02
0.000000000000000000e+00 1.612654491135113305e-02 1.070343721433034551e-01 0.000000000000000000e+00 7.736307654529403326e-03
0.000000000000000000e+00 5.293354594557682369e-02 1.162625498311499195e-01 4.123416190206256535e-03 0.000000000000000000e+00
0.000000000000000000e+00 8.965605237828601359e-02 1.049958975149686002e-01 1.869234445697665406e-02 0.000000000000000000e+00
0.000000000000000000e+00 1.113148697838761275e-01 8.767778532318706852e-02 2.924038169304029808e-02 0.000000000000000000e+00
2.872072016725790017e-02 1.116266135145070199e-01 7.675815211919642667e-02 3.125969113975921032e-02 6.341456370209116273e-04
6.188829071156713019e-02 1.002281153371037403e-01 7.403840912192780066e-02 2.710928673783874823e-02 1.339005420587420329e-02
8.578751327215911049e-02 8.936671748207089538e-02 7.005025590821654935e-02 2.080901382269025393e-02 1.919650758636871901e-02
1.042907545158606453e-01 7.971253376069895036e-02 5.765512268475245922e-02 1.944260433204604566e-02 1.284318723103126079e-02
1.253325215506685963e-01 6.135718202485757750e-02 3.969693974923525770e-02 1.846242513349256875e-02 0.000000000000000000e+00
1.443496489744356681e-01 3.040013443034311064e-02 2.042694970085160225e-02 1.667074273395271686e-02 0.000000000000000000e+00
1.389838790864284523e-01 3.239047475983413381e-03 5.538022691090676956e-03 1.664711058122490123e-02 0.000000000000000000e+00
1.028106584356283243e-01 0.000000000000000000e+00 0.000000000000000000e+00 1.315821685013174140e-02 0.000000000000000000e+00
5.510895308729939907e-02 0.000000000000000000e+00 0.000000000000000000e+00 7.857619460659170246e-03 0.000000000000000000e+00
1.813584644154328518e-02 0.000000000000000000e+00 0.000000000000000000e+00 3.134148185561614914e-03 2.463243331256369933e-03
2.389286969993127067e-03 0.000000000000000000e+00 0.000000000000000000e+00 1.981998152521862117e-04 9.059487096357101733e-04
2.116254796006590804e-04 0.000000000000000000e+00 1.334638627626092385e-06 0.000000000000000000e+00 2.332760547244105574e-04
0.000000000000000000e+00 0.000000000000000000e+00 0.000000000000000000e+00 1.011089603603024634e-05 5.988057632643604034e-05
0.000000000000000000e+00 0.000000000000000000e+00 0.000000000000000000e+00 7.329827418861549227e-06 1.057267188316360443e-04
0.000000000000000000e+00 0.000000000000000000e+00 0.000000000000000000e+00 0.000000000000000000e+00 0.000000000000000000e+00
0.000000000000000000e+00 0.000000000000000000e+00 0.000000000000000000e+00 0.000000000000000000e+00 0.000000000000000000e+00
0.000000000000000000e+00 0.000000000000000000e+00 0.000000000000000000e+00 0.000000000000000000e+00 0.000000000000000000e+00
0.000000000000000000e+00 0.000000000000000000e+00 0.000000000000000000e+00 0.000000000000000000e+00 9.672061379808878060e-05
7.550261945231191067e-05 1.129436978656783914e-05 1.738335667754184011e-04 5.512133462035832804e-05 0.000000000000000000e+00
0.000000000000000000e+00 0.000000000000000000e+00 2.727368022167768035e-03 0.000000000000000000e+00 1.593079451550852114e-03
0.000000000000000000e+00 0.000000000000000000e+00 9.890117896956389723e-03 0.000000000000000000e+00 4.503400352356531390e-03
0.000000000000000000e+00 0.000000000000000000e+00 3.471092802703282937e-02 0.000000000000000000e+00 8.257342157132283728e-03
0.000000000000000000e+00 0.000000000000000000e+00 7.592916832217116996e-02 0.000000000000000000e+00 1.135411695301772987e-02
0.000000000000000000e+00 5.846886872189586970e-03 1.161270691143965472e-01 0.000000000000000000e+00 9.450303890691182443e-03
0.000000000000000000e+00 4.150480816792154887e-02 1.247683428847356779e-01 1.868029518114148677e-02 0.000000000000000000e+00
0.000000000000000000e+00 8.800907509530142558e-02 9.968302693169257822e-02 4.352281314010094521e-02 0.000000000000000000e+00
0.000000000000000000e+00 1.118140697533236694e-01 6.789315017294253463e-02 6.157695379257047130e-02 0.000000000000000000e+00
2.407661614547143905e-02 1.030807221714986344e-01 5.147661765013211016e-02 6.689909250315345668e-02 6.655404745260994591e-03
5.788766794008756017e-02 7.956004395744575852e-02 5.285579474924270715e-02 6.072134034439868877e-02 3.370725344967555326e-02
7.224545585036477868e-02 5.991988460380917592e-02 5.951812703718442621e-02 5.781220938920619834e-02 5.637175285467305869e-02
7.008254641350508685e-02 5.507267775437558327e-02 6.703969506767087916e-02 5.432545267642198417e-02 6.737253590994739250e-02
6.446046148843855017e-02 6.212559291225770719e-02 6.988912032032033872e-02 5.208161971269238688e-02 6.397745622566929080e-02
7.533275345781510757e-02 6.496382787039690909e-02 6.371583303347100324e-02 4.908619188837952396e-02 4.097565231630731497e-02
1.066892658894425527e-01 4.990575124413108854e-02 5.024123192085237083e-02 4.297115078695279422e-02 6.135102251858488842e-03
1.326277898599590443e-01 1.967464525588755869e-02 2.760364483558727655e-02 3.963584513383063695e-02 0.000000000000000000e+00
1.259844448249164972e-01 0.000000000000000000e+00 7.002261646257740973e-03 3.690176208370958555e-02 0.000000000000000000e+00
8.361850127271044930e-02 0.000000000000000000e+00 0.000000000000000000e+00 2.722478347971186638e-02 0.000000000000000000e+00
3.336134533272692992e-02 0.000000000000000000e+00 0.000000000000000000e+00 1.186337200710663869e-02 5.716561097337426308e-04
5.822699373627531448e-03 0.000000000000000000e+00 0.000000000000000000e+00 2.101250072141394240e-03 1.533337627038112907e-03
2.496472304601566315e-04 0.000000000000000000e+00 0.000000000000000000e+00 0.000000000000000000e+00 4.150684428893803798e-04
0.000000000000000000e+00 0.000000000000000000e+00 0.000000000000000000e+00 1.104494542568174320e-06 1.593142338558901238e-05
0.000000000000000000e+00 0.000000000000000000e+00 0.000000000000000000e+00 1.546292359595446208e-05 2.230399273982471898e-04
0.000000000000000000e+00 0.000000000000000000e+00 0.000000000000000000e+00 0.000000000000000000e+00 0.000000000000000000e+00
0.000000000000000000e+00 0.000000000000000000e+00 0.000000000000000000e+00 0.000000000000000000e+00 0.000000000000000000e+00
1.370976951944385340e-05 2.313461810361119408e-05 0.000000000000000000e+00 0.000000000000000000e+00 0.000000000000000000e+00
0.000000000000000000e+00 0.000000000000000000e+00 0.000000000000000000e+00 0.000000000000000000e+00 4.128318881625735892e-05
0.000000000000000000e+00 0.000000000000000000e+00 2.907236997162884924e-04 1.362150106275006388e-04 1.195387299129090108e-04
0.000000000000000000e+00 0.000000000000000000e+00 4.355071289920927832e-03 0.000000000000000000e+00 2.165889588393165189e-03
0.000000000000000000e+00 0.000000000000000000e+00 2.269578054058400338e-02 0.000000000000000000e+00 7.053770061686282823e-03
0.000000000000000000e+00 0.000000000000000000e+00 6.270029847086672214e-02 0.000000000000000000e+00 1.151701669983242610e-02
0.000000000000000000e+00 0.000000000000000000e+00 1.116088011302745348e-01 5.180528205466916267e-03 1.077357448495967762e-02
0.000000000000000000e+00 2.708995416286972061e-02 1.272958835294882018e-01 2.862459875584251467e-02 0.000000000000000000e+00
0.000000000000000000e+00 7.866891819467275448e-02 9.587020877019807041e-02 6.247855392889937326e-02 0.000000000000000000e+00
0.000000000000000000e+00 1.126731471665507883e-01 4.782352271889903084e-02 8.849941411813409819e-02 0.000000000000000000e+00
1.643418345154021992e-02 1.052581443183412124e-01 1.691321459173077829e-02 9.343722482030895893e-02 5.715688343571096071e-03
5.373514120437054148e-02 6.926185957735783716e-02 1.038261613424352678e-02 8.392428683734101669e-02 4.553263474814692180e-02
7.216110634719180572e-02 3.527602004055208074e-02 1.676309444926449288e-02 7.450860320214924837e-02 7.741812007371226545e-02
6.492467686192980592e-02 1.722548999903904601e-02 2.891262108234111602e-02 7.101536894217651275e-02 9.887397640765505091e-02
3.971196385631146214e-02 1.835755615022953424e-02 4.133744995910189346e-02 6.933636022860553694e-02 1.133267994274150398e-01
1.205820445754826956e-02 3.514682643701688702e-02 5.570946266873843394e-02 7.016901646605043508e-02 1.134277300140400097e-01
8.545884427866370925e-03 5.993497569277717735e-02 6.406168749466362167e-02 6.437207872559795596e-02 9.199041618257751407e-02
4.503325024207104066e-02 6.518654117876337972e-02 6.505444652806326167e-02 5.793313596227201573e-02 4.599382204587179612e-02
9.580509105478135501e-02 4.163758325499682111e-02 5.458228959874107666e-02 5.541207852128921668e-02 5.362333906102336118e-04
1.198536980589338108e-01 4.019281062716981330e-03 2.761114920762774635e-02 6.071934005501287979e-02 0.000000000000000000e+00
9.733004428665548158e-02 0.000000000000000000e+00 4.397935032383502515e-03 5.316686350525606786e-02 0.000000000000000000e+00
4.690473147049912389e-02 0.000000000000000000e+00 0.000000000000000000e+00 2.920342062522169810e-02 0.000000000000000000e+00
9.004944256399657551e-03 0.000000000000000000e+00 0.000000000000000000e+00 6.627185502983972895e-03 4.205541279512452061e-04
1.863910754932167108e-04 0.000000000000000000e+00 0.000000000000000000e+00 0.000000000000000000e+00 1.300368600516628491e-04
0.000000000000000000e+00 0.000000000000000000e+00 0.000000000000000000e+00 0.000000000000000000e+00 0.000000000000000000e+00
0.000000000000000000e+00 0.000000000000000000e+00 0.000000000000000000e+00 0.000000000000000000e+00 0.000000000000000000e+00
0.000000000000000000e+00 0.000000000000000000e+00 0.000000000000000000e+00 0.000000000000000000e+00 0.000000000000000000e+00
0.000000000000000000e+00 0.000000000000000000e+00 0.000000000000000000e+00 0.000000000000000000e+00 0.000000000000000000e+00
0.000000000000000000e+00 2.768769071655371628e-06 0.000000000000000000e+00 9.531637482032679116e-06 2.223331442710848390e-05
0.000000000000000000e+00 6.152820159234219170e-07 0.000000000000000000e+00 2.118141662673936927e-06 4.940736539357443313e-06
0.000000000000000000e+00 0.000000000000000000e+00 8.372471316636260217e-04 6.385975158834958051e-05 4.407914725702917111e-04
0.000000000000000000e+00 0.000000000000000000e+00 8.722490018189135372e-03 2.548984596943843764e-04 3.296405585013293098e-03
0.000000000000000000e+00 0.000000000000000000e+00 4.188055978934559359e-02 1.078436464490605158e-03 1.013186353690897525e-02
0.000000000000000000e+00 0.000000000000000000e+00 9.339650173977789849e-02 1.002808723566819653e-02 1.276614945539854273e-02
0.000000000000000000e+00 6.936649666223006043e-03 1.271818429659208327e-01 3.490603404180497166e-02 4.800960378026107762e-03
0.000000000000000000e+00 5.856463979465069414e-02 1.038934584439262787e-01 7.191825968812833036e-02 0.000000000000000000e+00
0.000000000000000000e+00 1.061342344500235957e-01 4.713585672758580092e-02 1.016919532266409437e-01 0.000000000000000000e+00
1.039764285034446706e-02 1.122250047550669566e-01 8.011782264342472669e-05 1.047746832021652225e-01 0.000000000000000000e+00
5.334704823389550127e-02 7.372946569066424205e-02 0.000000000000000000e+00 8.528278305662718994e-02 4.691025487031343089e-02
7.664246659386868277e-02 2.755331996944547154e-02 0.000000000000000000e+00 6.772723162660226892e-02 8.916088578125222486e-02
7.499518940706693948e-02 0.000000000000000000e+00 0.000000000000000000e+00 5.897026427835991985e-02 1.087213859866301979e-01
4.963404301270188390e-02 0.000000000000000000e+00 6.984067256615993265e-03 5.928375002462857313e-02 1.144696436974149134e-01
9.131806723424406441e-03 0.000000000000000000e+00 1.836823766898166080e-02 6.081275718847588968e-02 1.200646477138537227e-01
0.000000000000000000e+00 1.908494245269484746e-02 3.229989635381963486e-02 6.082411333176965945e-02 1.255275479467629907e-01
0.000000000000000000e+00 4.843669528144704112e-02 4.636623003115961095e-02 5.718651963024588836e-02 1.244434545927256830e-01
0.000000000000000000e+00 7.129284744583629096e-02 6.225460716318066690e-02 4.940678701274985041e-02 8.532601618333693350e-02
5.667042395855011877e-02 6.007394884146557978e-02 6.817419797936809245e-02 5.217301561982185670e-02 2.526742663202417513e-02
1.010356669105855476e-01 2.010824020372754817e-02 5.359886247250308933e-02 7.136104580823446342e-02 0.000000000000000000e+00
9.640066147697655408e-02 0.000000000000000000e+00 2.141927519609246322e-02 7.927155298704871567e-02 0.000000000000000000e+00
5.322240999902303621e-02 0.000000000000000000e+00 0.000000000000000000e+00 5.189259814881823363e-02 0.000000000000000000e+00
1.155934270739439849e-02 0.000000000000000000e+00 0.000000000000000000e+00 1.471899308384741825e-02 0.000000000000000000e+00
4.184433214249724993e-05 0.000000000000000000e+00 0.000000000000000000e+00 1.621205922669076633e-04 4.273464657612957264e-05
0.000000000000000000e+00 0.000000000000000000e+00 0.000000000000000000e+00 0.000000000000000000e+00 0.000000000000000000e+00
0.000000000000000000e+00 0.000000000000000000e+00 0.000000000000000000e+00 0.000000000000000000e+00 0.000000000000000000e+00
0.000000000000000000e+00 0.000000000000000000e+00 0.000000000000000000e+00 0.000000000000000000e+00 0.000000000000000000e+00
0.000000000000000000e+00 0.000000000000000000e+00 0.000000000000000000e+00 0.000000000000000000e+00 0.000000000000000000e+00
0.000000000000000000e+00 1.425403336889235360e-05 0.000000000000000000e+00 4.907028185194624466e-05 1.144603964951140020e-04
0.000000000000000000e+00 8.461162767196726494e-06 0.000000000000000000e+00 5.565104567062915014e-05 1.260511378150163601e-04
0.000000000000000000e+00 0.000000000000000000e+00 1.358132558247234639e-03 4.060813541885990537e-04 7.217177491725330126e-04
0.000000000000000000e+00 0.000000000000000000e+00 1.899324551866671956e-02 2.641552087135365899e-03 6.602833169501635610e-03
0.000000000000000000e+00 0.000000000000000000e+00 6.573258005789224534e-02 1.100845269714790901e-02 1.266720569596109687e-02
0.000000000000000000e+00 0.000000000000000000e+00 1.130412277012393524e-01 3.544547928671066411e-02 9.747204422907154373e-03
0.000000000000000000e+00 2.937364969886705271e-02 1.153169209416472774e-01 7.351829209546624500e-02 0.000000000000000000e+00
0.000000000000000000e+00 8.752567735796099035e-02 6.045832010560280023e-02 1.066675604869932736e-01 0.000000000000000000e+00
7.467226412121126707e-03 1.147898102589724190e-01 1.777937904185506032e-03 1.081681367877305872e-01 0.000000000000000000e+00
4.975918787311330721e-02 8.917260524945416766e-02 0.000000000000000000e+00 8.225639303802666225e-02 3.550960655005361288e-02
8.038550179588156708e-02 3.425937360711844154e-02 0.000000000000000000e+00 5.202619231932855554e-02 8.979566223786662749e-02
8.121119129811774084e-02 0.000000000000000000e+00 0.000000000000000000e+00 3.587879398553822652e-02 1.157966002677600220e-01
5.979361574010848279e-02 0.000000000000000000e+00 0.000000000000000000e+00 3.217155856570030198e-02 1.123934674466238598e-01
2.478930503170100053e-02 0.000000000000000000e+00 1.498893606591941013e-03 3.669292609188320314e-02 9.705645335385658379e-02
0.000000000000000000e+00 0.000000000000000000e+00 5.635888084557494175e-03 3.918151711261682463e-02 9.051596559961423705e-02
0.000000000000000000e+00 1.019989033141521090e-02 1.440315011054287692e-02 3.631031141622235309e-02 1.064113990524385572e-01
0.000000000000000000e+00 3.793667887976327757e-02 2.730465724155593452e-02 3.119744961635595448e-02 1.265317484695275829e-01
0.000000000000000000e+00 7.056572286231788116e-02 4.404912812239379638e-02 2.590725159143925788e-02 1.080671193867135949e-01
3.581769525794508552e-02 7.263610469787563917e-02 6.491628701506287069e-02 3.417847330528200195e-02 4.765708415810965271e-02
8.826986722841397015e-02 3.542062574167363642e-02 6.802873482613970568e-02 6.708199633338214618e-02 0.000000000000000000e+00
8.678267196010895634e-02 0.000000000000000000e+00 4.476401985036519704e-02 9.643086547186857649e-02 0.000000000000000000e+00
4.727610281085434241e-02 0.000000000000000000e+00 1.104908742044629841e-02 7.934437168565257326e-02 0.000000000000000000e+00
1.113159263141726141e-02 0.000000000000000000e+00 0.000000000000000000e+00 2.570702282420545687e-02 0.000000000000000000e+00
1.065044374394253762e-04 2.528019879740062413e-06 0.000000000000000000e+00 3.463105051293699282e-04 0.000000000000000000e+00
0.000000000000000000e+00 0.000000000000000000e+00 0.000000000000000000e+00 0.000000000000000000e+00 0.000000000000000000e+00
0.000000000000000000e+00 0.000000000000000000e+00 0.000000000000000000e+00 0.000000000000000000e+00 0.000000000000000000e+00
0.000000000000000000e+00 0.000000000000000000e+00 0.000000000000000000e+00 0.000000000000000000e+00 0.000000000000000000e+00
0.000000000000000000e+00 0.000000000000000000e+00 0.000000000000000000e+00 0.000000000000000000e+00 0.000000000000000000e+00
0.000000000000000000e+00 0.000000000000000000e+00 0.000000000000000000e+00 0.000000000000000000e+00 0.000000000000000000e+00
0.000000000000000000e+00 0.000000000000000000e+00 0.000000000000000000e+00 1.597934979924941449e-04 3.249865845706400853e-04
0.000000000000000000e+00 0.000000000000000000e+00 2.513948918486442509e-03 1.110670811657662755e-03 9.748656835342618503e-04
0.000000000000000000e+00 0.000000000000000000e+00 3.266039936884362199e-02 8.209047691802758007e-03 9.138245735666565561e-03
0.000000000000000000e+00 0.000000000000000000e+00 8.533704279761600286e-02 3.178960314882148253e-02 1.338735771344075690e-02
0.000000000000000000e+00 3.394926422275150110e-03 1.144650963500824375e-01 7.242499790817949479e-02 1.298037317276940330e-03
0.000000000000000000e+00 5.561502065395445421e-02 8.553765498636899112e-02 1.074802716244410566e-01 0.000000000000000000e+00
8.529252149128708702e-03 1.055323804256942666e-01 2.115385476875836918e-02 1.100222159361569085e-01 0.000000000000000000e+00
4.688104226644494721e-02 1.052141294159798374e-01 0.000000000000000000e+00 7.810157660770382371e-02 1.477131701329245130e-02
7.791303617889749900e-02 5.487667440749424003e-02 0.000000000000000000e+00 3.971744434164127535e-02 8.070241180827519845e-02
8.315811406999090716e-02 1.221276165361303515e-03 0.000000000000000000e+00 1.545700354329934689e-02 1.179002993101499891e-01
6.266793312467688892e-02 0.000000000000000000e+00 0.000000000000000000e+00 1.061286045353122993e-02 1.157985242166634787e-01
3.172596791141769207e-02 0.000000000000000000e+00 0.000000000000000000e+00 1.465979585071739560e-02 8.580275291202205112e-02
6.671753075046189634e-03 0.000000000000000000e+00 0.000000000000000000e+00 1.899970609878899250e-02 5.930420731112558130e-02
0.000000000000000000e+00 0.000000000000000000e+00 1.920700847748348962e-03 1.947530026886115304e-02 5.310898023031987436e-02
0.000000000000000000e+00 7.005431277335565435e-03 4.695565189987275546e-03 1.743766508520614225e-02 7.777487253175943693e-02
0.000000000000000000e+00 2.735048913263804504e-02 1.057724611663241401e-02 9.071432534718107399e-03 1.166921147069902853e-01
0.000000000000000000e+00 6.232339763778547981e-02 2.487827827765500682e-02 2.432681454273962537e-03 1.215452267226918848e-01
3.241945013034722156e-02 7.884206394580593746e-02 5.067964218724523712e-02 1.281047097837517343e-02 6.292761204513019901e-02
7.981404113786547128e-02 5.087819273911020623e-02 7.028438194806910233e-02 5.567861186691014375e-02 0.000000000000000000e+00
7.660871546909633900e-02 3.455909522260074227e-03 6.188352578494324407e-02 1.032038079008761045e-01 0.000000000000000000e+00
3.600342143037035120e-02 0.000000000000000000e+00 2.957275781148807625e-02 1.005477723778149951e-01 0.000000000000000000e+00
7.519298473094950148e-03 0.000000000000000000e+00 5.375814819241654142e-03 3.639568597197283956e-02 0.000000000000000000e+00
1.034499211414635124e-04 0.000000000000000000e+00 2.752791259483095801e-04 4.218659028678590898e-04 5.886499723859019227e-05
0.000000000000000000e+00 6.382873702498952735e-05 0.000000000000000000e+00 2.514577721056990325e-05 1.585575128291639611e-04
0.000000000000000000e+00 0.000000000000000000e+00 0.000000000000000000e+00 0.000000000000000000e+00 0.000000000000000000e+00
0.000000000000000000e+00 0.000000000000000000e+00 0.000000000000000000e+00 0.000000000000000000e+00 0.000000000000000000e+00
0.000000000000000000e+00 0.000000000000000000e+00 0.000000000000000000e+00 0.000000000000000000e+00 2.406706109551033602e-05
0.000000000000000000e+00 0.000000000000000000e+00 0.000000000000000000e+00 0.000000000000000000e+00 0.000000000000000000e+00
0.000000000000000000e+00 0.000000000000000000e+00 0.000000000000000000e+00 1.604226062523080292e-04 3.262660593130443541e-04
0.000000000000000000e+00 0.000000000000000000e+00 4.975949712415942555e-03 2.523596895401211855e-03 1.512478209929439326e-03
0.000000000000000000e+00 0.000000000000000000e+00 4.639914882447187389e-02 2.198426034439382101e-02 1.129057039177749043e-02
0.000000000000000000e+00 0.000000000000000000e+00 9.449444521757981164e-02 6.470431086267595944e-02 9.944894714141217645e-03
0.000000000000000000e+00 1.824484130302332988e-02 1.029152386930672625e-01 1.043157983523090998e-01 0.000000000000000000e+00
1.246047634784034491e-02 7.547516068047518956e-02 5.563924071871333144e-02 1.121505819069902182e-01 0.000000000000000000e+00
4.658827804129182099e-02 1.079194352767694209e-01 0.000000000000000000e+00 8.073058675771938031e-02 0.000000000000000000e+00
7.238673733941740351e-02 8.257817424248047045e-02 0.000000000000000000e+00 3.600352890252852406e-02 5.907530989708217883e-02
8.031466476347497163e-02 2.362253918438304498e-02 0.000000000000000000e+00 2.712348350791517204e-03 1.163318290684714346e-01
6.337924740636990961e-02 0.000000000000000000e+00 0.000000000000000000e+00 0.000000000000000000e+00 1.232080021098825723e-01
3.306493671177034716e-02 0.000000000000000000e+00 0.000000000000000000e+00 0.000000000000000000e+00 8.751476000428956570e-02
1.076023684778054657e-02 0.000000000000000000e+00 0.000000000000000000e+00 7.476340815204456612e-03 4.701088341483621730e-02
7.029939544789084093e-04 0.000000000000000000e+00 8.122453914245125533e-04 9.563975851145316287e-03 2.853728111890654895e-02
0.000000000000000000e+00 0.000000000000000000e+00 1.398901886340855449e-03 8.112984687621442592e-03 3.031101359108011664e-02
0.000000000000000000e+00 2.541522156392155354e-03 1.637721708063891559e-03 4.160952450964367291e-03 6.211278153310661326e-02
0.000000000000000000e+00 1.755732002925227547e-02 1.537045540132615188e-03 0.000000000000000000e+00 1.137991745011186218e-01
0.000000000000000000e+00 5.215041060943351181e-02 7.831624774970215308e-03 0.000000000000000000e+00 1.276096463725051589e-01
3.809622122284141155e-02 8.220937928704342978e-02 3.106004706885418312e-02 0.000000000000000000e+00 6.739209505440919845e-02
7.519774296770553867e-02 6.254558590541325902e-02 6.236269200043449701e-02 4.847163557920552979e-02 0.000000000000000000e+00
6.487091875670253360e-02 1.153172205749789132e-02 7.335060498943195284e-02 1.050848024440406980e-01 0.000000000000000000e+00
2.271533476962552672e-02 0.000000000000000000e+00 4.914243524056193663e-02 1.124697493331693610e-01 0.000000000000000000e+00
4.681706678078941734e-04 0.000000000000000000e+00 1.561289002488692318e-02 4.615930734022072324e-02 0.000000000000000000e+00
1.862292393617158003e-04 0.000000000000000000e+00 9.094400104088082217e-04 3.483332119580476172e-04 2.171958901430862717e-05
0.000000000000000000e+00 5.088650463282578813e-05 0.000000000000000000e+00 2.004709427386449174e-05 1.264076023937575274e-04
0.000000000000000000e+00 0.000000000000000000e+00 0.000000000000000000e+00 0.000000000000000000e+00 0.000000000000000000e+00
0.000000000000000000e+00 0.000000000000000000e+00 0.000000000000000000e+00 0.000000000000000000e+00 0.000000000000000000e+00
0.000000000000000000e+00 0.000000000000000000e+00 0.000000000000000000e+00 0.000000000000000000e+00 9.476405306357125352e-05
1.202546829086605673e-05 0.000000000000000000e+00 6.353115428843221994e-06 0.000000000000000000e+00 5.201451002750472053e-05
0.000000000000000000e+00 0.000000000000000000e+00 0.000000000000000000e+00 1.360956900911631184e-04 3.195641911550906088e-04
0.000000000000000000e+00 0.000000000000000000e+00 6.676755925739289409e-03 6.740557587659254044e-03 2.490565687788446562e-03
0.000000000000000000e+00 0.000000000000000000e+00 5.534962392379917662e-02 4.703846759563731772e-02 1.218118820169675383e-02
0.000000000000000000e+00 0.000000000000000000e+00 9.236107458389911096e-02 9.703544756228976720e-02 2.193710171011430902e-03
1.239573375785763508e-02 3.163826438659778084e-02 8.791519421721435967e-02 1.150517272018587028e-01 0.000000000000000000e+00
4.644714082160348451e-02 8.574548800383088865e-02 3.513503871771837817e-02 8.985375725087534071e-02 0.000000000000000000e+00
6.937828424664305160e-02 1.000749348054723459e-01 0.000000000000000000e+00 4.161277087237866962e-02 2.500543657390121022e-02
7.549181491274771505e-02 5.795338082060738638e-02 0.000000000000000000e+00 0.000000000000000000e+00 9.723233724805352418e-02
6.081042419277575550e-02 3.483172376029397815e-03 0.000000000000000000e+00 0.000000000000000000e+00 1.293026387980586167e-01
3.314691336985944869e-02 0.000000000000000000e+00 0.000000000000000000e+00 0.000000000000000000e+00 9.962341526807304282e-02
1.207666023875894785e-02 0.000000000000000000e+00 5.896556361415633812e-04 0.000000000000000000e+00 4.657209251009302581e-02
2.903601313425707708e-03 0.000000000000000000e+00 1.998249015146068655e-04 4.131286282142879011e-03 1.950819579115972702e-02
6.007053227569316301e-04 0.000000000000000000e+00 6.610768454996479668e-04 3.933533476030619778e-03 1.219294128738386378e-02
0.000000000000000000e+00 0.000000000000000000e+00 1.069093572500957141e-03 2.570193412742215102e-03 2.162304211598676737e-02
0.000000000000000000e+00 0.000000000000000000e+00 1.318335511523127093e-04 0.000000000000000000e+00 6.100631668405649688e-02
0.000000000000000000e+00 1.121437090389275533e-02 0.000000000000000000e+00 0.000000000000000000e+00 1.155128669051220663e-01
1.825055041826982236e-02 4.658883532310682113e-02 0.000000000000000000e+00 0.000000000000000000e+00 1.229311682649233683e-01
5.140893397787184294e-02 8.373117433175045199e-02 1.128544136576330702e-02 0.000000000000000000e+00 6.036620119974727555e-02
7.237808786025733132e-02 7.124344949759792156e-02 4.994578340067305083e-02 5.289314288341135512e-02 0.000000000000000000e+00
5.049042933497271263e-02 1.887592171313068681e-02 7.824289062140371565e-02 1.078386798156191345e-01 0.000000000000000000e+00
9.791281484287652284e-03 0.000000000000000000e+00 6.580908347932383495e-02 1.139412759889813082e-01 0.000000000000000000e+00
0.000000000000000000e+00 0.000000000000000000e+00 2.765226852355110593e-02 4.841165297875252294e-02 3.917987392475787384e-04
0.000000000000000000e+00 0.000000000000000000e+00 1.619805591913651760e-03 5.993084893027711543e-04 2.117102948113511033e-04
0.000000000000000000e+00 5.882832905528997552e-06 0.000000000000000000e+00 2.317583153047918593e-06 1.461359565245751219e-05
0.000000000000000000e+00 0.000000000000000000e+00 0.000000000000000000e+00 0.000000000000000000e+00 0.000000000000000000e+00
0.000000000000000000e+00 0.000000000000000000e+00 0.000000000000000000e+00 0.000000000000000000e+00 0.000000000000000000e+00
0.000000000000000000e+00 0.000000000000000000e+00 0.000000000000000000e+00 0.000000000000000000e+00 0.000000000000000000e+00
0.000000000000000000e+00 0.000000000000000000e+00 0.000000000000000000e+00 0.000000000000000000e+00 0.000000000000000000e+00
2.167558107259649796e-05 0.000000000000000000e+00 3.966044309674628414e-07 0.000000000000000000e+00 2.967902081529596406e-05
0.000000000000000000e+00 0.000000000000000000e+00 7.690162344370834319e-03 1.476452697871285559e-02 2.740055406284646906e-03
0.000000000000000000e+00 0.000000000000000000e+00 5.540217659866288058e-02 7.766850244925954661e-02 1.007800317072715668e-02
3.621414460054108407e-03 0.000000000000000000e+00 8.501372503432853833e-02 1.186498317003380903e-01 0.000000000000000000e+00
4.632584800194723684e-02 4.022339374453725441e-02 7.737847655699675586e-02 1.048923118513073877e-01 0.000000000000000000e+00
7.226775542190730373e-02 8.913208628590596483e-02 2.752411404096831785e-02 5.557440588572421653e-02 0.000000000000000000e+00
7.347561822078776950e-02 8.791885114239365862e-02 0.000000000000000000e+00 5.189187742291933268e-03 6.230528687208646693e-02
5.772976679117448884e-02 3.886097795836011143e-02 0.000000000000000000e+00 0.000000000000000000e+00 1.225118817414637823e-01
3.154161321173690191e-02 0.000000000000000000e+00 0.000000000000000000e+00 0.000000000000000000e+00 1.172589539937318459e-01
1.058752138418757316e-02 0.000000000000000000e+00 2.236729827433207038e-04 0.000000000000000000e+00 6.412057881750615751e-02
3.993613203866755099e-03 0.000000000000000000e+00 4.306726297267306669e-04 0.000000000000000000e+00 2.307156654061765996e-02
1.622474638934669330e-03 0.000000000000000000e+00 1.125597224667582299e-04 1.814195126902525164e-03 7.982506369628187756e-03
8.237668567534592746e-04 0.000000000000000000e+00 2.107064946883246308e-04 1.745906758012579114e-03 8.053848672273889939e-03
3.435313996871772364e-04 0.000000000000000000e+00 4.552671482412302484e-04 0.000000000000000000e+00 2.361082974494821060e-02
8.679084941741980076e-04 0.000000000000000000e+00 0.000000000000000000e+00 0.000000000000000000e+00 7.243019150006278772e-02
1.398128475203999285e-02 6.095080360994413297e-03 0.000000000000000000e+00 0.000000000000000000e+00 1.239123276914691207e-01
4.031326716076445021e-02 4.560825463747883446e-02 0.000000000000000000e+00 0.000000000000000000e+00 1.156383347453763116e-01
6.350892060219884283e-02 8.649895577379647371e-02 0.000000000000000000e+00 7.579429187725704280e-03 4.579691322516430546e-02
6.255552266224885527e-02 7.754687637998482208e-02 3.811233758367064961e-02 6.824135852657398082e-02 0.000000000000000000e+00
3.234984830329958733e-02 2.335133272940983704e-02 8.035593235315190153e-02 1.123930850322222147e-01 0.000000000000000000e+00
0.000000000000000000e+00 0.000000000000000000e+00 7.946768845852560104e-02 1.065806564013491581e-01 0.000000000000000000e+00
0.000000000000000000e+00 0.000000000000000000e+00 3.926827508992018767e-02 4.350396352360756669e-02 6.112507491126626009e-03
0.000000000000000000e+00 0.000000000000000000e+00 2.560553389924369837e-03 5.485745956734968797e-04 4.715265254580264806e-04
0.000000000000000000e+00 0.000000000000000000e+00 0.000000000000000000e+00 0.000000000000000000e+00 0.000000000000000000e+00
0.000000000000000000e+00 0.000000000000000000e+00 0.000000000000000000e+00 0.000000000000000000e+00 0.000000000000000000e+00
0.000000000000000000e+00 0.000000000000000000e+00 0.000000000000000000e+00 0.000000000000000000e+00 0.000000000000000000e+00
0.000000000000000000e+00 0.000000000000000000e+00 0.000000000000000000e+00 0.000000000000000000e+00 0.000000000000000000e+00
0.000000000000000000e+00 0.000000000000000000e+00 0.000000000000000000e+00 0.000000000000000000e+00 0.000000000000000000e+00
2.917263121062676747e-05 0.000000000000000000e+00 3.594565025830294873e-07 0.000000000000000000e+00 5.109324021247606344e-05
0.000000000000000000e+00 0.000000000000000000e+00 5.546823920977698823e-03 2.701251062945149786e-02 3.488410529906646722e-03
0.000000000000000000e+00 0.000000000000000000e+00 4.861010383762168208e-02 1.041144591332142655e-01 5.331144860819352765e-03
3.192323118282620886e-02 0.000000000000000000e+00 7.833065967396829476e-02 1.229105889093337206e-01 0.000000000000000000e+00
7.454162891500328014e-02 4.512070579765606326e-02 7.289664411497694119e-02 8.284007794635241118e-02 0.000000000000000000e+00
8.145063030590758701e-02 8.798534437226750160e-02 2.918630277170110657e-02 2.382488228005823563e-02 1.885924697158981866e-02
5.914600167193633656e-02 7.847753418938342718e-02 0.000000000000000000e+00 0.000000000000000000e+00 8.975169818261657939e-02
2.701223577097465814e-02 3.080706769258012220e-02 0.000000000000000000e+00 0.000000000000000000e+00 1.284913651347922847e-01
6.496639643946301897e-03 9.162459718413550514e-05 0.000000000000000000e+00 0.000000000000000000e+00 9.121782088501700914e-02
1.038208923492555964e-03 0.000000000000000000e+00 4.208067717418357699e-04 0.000000000000000000e+00 3.841077086699246079e-02
1.053103212033000861e-03 0.000000000000000000e+00 5.092245249330507647e-04 6.095836829551024320e-04 1.129408245530087729e-02
6.089768935875665770e-04 0.000000000000000000e+00 1.502386722089414444e-04 1.291537179086862681e-03 6.237542146509720588e-03
1.074904400204974419e-03 0.000000000000000000e+00 3.783389152754185886e-04 4.790661458959284734e-04 1.408902353304716804e-02
5.067113774238889840e-03 0.000000000000000000e+00 5.321479771713847826e-04 0.000000000000000000e+00 4.004352304393119649e-02
1.399837260011858701e-02 0.000000000000000000e+00 0.000000000000000000e+00 0.000000000000000000e+00 9.349239828196455326e-02
3.539416691861809600e-02 5.909459466377904764e-03 0.000000000000000000e+00 0.000000000000000000e+00 1.292713814462353172e-01
5.925536826343515140e-02 5.093885912480061728e-02 0.000000000000000000e+00 0.000000000000000000e+00 1.003447373688873545e-01
6.285236021714514509e-02 9.220652126089315392e-02 0.000000000000000000e+00 3.562949436371046913e-02 2.194931668211389658e-02
4.344795628138727051e-02 7.932413349143414838e-02 3.365657346432409519e-02 9.117661137801422178e-02 0.000000000000000000e+00
1.240114118881836813e-02 2.233083894391914986e-02 8.678425247607095272e-02 1.133723915011039668e-01 0.000000000000000000e+00
0.000000000000000000e+00 0.000000000000000000e+00 8.973142854025321913e-02 8.799199907784645280e-02 3.298781266182647300e-03
0.000000000000000000e+00 0.000000000000000000e+00 4.501677317563670261e-02 3.143921874890100165e-02 9.046426527412642846e-03
0.000000000000000000e+00 0.000000000000000000e+00 2.642938824462111053e-03 2.072045322465733701e-04 7.976799901192894310e-04
0.000000000000000000e+00 0.000000000000000000e+00 0.000000000000000000e+00 0.000000000000000000e+00 0.000000000000000000e+00
0.000000000000000000e+00 0.000000000000000000e+00 0.000000000000000000e+00 0.000000000000000000e+00 0.000000000000000000e+00
0.000000000000000000e+00 0.000000000000000000e+00 0.000000000000000000e+00 0.000000000000000000e+00 0.000000000000000000e+00
0.000000000000000000e+00 0.000000000000000000e+00 0.000000000000000000e+00 0.000000000000000000e+00 0.000000000000000000e+00
0.000000000000000000e+00 0.000000000000000000e+00 0.000000000000000000e+00 0.000000000000000000e+00 0.000000000000000000e+00
0.000000000000000000e+00 0.000000000000000000e+00 0.000000000000000000e+00 1.244961170389637616e-04 9.396979133392190054e-05
0.000000000000000000e+00 0.000000000000000000e+00 1.231330081109456272e-03 3.828087529414678919e-02 2.370564992813543968e-03
9.638745592199501888e-03 0.000000000000000000e+00 3.705016134392400545e-02 1.179546255417216055e-01 0.000000000000000000e+00
6.101240936647795571e-02 0.000000000000000000e+00 7.272853562509608294e-02 1.159546673178094012e-01 0.000000000000000000e+00
9.237230495687470677e-02 4.535988041916350078e-02 7.436826078295850906e-02 6.069673514031390105e-02 0.000000000000000000e+00
7.289360101552441740e-02 8.547281387708109690e-02 3.828868528595329862e-02 1.774336450872432977e-03 4.394053633564889982e-02
3.154807159002389477e-02 7.452079414639865840e-02 6.730471549431732772e-03 0.000000000000000000e+00 1.036161916957525908e-01
0.000000000000000000e+00 3.039849844805778828e-02 0.000000000000000000e+00 0.000000000000000000e+00 1.198312949902852892e-01
0.000000000000000000e+00 3.904442309246065109e-03 0.000000000000000000e+00 0.000000000000000000e+00 6.973498166661713793e-02
0.000000000000000000e+00 0.000000000000000000e+00 0.000000000000000000e+00 7.753423900294733630e-05 2.590669162993568947e-02
0.000000000000000000e+00 0.000000000000000000e+00 1.587377117718501672e-04 1.392544660112655626e-03 9.775141062968367711e-03
8.832120070715321347e-04 0.000000000000000000e+00 2.024933025490130922e-04 1.194626424886824356e-03 1.324031591138577491e-02
5.447131967891779766e-03 0.000000000000000000e+00 0.000000000000000000e+00 0.000000000000000000e+00 3.105330838215410519e-02
1.561838562797128113e-02 0.000000000000000000e+00 0.000000000000000000e+00 0.000000000000000000e+00 7.109476773939762961e-02
3.283020770700759150e-02 0.000000000000000000e+00 0.000000000000000000e+00 0.000000000000000000e+00 1.206562695359064269e-01
5.606705001239655622e-02 1.466287303352929033e-02 0.000000000000000000e+00 0.000000000000000000e+00 1.255271762187026574e-01
6.733038643514603627e-02 6.693234265674188888e-02 0.000000000000000000e+00 2.287935025743725870e-02 7.041253498202064420e-02
4.808749057303656621e-02 1.004029705470722289e-01 0.000000000000000000e+00 7.311683554012916864e-02 0.000000000000000000e+00
1.725707804466864587e-02 7.384140619338031009e-02 4.219981660490696590e-02 1.104884555875922658e-01 0.000000000000000000e+00
0.000000000000000000e+00 1.561313324797694059e-02 9.794303524943956396e-02 1.014909567375098104e-01 0.000000000000000000e+00
0.000000000000000000e+00 0.000000000000000000e+00 9.384776387156099076e-02 6.025020977321649679e-02 7.912586298490982897e-03
0.000000000000000000e+00 0.000000000000000000e+00 4.329460980215042720e-02 1.646726733094132714e-02 9.839127897826056152e-03
0.000000000000000000e+00 0.000000000000000000e+00 2.323570108246703330e-03 0.000000000000000000e+00 7.406560681926134667e-04
0.000000000000000000e+00 0.000000000000000000e+00 0.000000000000000000e+00 0.000000000000000000e+00 0.000000000000000000e+00
0.000000000000000000e+00 0.000000000000000000e+00 0.000000000000000000e+00 0.000000000000000000e+00 0.000000000000000000e+00
0.000000000000000000e+00 0.000000000000000000e+00 0.000000000000000000e+00 0.000000000000000000e+00 0.000000000000000000e+00
0.000000000000000000e+00 0.000000000000000000e+00 0.000000000000000000e+00 0.000000000000000000e+00 0.000000000000000000e+00
0.000000000000000000e+00 0.000000000000000000e+00 0.000000000000000000e+00 0.000000000000000000e+00 0.000000000000000000e+00
0.000000000000000000e+00 0.000000000000000000e+00 0.000000000000000000e+00 3.715721365547896920e-04 1.827392341275913782e-04
3.513156280468572330e-03 0.000000000000000000e+00 0.000000000000000000e+00 4.593289295963303570e-02 1.010324263239835907e-03
3.290627837382002069e-02 0.000000000000000000e+00 2.374036925853101679e-02 1.195431284048530107e-01 0.000000000000000000e+00
8.406103981534238101e-02 0.000000000000000000e+00 6.544320726952468359e-02 1.063788245179397157e-01 0.000000000000000000e+00
9.785110532884749857e-02 4.180006871475082375e-02 7.795462332427016694e-02 4.770161699781877429e-02 5.844517725034315166e-03
5.452798907069329737e-02 8.217552793842740344e-02 5.284412201612236071e-02 0.000000000000000000e+00 6.111840040876204139e-02
0.000000000000000000e+00 7.390121771261372319e-02 2.262862091389119742e-02 0.000000000000000000e+00 1.115732307962956360e-01
0.000000000000000000e+00 3.316523487642566992e-02 5.227751159777653880e-03 0.000000000000000000e+00 1.117547332645166813e-01
0.000000000000000000e+00 5.902088799691456930e-03 9.011227277091637304e-04 2.847633347601552165e-03 6.388728676991670130e-02
0.000000000000000000e+00 0.000000000000000000e+00 0.000000000000000000e+00 5.785829399951467056e-03 3.181931920974480354e-02
0.000000000000000000e+00 0.000000000000000000e+00 0.000000000000000000e+00 6.620282212431886221e-03 2.340272810951413499e-02
2.805113100903717377e-03 0.000000000000000000e+00 0.000000000000000000e+00 6.284505550131509050e-03 3.599146988215404935e-02
1.495676895849970198e-02 0.000000000000000000e+00 0.000000000000000000e+00 4.559875682262315780e-03 6.774288552551971376e-02
3.359594994049053263e-02 0.000000000000000000e+00 0.000000000000000000e+00 2.539681992562736659e-03 1.105515628132419104e-01
5.496474984677305470e-02 0.000000000000000000e+00 0.000000000000000000e+00 9.293983565814701100e-03 1.287436261796162662e-01
6.722525930459556653e-02 3.892107648939364256e-02 0.000000000000000000e+00 2.900569728163786623e-02 9.702697664335713235e-02
5.191998750536213486e-02 9.047520065017179702e-02 0.000000000000000000e+00 6.795490806860532418e-02 2.674332496224359618e-02
1.850267267328203902e-02 1.026337496634225355e-01 0.000000000000000000e+00 1.068413087970324638e-01 0.000000000000000000e+00
0.000000000000000000e+00 5.920038621451615551e-02 6.770162463770397487e-02 1.094940305974360095e-01 0.000000000000000000e+00
0.000000000000000000e+00 3.391131579625821218e-03 1.109817521878098262e-01 7.442172083766834811e-02 0.000000000000000000e+00
0.000000000000000000e+00 0.000000000000000000e+00 8.823784861374664445e-02 2.967420119461295844e-02 1.086901984315115019e-02
0.000000000000000000e+00 0.000000000000000000e+00 3.396624574028650478e-02 5.251088354006104922e-03 9.315747958761494765e-03
0.000000000000000000e+00 0.000000000000000000e+00 1.417388949281448481e-03 0.000000000000000000e+00 5.792529207485483042e-04
0.000000000000000000e+00 0.000000000000000000e+00 0.000000000000000000e+00 0.000000000000000000e+00 0.000000000000000000e+00
0.000000000000000000e+00 0.000000000000000000e+00 0.000000000000000000e+00 0.000000000000000000e+00 0.000000000000000000e+00
0.000000000000000000e+00 0.000000000000000000e+00 0.000000000000000000e+00 0.000000000000000000e+00 0.000000000000000000e+00
0.000000000000000000e+00 0.000000000000000000e+00 0.000000000000000000e+00 0.000000000000000000e+00 0.000000000000000000e+00
0.000000000000000000e+00 0.000000000000000000e+00 0.000000000000000000e+00 0.000000000000000000e+00 0.000000000000000000e+00
0.000000000000000000e+00 0.000000000000000000e+00 0.000000000000000000e+00 5.469182765268875129e-04 2.450281562736335728e-04
1.479193407810275133e-02 0.000000000000000000e+00 0.000000000000000000e+00 4.231189565249993123e-02 0.000000000000000000e+00
5.467996148509876586e-02 0.000000000000000000e+00 9.083763218629687178e-03 1.066559907443771077e-01 0.000000000000000000e+00
9.899684138320244409e-02 0.000000000000000000e+00 5.226945083741462578e-02 9.890401471205183259e-02 0.000000000000000000e+00
9.673372617404037144e-02 3.654742117721018063e-02 7.893698870962992387e-02 4.987384299859562442e-02 1.354718942662687560e-02
3.292063361521944953e-02 7.906066019469010220e-02 6.582844325173382860e-02 1.404941395611756551e-02 6.673546406253827445e-02
0.000000000000000000e+00 7.539480684101784735e-02 3.831812029233465366e-02 8.900588806442934209e-03 1.135738042131370640e-01
0.000000000000000000e+00 3.619639335233983818e-02 1.495267196707765131e-02 1.951916812598333481e-02 1.190508340772663820e-01
0.000000000000000000e+00 5.675798319124060638e-03 4.061603297556785203e-03 2.370114388285606347e-02 8.515541324638256637e-02
0.000000000000000000e+00 0.000000000000000000e+00 0.000000000000000000e+00 2.360719509769935304e-02 6.022952665217671392e-02
0.000000000000000000e+00 0.000000000000000000e+00 0.000000000000000000e+00 2.469501775791064710e-02 5.948982005911373355e-02
1.149451671038382097e-02 0.000000000000000000e+00 0.000000000000000000e+00 2.458234560589021844e-02 7.883569871351846226e-02
3.228054207715763679e-02 0.000000000000000000e+00 0.000000000000000000e+00 2.605429665581657228e-02 1.106417866355167423e-01
5.277593569546926849e-02 0.000000000000000000e+00 0.000000000000000000e+00 3.361777200875667310e-02 1.254239846094654109e-01
6.553304076905848430e-02 2.214017051447067508e-02 0.000000000000000000e+00 4.867419949786427197e-02 1.046749230164204236e-01
5.099148883132789689e-02 7.559237687272618578e-02 0.000000000000000000e+00 7.691749500866865152e-02 4.855305386016038616e-02
1.742567420560505939e-02 1.103353070772708361e-01 0.000000000000000000e+00 1.051982988160630184e-01 0.000000000000000000e+00
0.000000000000000000e+00 8.977917828004572387e-02 4.194659777764010028e-02 1.086011080747699420e-01 0.000000000000000000e+00
0.000000000000000000e+00 3.433693421222623610e-02 1.030637983511887429e-01 7.814301515818451727e-02 0.000000000000000000e+00
0.000000000000000000e+00 0.000000000000000000e+00 1.147327040977231399e-01 3.564695004421323393e-02 4.738815339164679369e-03
0.000000000000000000e+00 0.000000000000000000e+00 7.052511504762498662e-02 6.965544509549204642e-03 1.102493850073434437e-02
0.000000000000000000e+00 0.000000000000000000e+00 2.129014732650097094e-02 1.315305136141281257e-04 6.370551559001414073e-03
0.000000000000000000e+00 0.000000000000000000e+00 9.245240967628450511e-04 0.000000000000000000e+00 5.087274627639355121e-04
0.000000000000000000e+00 0.000000000000000000e+00 0.000000000000000000e+00 0.000000000000000000e+00 0.000000000000000000e+00
0.000000000000000000e+00 0.000000000000000000e+00 0.000000000000000000e+00 0.000000000000000000e+00 0.000000000000000000e+00
0.000000000000000000e+00 0.000000000000000000e+00 0.000000000000000000e+00 0.000000000000000000e+00 0.000000000000000000e+00
0.000000000000000000e+00 0.000000000000000000e+00 0.000000000000000000e+00 0.000000000000000000e+00 0.000000000000000000e+00
0.000000000000000000e+00 0.000000000000000000e+00 0.000000000000000000e+00 0.000000000000000000e+00 0.000000000000000000e+00
1.661684508815825976e-04 0.000000000000000000e+00 0.000000000000000000e+00 4.271073046724302175e-04 4.664140647568352127e-04
2.379288665186934590e-02 0.000000000000000000e+00 0.000000000000000000e+00 3.132962769555382165e-02 0.000000000000000000e+00
6.992483236631374943e-02 0.000000000000000000e+00 0.000000000000000000e+00 8.396949274659272489e-02 0.000000000000000000e+00
1.096660331769272606e-01 0.000000000000000000e+00 3.453722648711245180e-02 9.154747039730687375e-02 0.000000000000000000e+00
9.909542790037921545e-02 2.941110437249105231e-02 7.028096788139398532e-02 6.250016244161608892e-02 9.129146470934566826e-03
2.641104345021013169e-02 7.195917536689448724e-02 7.315255233346390495e-02 4.313841063921974167e-02 5.998944891156104270e-02
0.000000000000000000e+00 7.700423969146125147e-02 5.541454517895192527e-02 4.598613337452098215e-02 1.080631069652499693e-01
0.000000000000000000e+00 4.212796417463602477e-02 3.025014942600786488e-02 5.744349403355247796e-02 1.303313968906802955e-01
0.000000000000000000e+00 6.666475743026293102e-03 1.180786966252237759e-02 6.244316695748873547e-02 1.205171464867226955e-01
0.000000000000000000e+00 0.000000000000000000e+00 6.763852597354274437e-04 6.237489486698991059e-02 1.066644244597463875e-01
5.563041902419817164e-03 0.000000000000000000e+00 0.000000000000000000e+00 6.051840272527981429e-02 1.061286005166663798e-01
2.925347245885859607e-02 0.000000000000000000e+00 0.000000000000000000e+00 6.159857710713325524e-02 1.171061168726144075e-01
4.991719028253242818e-02 0.000000000000000000e+00 0.000000000000000000e+00 6.449355960028599344e-02 1.190961757272539362e-01
6.114943558499495724e-02 2.273822785278742029e-02 0.000000000000000000e+00 7.172035691823011594e-02 9.825661953403824755e-02
4.776517330579133080e-02 7.051342605898720806e-02 0.000000000000000000e+00 8.817313320395300802e-02 5.200561632003890267e-02
1.600454870148231706e-02 1.089117819299662560e-01 0.000000000000000000e+00 1.037209003754972214e-01 0.000000000000000000e+00
0.000000000000000000e+00 1.046942602653627430e-01 3.509986240870724417e-02 1.008212176739544386e-01 0.000000000000000000e+00
0.000000000000000000e+00 5.816235450469978141e-02 9.719116373638270190e-02 7.201026241438771014e-02 0.000000000000000000e+00
0.000000000000000000e+00 8.864220479499121744e-03 1.251514365555131958e-01 3.234491974060675623e-02 0.000000000000000000e+00
0.000000000000000000e+00 0.000000000000000000e+00 9.672217960707750473e-02 4.657839930468323474e-03 9.700699563916099707e-03
2.078818780867031047e-04 0.000000000000000000e+00 4.477524737721853831e-02 0.000000000000000000e+00 8.240637078067634264e-03
0.000000000000000000e+00 0.000000000000000000e+00 9.071874679505190567e-03 0.000000000000000000e+00 3.201557201812736501e-03
0.000000000000000000e+00 0.000000000000000000e+00 4.234549969232133350e-04 0.000000000000000000e+00 2.265307063057865231e-04
0.000000000000000000e+00 0.000000000000000000e+00 0.000000000000000000e+00 0.000000000000000000e+00 0.000000000000000000e+00
0.000000000000000000e+00 0.000000000000000000e+00 0.000000000000000000e+00 0.000000000000000000e+00 0.000000000000000000e+00
0.000000000000000000e+00 0.000000000000000000e+00 0.000000000000000000e+00 0.000000000000000000e+00 0.000000000000000000e+00
0.000000000000000000e+00 0.000000000000000000e+00 0.000000000000000000e+00 0.000000000000000000e+00 0.000000000000000000e+00
0.000000000000000000e+00 0.000000000000000000e+00 0.000000000000000000e+00 0.000000000000000000e+00 0.000000000000000000e+00
2.433004570321333621e-04 0.000000000000000000e+00 0.000000000000000000e+00 1.835901890888230455e-04 4.718287869958993669e-04
2.567257140750561772e-02 0.000000000000000000e+00 0.000000000000000000e+00 1.754551520051906774e-02 0.000000000000000000e+00
7.608486887166013291e-02 0.000000000000000000e+00 0.000000000000000000e+00 5.315940865768734036e-02 0.000000000000000000e+00
1.203650072682937999e-01 0.000000000000000000e+00 1.218675449206524895e-02 7.252693929795334116e-02 0.000000000000000000e+00
1.188421893341611163e-01 1.899598605631791504e-02 4.953470968326441348e-02 6.528018395930212936e-02 0.000000000000000000e+00
5.853894506575817863e-02 5.979389031436378038e-02 6.850799354552121467e-02 6.100460984481431703e-02 3.508153295949113099e-02
0.000000000000000000e+00 7.558465484074011753e-02 6.733427835852449916e-02 6.962235662213486775e-02 8.327428903156443296e-02
0.000000000000000000e+00 5.606339930948199546e-02 5.096481726982409616e-02 8.240195597180119402e-02 1.188884665099903121e-01
0.000000000000000000e+00 2.504727829400948264e-02 3.141912938109646392e-02 8.916196901208438275e-02 1.288947409965399693e-01
2.068566541368558470e-03 3.525771048524619679e-03 1.513849724083209114e-02 8.945133909084052037e-02 1.237244527015258222e-01
2.969760112482637548e-02 0.000000000000000000e+00 1.425200569299625835e-03 8.798731161541786805e-02 1.159462812736568732e-01
5.001502547070160731e-02 1.046511884084466541e-02 0.000000000000000000e+00 8.631575080455647364e-02 1.036834318198070204e-01
5.719362536618079196e-02 3.926303427990018857e-02 0.000000000000000000e+00 8.639641321142195463e-02 7.944660007588336126e-02
4.291166841786032971e-02 7.803108408862323431e-02 0.000000000000000000e+00 9.024873697298153863e-02 4.119641663352839600e-02
1.308911217301033693e-02 1.099691794211078572e-01 8.379745258671593769e-03 9.253015272565463800e-02 0.000000000000000000e+00
0.000000000000000000e+00 1.085683613169723533e-01 5.130175707551880293e-02 8.147418000617119571e-02 0.000000000000000000e+00
0.000000000000000000e+00 6.990885333370151777e-02 1.027589724524829162e-01 5.327808481982572453e-02 0.000000000000000000e+00
0.000000000000000000e+00 2.233920363501864376e-02 1.291721284806290615e-01 2.004619218630039265e-02 0.000000000000000000e+00
0.000000000000000000e+00 0.000000000000000000e+00 1.082620477198428799e-01 0.000000000000000000e+00 7.375862628647590971e-03
1.513114982660147345e-03 0.000000000000000000e+00 6.055149114237502739e-02 0.000000000000000000e+00 9.050573440050191723e-03
3.472445207803108273e-04 0.000000000000000000e+00 2.014392894080791960e-02 0.000000000000000000e+00 4.984934754381718444e-03
0.000000000000000000e+00 0.000000000000000000e+00 2.998397117161552897e-03 0.000000000000000000e+00 1.619542566732575873e-03
0.000000000000000000e+00 1.590401934405054709e-05 2.415296898748493153e-05 0.000000000000000000e+00 6.256514705393285470e-05
0.000000000000000000e+00 4.235639691980882778e-05 0.000000000000000000e+00 1.668659870194501082e-05 1.052178886976939861e-04
0.000000000000000000e+00 0.000000000000000000e+00 0.000000000000000000e+00 0.000000000000000000e+00 0.000000000000000000e+00
0.000000000000000000e+00 0.000000000000000000e+00 0.000000000000000000e+00 0.000000000000000000e+00 0.000000000000000000e+00
0.000000000000000000e+00 0.000000000000000000e+00 0.000000000000000000e+00 0.000000000000000000e+00 0.000000000000000000e+00
0.000000000000000000e+00 0.000000000000000000e+00 1.599872694873221271e-06 0.000000000000000000e+00 6.095265622071066662e-05
3.235900126795283904e-04 0.000000000000000000e+00 0.000000000000000000e+00 6.602066635070482010e-05 5.252500524142131614e-04
1.920417488503758582e-02 0.000000000000000000e+00 0.000000000000000000e+00 5.901491872554258909e-03 0.000000000000000000e+00
6.779530805170513874e-02 0.000000000000000000e+00 0.000000000000000000e+00 2.237492761125092419e-02 0.000000000000000000e+00
1.206741019377868401e-01 0.000000000000000000e+00 0.000000000000000000e+00 3.858821671780558044e-02 0.000000000000000000e+00
1.442438231248432123e-01 6.989236839714713795e-03 2.096900834013327303e-02 4.780955475509728048e-02 0.000000000000000000e+00
1.207273079104118213e-01 4.201460043814418677e-02 4.926611912595475762e-02 4.940163021931789911e-02 0.000000000000000000e+00
7.384767201198895459e-02 6.960199209043663182e-02 6.573159395230104840e-02 5.546358980365879293e-02 3.451489603752279367e-02
4.179890091275565572e-02 7.349054809227006935e-02 6.652500017881810002e-02 6.428752042251585641e-02 6.790948537118669803e-02
3.623593990951461813e-02 6.205976272943588418e-02 5.878361240145561079e-02 7.074813618384792613e-02 8.397746885334100853e-02
4.737586227589638682e-02 5.247189583089936077e-02 4.740984558066696497e-02 7.283251022773751249e-02 8.267221761770947308e-02
5.719723125996261509e-02 5.477050532769969088e-02 3.662968297930792316e-02 7.239186577486847463e-02 7.087318954450731734e-02
5.735759874436124894e-02 7.062788189680679896e-02 3.175473240861385882e-02 6.969665540227505673e-02 5.036697765583497688e-02
4.130966237447543377e-02 9.565846981662050330e-02 3.515225397121073819e-02 6.628361974423550851e-02 2.338667185840715909e-02
1.198081567245394725e-02 1.145548282638947368e-01 5.180888369580058384e-02 6.139336404007616349e-02 0.000000000000000000e+00
0.000000000000000000e+00 1.065295931218321474e-01 8.455858858381960774e-02 4.931944825699643986e-02 0.000000000000000000e+00
0.000000000000000000e+00 7.047338845212994252e-02 1.172155967744959310e-01 2.569562079925305845e-02 0.000000000000000000e+00
0.000000000000000000e+00 2.723484891014244305e-02 1.298165977430368045e-01 1.857776404076369806e-03 0.000000000000000000e+00
0.000000000000000000e+00 0.000000000000000000e+00 1.076103351438447292e-01 0.000000000000000000e+00 6.094811863961150343e-03
2.150203132416289575e-03 0.000000000000000000e+00 6.309954698808116491e-02 0.000000000000000000e+00 8.178668938649944278e-03
6.558564502027260275e-04 0.000000000000000000e+00 2.460305719543372932e-02 0.000000000000000000e+00 5.810099535986122665e-03
0.000000000000000000e+00 0.000000000000000000e+00 5.676674670966352400e-03 0.000000000000000000e+00 2.589022725905881263e-03
0.000000000000000000e+00 0.000000000000000000e+00 8.535257435299482744e-04 0.000000000000000000e+00 4.975404400294649969e-04
0.000000000000000000e+00 3.106909781641178009e-05 0.000000000000000000e+00 8.321106509563200299e-06 8.401637878405341568e-05
0.000000000000000000e+00 8.896218704009881541e-05 0.000000000000000000e+00 5.736016749386729297e-05 3.680780625990387814e-04
0.000000000000000000e+00 2.631717786704343973e-05 0.000000000000000000e+00 0.000000000000000000e+00 2.899481786900844250e-06
0.000000000000000000e+00 0.000000000000000000e+00 0.000000000000000000e+00 0.000000000000000000e+00 0.000000000000000000e+00
0.000000000000000000e+00 0.000000000000000000e+00 0.000000000000000000e+00 0.000000000000000000e+00 0.000000000000000000e+00
0.000000000000000000e+00 0.000000000000000000e+00 0.000000000000000000e+00 0.000000000000000000e+00 0.000000000000000000e+00
1.141768629345378175e-04 0.000000000000000000e+00 0.000000000000000000e+00 8.748729715932825621e-05 1.472167748407037869e-04
8.879227140360180029e-03 0.000000000000000000e+00 0.000000000000000000e+00 6.732431786721429631e-04 0.000000000000000000e+00
4.099462544170631717e-02 0.000000000000000000e+00 0.000000000000000000e+00 3.757707944601525792e-03 0.000000000000000000e+00
9.353115944390041903e-02 0.000000000000000000e+00 0.000000000000000000e+00 8.544145494636541313e-03 0.000000000000000000e+00
1.391005574054734184e-01 0.000000000000000000e+00 1.533562425701320365e-03 1.375719609062539713e-02 0.000000000000000000e+00
1.567275426478964284e-01 2.142328515302090175e-02 2.108515874305994311e-02 1.392389488391007450e-02 0.000000000000000000e+00
1.415896037052023493e-01 5.450739864418740338e-02 4.611290392088270018e-02 1.468004656060420236e-02 0.000000000000000000e+00
1.122418151664345415e-01 8.042473754314771739e-02 6.323302283654055889e-02 1.761767990138508877e-02 4.480044065571980004e-03
9.078335868361396555e-02 9.178204470940128090e-02 7.230943923432170406e-02 2.006935074973570723e-02 2.019083736864319897e-02
7.797872157136091775e-02 9.720948623782500742e-02 7.570193366461996920e-02 2.079895033097869939e-02 2.355443942042838995e-02
6.225910226931719721e-02 1.056455073252011573e-01 7.769612214793680804e-02 2.132111341854069086e-02 1.581598567593991977e-02
3.822878242419740918e-02 1.155669565816004746e-01 8.159368281914448906e-02 2.094929985313747495e-02 0.000000000000000000e+00
1.015642094188621593e-02 1.155512240010881375e-01 9.408289956833390533e-02 1.712410421502968613e-02 0.000000000000000000e+00
0.000000000000000000e+00 9.568844188901218240e-02 1.104951721910226448e-01 9.009948767252664442e-03 0.000000000000000000e+00
0.000000000000000000e+00 5.996692932229263223e-02 1.233366062406561492e-01 0.000000000000000000e+00 0.000000000000000000e+00
0.000000000000000000e+00 2.402526822984905538e-02 1.192217268941345304e-01 0.000000000000000000e+00 0.000000000000000000e+00
1.268943634347630004e-03 1.041949129471519140e-03 9.061488639523565536e-02 0.000000000000000000e+00 5.653536476467890988e-03
1.864746470371684986e-03 0.000000000000000000e+00 5.139273747387032576e-02 0.000000000000000000e+00 6.754411961834072553e-03
9.316938157966911990e-04 0.000000000000000000e+00 2.139131401945890132e-02 0.000000000000000000e+00 4.520451844156605711e-03
0.000000000000000000e+00 0.000000000000000000e+00 6.255711161664937250e-03 0.000000000000000000e+00 2.540972543222125984e-03
0.000000000000000000e+00 0.000000000000000000e+00 1.193446287500866346e-03 0.000000000000000000e+00 9.586533562873902816e-04
0.000000000000000000e+00 4.946961436934519616e-05 1.287344396593276665e-04 1.159439736437591542e-05 1.503322617091964249e-04
0.000000000000000000e+00 5.546658229748391988e-05 0.000000000000000000e+00 9.126191678077981727e-06 1.011576192151389018e-04
0.000000000000000000e+00 4.139770381813622169e-05 0.000000000000000000e+00 1.811009893842943110e-05 1.179239262223033384e-04
0.000000000000000000e+00 4.858555913915698867e-05 0.000000000000000000e+00 0.000000000000000000e+00 5.352889452740034357e-06
0.000000000000000000e+00 0.000000000000000000e+00 0.000000000000000000e+00 0.000000000000000000e+00 0.000000000000000000e+00
0.000000000000000000e+00 0.000000000000000000e+00 0.000000000000000000e+00 0.000000000000000000e+00 0.000000000000000000e+00
0.000000000000000000e+00 0.000000000000000000e+00 0.000000000000000000e+00 0.000000000000000000e+00 0.000000000000000000e+00
0.000000000000000000e+00 1.773599672896204317e-05 0.000000000000000000e+00 1.954199866615179707e-05 0.000000000000000000e+00
1.950358743959320273e-03 0.000000000000000000e+00 0.000000000000000000e+00 0.000000000000000000e+00 1.485279380733494096e-04
1.333639495433881252e-02 0.000000000000000000e+00 0.000000000000000000e+00 0.000000000000000000e+00 2.853453571969863443e-04
3.980498903886895562e-02 0.000000000000000000e+00 0.000000000000000000e+00 0.000000000000000000e+00 0.000000000000000000e+00
8.171851501082190439e-02 0.000000000000000000e+00 0.000000000000000000e+00 0.000000000000000000e+00 0.000000000000000000e+00
1.197482283950851573e-01 2.056954365938278972e-03 3.097449881387202321e-03 0.000000000000000000e+00 0.000000000000000000e+00
1.372967588974077502e-01 2.479204345008122895e-02 1.633429053493745675e-02 0.000000000000000000e+00 0.000000000000000000e+00
1.284257689643254485e-01 5.475169097494685111e-02 3.296036219049812421e-02 0.000000000000000000e+00 0.000000000000000000e+00
1.003041332332553770e-01 8.388685190575173589e-02 5.117707676226856267e-02 0.000000000000000000e+00 0.000000000000000000e+00
6.603620325994448426e-02 1.016507788321940609e-01 6.869872202305529751e-02 0.000000000000000000e+00 0.000000000000000000e+00
3.337700904790164708e-02 1.052288115234771698e-01 8.130104102190119364e-02 0.000000000000000000e+00 0.000000000000000000e+00
8.997582507515101621e-03 9.384653583004445854e-02 9.202009271555888770e-02 0.000000000000000000e+00 0.000000000000000000e+00
0.000000000000000000e+00 6.840791687183871150e-02 9.910065836504007575e-02 0.000000000000000000e+00 0.000000000000000000e+00
0.000000000000000000e+00 3.873071862429731949e-02 9.649751213310429898e-02 0.000000000000000000e+00 0.000000000000000000e+00
0.000000000000000000e+00 1.475519632873845827e-02 8.078017592215423759e-02 0.000000000000000000e+00 2.066547440943515383e-03
7.219375618752876941e-04 1.537921498131198869e-03 5.371442662265493717e-02 0.000000000000000000e+00 5.101663038551663802e-03
1.056214157814922136e-03 0.000000000000000000e+00 2.837946630497925962e-02 0.000000000000000000e+00 4.351337669335984468e-03
6.692027825402882459e-04 0.000000000000000000e+00 1.185320642717859439e-02 0.000000000000000000e+00 2.688959476377677637e-03
8.714060362666459887e-05 0.000000000000000000e+00 3.754710043639423751e-03 0.000000000000000000e+00 1.223329287729917579e-03
0.000000000000000000e+00 0.000000000000000000e+00 9.597335179609848069e-04 0.000000000000000000e+00 5.362811393561975858e-04
0.000000000000000000e+00 8.482762693330505395e-05 1.123834250442172413e-04 0.000000000000000000e+00 2.932394725983044465e-04
0.000000000000000000e+00 1.319387788959566939e-04 0.000000000000000000e+00 1.932396649418024161e-05 9.192666283400353206e-05
4.416260280682397996e-06 3.890125605924140914e-05 0.000000000000000000e+00 0.000000000000000000e+00 0.000000000000000000e+00
0.000000000000000000e+00 0.000000000000000000e+00 0.000000000000000000e+00 0.000000000000000000e+00 0.000000000000000000e+00
0.000000000000000000e+00 0.000000000000000000e+00 0.000000000000000000e+00 0.000000000000000000e+00 0.000000000000000000e+00
0.000000000000000000e+00 0.000000000000000000e+00 0.000000000000000000e+00 0.000000000000000000e+00 0.000000000000000000e+00
0.000000000000000000e+00 0.000000000000000000e+00 0.000000000000000000e+00 0.000000000000000000e+00 0.000000000000000000e+00
0.000000000000000000e+00 0.000000000000000000e+00 0.000000000000000000e+00 0.000000000000000000e+00 0.000000000000000000e+00
0.000000000000000000e+00 0.000000000000000000e+00 0.000000000000000000e+00 0.000000000000000000e+00 0.000000000000000000e+00
2.235923883317554746e-04 3.363233502796779693e-05 0.000000000000000000e+00 1.445122103234929034e-04 0.000000000000000000e+00
1.487028913148697546e-03 0.000000000000000000e+00 0.000000000000000000e+00 0.000000000000000000e+00 0.000000000000000000e+00
5.607860105000408643e-03 0.000000000000000000e+00 1.497270189587568987e-04 0.000000000000000000e+00 0.000000000000000000e+00
1.312543523401764334e-02 0.000000000000000000e+00 2.066964714655724212e-04 0.000000000000000000e+00 0.000000000000000000e+00
2.367662166903359774e-02 2.488889735688313534e-04 8.699558389553105515e-04 0.000000000000000000e+00 0.000000000000000000e+00
3.339850059093599222e-02 4.638339934093597614e-03 4.205957832958486659e-03 0.000000000000000000e+00 0.000000000000000000e+00
3.692407251547297209e-02 1.250581516077520043e-02 1.000584875636820886e-02 0.000000000000000000e+00 0.000000000000000000e+00
3.128331276572220154e-02 2.041270292269016517e-02 1.767356436197397782e-02 0.000000000000000000e+00 0.000000000000000000e+00
2.025156513847419654e-02 2.588518134799033116e-02 2.631987923964407283e-02 0.000000000000000000e+00 0.000000000000000000e+00
1.110194321424181653e-02 2.555166316141232324e-02 3.325009632791748465e-02 0.000000000000000000e+00 0.000000000000000000e+00
4.213162949179335287e-03 1.956634009849075526e-02 3.607852864925484987e-02 0.000000000000000000e+00 0.000000000000000000e+00
1.687502266142935610e-03 1.156840692698337010e-02 3.371302494936858490e-02 0.000000000000000000e+00 0.000000000000000000e+00
1.120784302551136591e-03 4.574908314545405273e-03 2.694307585550868855e-02 0.000000000000000000e+00 7.638144886337046270e-05
1.075195679872681951e-03 7.277793001914958058e-04 1.749008849736995164e-02 0.000000000000000000e+00 1.030716531675064532e-03
4.678105311871734386e-04 0.000000000000000000e+00 8.336538306460992975e-03 0.000000000000000000e+00 1.476027221457057968e-03
1.503154015624369076e-04 0.000000000000000000e+00 3.452646248032100254e-03 0.000000000000000000e+00 1.176898122930508444e-03
1.338607136400895366e-04 0.000000000000000000e+00 1.099036725713935844e-03 0.000000000000000000e+00 3.703473056471510722e-04
6.806511679193427092e-05 0.000000000000000000e+00 2.633713249858153139e-04 0.000000000000000000e+00 1.827939488405469750e-05
0.000000000000000000e+00 2.499190176546826851e-05 4.482938458312072787e-05 0.000000000000000000e+00 3.853131354112972624e-05
0.000000000000000000e+00 9.330125210882830010e-05 0.000000000000000000e+00 0.000000000000000000e+00 5.027543016597758852e-05
1.788973956823377640e-05 4.981660647714424689e-05 0.000000000000000000e+00 0.000000000000000000e+00 0.000000000000000000e+00
2.876503453249841557e-05 2.889569167891588132e-05 4.865247738887298326e-07 0.000000000000000000e+00 0.000000000000000000e+00
0.000000000000000000e+00 0.000000000000000000e+00 0.000000000000000000e+00 0.000000000000000000e+00 0.000000000000000000e+00
0.000000000000000000e+00 0.000000000000000000e+00 0.000000000000000000e+00 0.000000000000000000e+00 0.000000000000000000e+00
0.000000000000000000e+00 0.000000000000000000e+00 0.000000000000000000e+00 0.000000000000000000e+00 0.000000000000000000e+00
0.000000000000000000e+00 0.000000000000000000e+00 0.000000000000000000e+00 0.000000000000000000e+00 0.000000000000000000e+00
0.000000000000000000e+00 0.000000000000000000e+00 0.000000000000000000e+00 0.000000000000000000e+00 0.000000000000000000e+00
0.000000000000000000e+00 0.000000000000000000e+00 0.000000000000000000e+00 0.000000000000000000e+00 0.000000000000000000e+00
0.000000000000000000e+00 0.000000000000000000e+00 0.000000000000000000e+00 0.000000000000000000e+00 0.000000000000000000e+00
0.000000000000000000e+00 0.000000000000000000e+00 0.000000000000000000e+00 0.000000000000000000e+00 0.000000000000000000e+00
5.958729891882279176e-06 0.000000000000000000e+00 1.901113041378893419e-05 1.596299247080268431e-07 0.000000000000000000e+00
3.863420232432536033e-05 0.000000000000000000e+00 1.179625588679949387e-04 1.206940601491245864e-05 0.000000000000000000e+00
9.023739392617855242e-05 0.000000000000000000e+00 9.719194817810711360e-05 5.938299477438335224e-05 6.655586576913695321e-05
2.429741240141990242e-04 1.760863850488461344e-05 2.071844646120267626e-04 6.626821551389572046e-05 5.707257833751354527e-05
3.198938579949222021e-04 8.988345875189233573e-06 4.183529149737559767e-04 5.084065810440860931e-05 8.179025729308787818e-05
2.944512498697483631e-04 0.000000000000000000e+00 5.850053640043505199e-04 2.430746323146095779e-05 2.197194192435758921e-04
1.905050811304272933e-04 7.552685367944052784e-05 4.264446621340063138e-04 7.330539917579473081e-05 1.164314951082148401e-04
0.000000000000000000e+00 1.903655608845272024e-04 1.405991659131883124e-04 2.505570804475216844e-04 2.475414523813870642e-04
0.000000000000000000e+00 1.612111958828056884e-04 1.485841656963647769e-04 1.034615323874738321e-04 1.323473801549408368e-04
0.000000000000000000e+00 6.735121860618611749e-05 1.747579283845686511e-04 8.391665523851588493e-05 0.000000000000000000e+00
0.000000000000000000e+00 2.957860820339443383e-05 1.813227618986363405e-04 1.645892406941102109e-04 0.000000000000000000e+00
2.862026414649237896e-05 0.000000000000000000e+00 1.297982665455377639e-04 1.924459167986816000e-05 0.000000000000000000e+00
8.342221848635195081e-06 0.000000000000000000e+00 2.661558257930454581e-05 2.234818945912406720e-07 0.000000000000000000e+00
0.000000000000000000e+00 0.000000000000000000e+00 0.000000000000000000e+00 0.000000000000000000e+00 0.000000000000000000e+00
0.000000000000000000e+00 0.000000000000000000e+00 0.000000000000000000e+00 0.000000000000000000e+00 0.000000000000000000e+00
0.000000000000000000e+00 0.000000000000000000e+00 0.000000000000000000e+00 0.000000000000000000e+00 0.000000000000000000e+00
0.000000000000000000e+00 0.000000000000000000e+00 0.000000000000000000e+00 0.000000000000000000e+00 0.000000000000000000e+00
0.000000000000000000e+00 0.000000000000000000e+00 0.000000000000000000e+00 0.000000000000000000e+00 0.000000000000000000e+00
0.000000000000000000e+00 0.000000000000000000e+00 0.000000000000000000e+00 0.000000000000000000e+00 0.000000000000000000e+00
0.000000000000000000e+00 0.000000000000000000e+00 0.000000000000000000e+00 0.000000000000000000e+00 0.000000000000000000e+00
0.000000000000000000e+00 0.000000000000000000e+00 0.000000000000000000e+00 0.000000000000000000e+00 0.000000000000000000e+00
0.000000000000000000e+00 0.000000000000000000e+00 0.000000000000000000e+00 0.000000000000000000e+00 0.000000000000000000e+00
0.000000000000000000e+00 0.000000000000000000e+00 0.000000000000000000e+00 0.000000000000000000e+00 0.000000000000000000e+00
0.000000000000000000e+00 0.000000000000000000e+00 0.000000000000000000e+00 0.000000000000000000e+00 0.000000000000000000e+00
0.000000000000000000e+00 0.000000000000000000e+00 0.000000000000000000e+00 0.000000000000000000e+00 0.000000000000000000e+00
0.000000000000000000e+00 0.000000000000000000e+00 0.000000000000000000e+00 0.000000000000000000e+00 0.000000000000000000e+00
0.000000000000000000e+00 0.000000000000000000e+00 0.000000000000000000e+00 0.000000000000000000e+00 0.000000000000000000e+00
0.000000000000000000e+00 0.000000000000000000e+00 0.000000000000000000e+00 0.000000000000000000e+00 0.000000000000000000e+00
0.000000000000000000e+00 0.000000000000000000e+00 0.000000000000000000e+00 0.000000000000000000e+00 0.000000000000000000e+00
0.000000000000000000e+00 0.000000000000000000e+00 0.000000000000000000e+00 0.000000000000000000e+00 0.000000000000000000e+00
0.000000000000000000e+00 0.000000000000000000e+00 0.000000000000000000e+00 0.000000000000000000e+00 0.000000000000000000e+00
0.000000000000000000e+00 0.000000000000000000e+00 0.000000000000000000e+00 0.000000000000000000e+00 0.000000000000000000e+00
0.000000000000000000e+00 0.000000000000000000e+00 0.000000000000000000e+00 0.000000000000000000e+00 0.000000000000000000e+00
0.000000000000000000e+00 0.000000000000000000e+00 0.000000000000000000e+00 0.000000000000000000e+00 0.000000000000000000e+00
0.000000000000000000e+00 0.000000000000000000e+00 0.000000000000000000e+00 0.000000000000000000e+00 0.000000000000000000e+00
0.000000000000000000e+00 0.000000000000000000e+00 0.000000000000000000e+00 0.000000000000000000e+00 0.000000000000000000e+00
0.000000000000000000e+00 0.000000000000000000e+00 0.000000000000000000e+00 0.000000000000000000e+00 0.000000000000000000e+00
0.000000000000000000e+00 0.000000000000000000e+00 0.000000000000000000e+00 0.000000000000000000e+00 0.000000000000000000e+00
0.000000000000000000e+00 0.000000000000000000e+00 0.000000000000000000e+00 0.000000000000000000e+00 0.000000000000000000e+00
0.000000000000000000e+00 0.000000000000000000e+00 0.000000000000000000e+00 0.000000000000000000e+00 0.000000000000000000e+00
0.000000000000000000e+00 0.000000000000000000e+00 0.000000000000000000e+00 0.000000000000000000e+00 0.000000000000000000e+00
0.000000000000000000e+00 0.000000000000000000e+00 0.000000000000000000e+00 0.000000000000000000e+00 0.000000000000000000e+00
0.000000000000000000e+00 0.000000000000000000e+00 0.000000000000000000e+00 0.000000000000000000e+00 0.000000000000000000e+00
0.000000000000000000e+00 0.000000000000000000e+00 0.000000000000000000e+00 0.000000000000000000e+00 0.000000000000000000e+00
0.000000000000000000e+00 0.000000000000000000e+00 0.000000000000000000e+00 0.000000000000000000e+00 0.000000000000000000e+00
0.000000000000000000e+00 0.000000000000000000e+00 0.000000000000000000e+00 0.000000000000000000e+00 0.000000000000000000e+00
0.000000000000000000e+00 0.000000000000000000e+00 0.000000000000000000e+00 0.000000000000000000e+00 0.000000000000000000e+00
0.000000000000000000e+00 0.000000000000000000e+00 0.000000000000000000e+00 0.000000000000000000e+00 0.000000000000000000e+00
0.000000000000000000e+00 0.000000000000000000e+00 0.000000000000000000e+00 0.000000000000000000e+00 0.000000000000000000e+00
0.000000000000000000e+00 0.000000000000000000e+00 0.000000000000000000e+00 0.000000000000000000e+00 0.000000000000000000e+00
0.000000000000000000e+00 0.000000000000000000e+00 0.000000000000000000e+00 0.000000000000000000e+00 0.000000000000000000e+00
0.000000000000000000e+00 0.000000000000000000e+00 0.000000000000000000e+00 0.000000000000000000e+00 0.000000000000000000e+00
0.000000000000000000e+00 0.000000000000000000e+00 0.000000000000000000e+00 0.000000000000000000e+00 0.000000000000000000e+00
0.000000000000000000e+00 0.000000000000000000e+00 0.000000000000000000e+00 0.000000000000000000e+00 0.000000000000000000e+00
0.000000000000000000e+00 0.000000000000000000e+00 0.000000000000000000e+00 0.000000000000000000e+00 0.000000000000000000e+00
0.000000000000000000e+00 0.000000000000000000e+00 0.000000000000000000e+00 0.000000000000000000e+00 0.000000000000000000e+00
0.000000000000000000e+00 0.000000000000000000e+00 0.000000000000000000e+00 0.000000000000000000e+00 0.000000000000000000e+00
0.000000000000000000e+00 0.000000000000000000e+00 0.000000000000000000e+00 0.000000000000000000e+00 0.000000000000000000e+00
0.000000000000000000e+00 0.000000000000000000e+00 0.000000000000000000e+00 0.000000000000000000e+00 0.000000000000000000e+00
0.000000000000000000e+00 0.000000000000000000e+00 0.000000000000000000e+00 0.000000000000000000e+00 0.000000000000000000e+00
0.000000000000000000e+00 0.000000000000000000e+00 0.000000000000000000e+00 0.000000000000000000e+00 0.000000000000000000e+00
0.000000000000000000e+00 0.000000000000000000e+00 0.000000000000000000e+00 0.000000000000000000e+00 0.000000000000000000e+00
0.000000000000000000e+00 0.000000000000000000e+00 0.000000000000000000e+00 0.000000000000000000e+00 0.000000000000000000e+00
0.000000000000000000e+00 0.000000000000000000e+00 0.000000000000000000e+00 0.000000000000000000e+00 0.000000000000000000e+00
0.000000000000000000e+00 0.000000000000000000e+00 0.000000000000000000e+00 0.000000000000000000e+00 0.000000000000000000e+00
0.000000000000000000e+00 0.000000000000000000e+00 0.000000000000000000e+00 0.000000000000000000e+00 0.000000000000000000e+00
0.000000000000000000e+00 0.000000000000000000e+00 0.000000000000000000e+00 0.000000000000000000e+00 0.000000000000000000e+00
0.000000000000000000e+00 0.000000000000000000e+00 0.000000000000000000e+00 0.000000000000000000e+00 0.000000000000000000e+00
0.000000000000000000e+00 0.000000000000000000e+00 0.000000000000000000e+00 0.000000000000000000e+00 0.000000000000000000e+00
0.000000000000000000e+00 0.000000000000000000e+00 0.000000000000000000e+00 0.000000000000000000e+00 0.000000000000000000e+00
0.000000000000000000e+00 0.000000000000000000e+00 0.000000000000000000e+00 0.000000000000000000e+00 0.000000000000000000e+00
0.000000000000000000e+00 0.000000000000000000e+00 0.000000000000000000e+00 0.000000000000000000e+00 0.000000000000000000e+00
0.000000000000000000e+00 0.000000000000000000e+00 0.000000000000000000e+00 0.000000000000000000e+00 0.000000000000000000e+00
0.000000000000000000e+00 0.000000000000000000e+00 0.000000000000000000e+00 0.000000000000000000e+00 0.000000000000000000e+00
0.000000000000000000e+00 0.000000000000000000e+00 0.000000000000000000e+00 0.000000000000000000e+00 0.000000000000000000e+00
0.000000000000000000e+00 0.000000000000000000e+00 0.000000000000000000e+00 0.000000000000000000e+00 0.000000000000000000e+00
0.000000000000000000e+00 0.000000000000000000e+00 0.000000000000000000e+00 0.000000000000000000e+00 0.000000000000000000e+00
0.000000000000000000e+00 0.000000000000000000e+00 0.000000000000000000e+00 0.000000000000000000e+00 0.000000000000000000e+00
