403.5287959575653
0.000000000000000000e+00 0.000000000000000000e+00 0.000000000000000000e+00 0.000000000000000000e+00 0.000000000000000000e+00
0.000000000000000000e+00 0.000000000000000000e+00 0.000000000000000000e+00 0.000000000000000000e+00 0.000000000000000000e+00
0.000000000000000000e+00 0.000000000000000000e+00 0.000000000000000000e+00 0.000000000000000000e+00 0.000000000000000000e+00
0.000000000000000000e+00 0.000000000000000000e+00 0.000000000000000000e+00 0.000000000000000000e+00 0.000000000000000000e+00
0.000000000000000000e+00 0.000000000000000000e+00 0.000000000000000000e+00 0.000000000000000000e+00 0.000000000000000000e+00
0.000000000000000000e+00 0.000000000000000000e+00 0.000000000000000000e+00 0.000000000000000000e+00 0.000000000000000000e+00
0.000000000000000000e+00 0.000000000000000000e+00 0.000000000000000000e+00 0.000000000000000000e+00 0.000000000000000000e+00
0.000000000000000000e+00 0.000000000000000000e+00 0.000000000000000000e+00 0.000000000000000000e+00 0.000000000000000000e+00
0.000000000000000000e+00 0.000000000000000000e+00 0.000000000000000000e+00 0.000000000000000000e+00 0.000000000000000000e+00
0.000000000000000000e+00 0.000000000000000000e+00 0.000000000000000000e+00 0.000000000000000000e+00 0.000000000000000000e+00
0.000000000000000000e+00 0.000000000000000000e+00 0.000000000000000000e+00 0.000000000000000000e+00 0.000000000000000000e+00
0.000000000000000000e+00 0.000000000000000000e+00 0.000000000000000000e+00 0.000000000000000000e+00 0.000000000000000000e+00
0.000000000000000000e+00 0.000000000000000000e+00 0.000000000000000000e+00 0.000000000000000000e+00 0.000000000000000000e+00
0.000000000000000000e+00 0.000000000000000000e+00 0.000000000000000000e+00 0.000000000000000000e+00 0.000000000000000000e+00
0.000000000000000000e+00 0.000000000000000000e+00 0.000000000000000000e+00 0.000000000000000000e+00 0.000000000000000000e+00
0.000000000000000000e+00 0.000000000000000000e+00 0.000000000000000000e+00 0.000000000000000000e+00 0.000000000000000000e+00
0.000000000000000000e+00 0.000000000000000000e+00 0.000000000000000000e+00 0.000000000000000000e+00 0.000000000000000000e+00
0.000000000000000000e+00 0.000000000000000000e+00 0.000000000000000000e+00 0.000000000000000000e+00 0.000000000000000000e+00
0.000000000000000000e+00 0.000000000000000000e+00 0.000000000000000000e+00 0.000000000000000000e+00 0.000000000000000000e+00
0.000000000000000000e+00 0.000000000000000000e+00 0.000000000000000000e+00 0.000000000000000000e+00 0.000000000000000000e+00
0.000000000000000000e+00 0.000000000000000000e+00 0.000000000000000000e+00 0.000000000000000000e+00 0.000000000000000000e+00
0.000000000000000000e+00 0.000000000000000000e+00 0.000000000000000000e+00 0.000000000000000000e+00 0.000000000000000000e+00
0.000000000000000000e+00 0.000000000000000000e+00 0.000000000000000000e+00 0.000000000000000000e+00 0.000000000000000000e+00
0.000000000000000000e+00 0.000000000000000000e+00 0.000000000000000000e+00 0.000000000000000000e+00 0.000000000000000000e+00
0.000000000000000000e+00 0.000000000000000000e+00 0.000000000000000000e+00 0.000000000000000000e+00 0.000000000000000000e+00
0.000000000000000000e+00 0.000000000000000000e+00 0.000000000000000000e+00 0.000000000000000000e+00 0.000000000000000000e+00
0.000000000000000000e+00 0.000000000000000000e+00 0.000000000000000000e+00 0.000000000000000000e+00 0.000000000000000000e+00
0.000000000000000000e+00 0.000000000000000000e+00 0.000000000000000000e+00 0.000000000000000000e+00 0.000000000000000000e+00
0.000000000000000000e+00 0.000000000000000000e+00 0.000000000000000000e+00 0.000000000000000000e+00 0.000000000000000000e+00
0.000000000000000000e+00 0.000000000000000000e+00 0.000000000000000000e+00 0.000000000000000000e+00 0.000000000000000000e+00
0.000000000000000000e+00 0.000000000000000000e+00 0.000000000000000000e+00 0.000000000000000000e+00 0.000000000000000000e+00
0.000000000000000000e+00 0.000000000000000000e+00 0.000000000000000000e+00 0.000000000000000000e+00 0.000000000000000000e+00
0.000000000000000000e+00 0.000000000000000000e+00 0.000000000000000000e+00 0.000000000000000000e+00 0.000000000000000000e+00
0.000000000000000000e+00 0.000000000000000000e+00 0.000000000000000000e+00 0.000000000000000000e+00 0.000000000000000000e+00
0.000000000000000000e+00 0.000000000000000000e+00 0.000000000000000000e+00 0.000000000000000000e+00 0.000000000000000000e+00
0.000000000000000000e+00 0.000000000000000000e+00 0.000000000000000000e+00 0.000000000000000000e+00 0.000000000000000000e+00
0.000000000000000000e+00 0.000000000000000000e+00 0.000000000000000000e+00 0.000000000000000000e+00 0.000000000000000000e+00
0.000000000000000000e+00 0.000000000000000000e+00 0.000000000000000000e+00 0.000000000000000000e+00 0.000000000000000000e+00
0.000000000000000000e+00 0.000000000000000000e+00 0.000000000000000000e+00 0.000000000000000000e+00 0.000000000000000000e+00
0.000000000000000000e+00 0.000000000000000000e+00 0.000000000000000000e+00 0.000000000000000000e+00 0.000000000000000000e+00
0.000000000000000000e+00 0.000000000000000000e+00 0.000000000000000000e+00 0.000000000000000000e+00 0.000000000000000000e+00
0.000000000000000000e+00 0.000000000000000000e+00 0.000000000000000000e+00 0.000000000000000000e+00 0.000000000000000000e+00
1.055391032277211509e-04 1.352276881927527556e-04 0.000000000000000000e+00 0.000000000000000000e+00 8.728124631365371145e-05
1.271494910314922529e-04 1.629171672036496064e-04 0.000000000000000000e+00 0.000000000000000000e+00 1.051531205588303352e-04
1.909755201263527207e-05 2.446977214916474578e-05 0.000000000000000000e+00 0.000000000000000000e+00 1.579374933294690818e-05
0.000000000000000000e+00 0.000000000000000000e+00 0.000000000000000000e+00 0.000000000000000000e+00 0.000000000000000000e+00
0.000000000000000000e+00 0.000000000000000000e+00 0.000000000000000000e+00 0.000000000000000000e+00 0.000000000000000000e+00
0.000000000000000000e+00 0.000000000000000000e+00 0.000000000000000000e+00 0.000000000000000000e+00 0.000000000000000000e+00
0.000000000000000000e+00 0.000000000000000000e+00 0.000000000000000000e+00 0.000000000000000000e+00 0.000000000000000000e+00
0.000000000000000000e+00 0.000000000000000000e+00 0.000000000000000000e+00 0.000000000000000000e+00 0.000000000000000000e+00
0.000000000000000000e+00 0.000000000000000000e+00 0.000000000000000000e+00 0.000000000000000000e+00 0.000000000000000000e+00
0.000000000000000000e+00 0.000000000000000000e+00 0.000000000000000000e+00 0.000000000000000000e+00 0.000000000000000000e+00
0.000000000000000000e+00 0.000000000000000000e+00 0.000000000000000000e+00 0.000000000000000000e+00 0.000000000000000000e+00
0.000000000000000000e+00 0.000000000000000000e+00 0.000000000000000000e+00 0.000000000000000000e+00 0.000000000000000000e+00
0.000000000000000000e+00 0.000000000000000000e+00 0.000000000000000000e+00 0.000000000000000000e+00 0.000000000000000000e+00
0.000000000000000000e+00 0.000000000000000000e+00 0.000000000000000000e+00 0.000000000000000000e+00 0.000000000000000000e+00
0.000000000000000000e+00 0.000000000000000000e+00 0.000000000000000000e+00 0.000000000000000000e+00 0.000000000000000000e+00
0.000000000000000000e+00 0.000000000000000000e+00 0.000000000000000000e+00 0.000000000000000000e+00 0.000000000000000000e+00
0.000000000000000000e+00 0.000000000000000000e+00 0.000000000000000000e+00 0.000000000000000000e+00 0.000000000000000000e+00
0.000000000000000000e+00 0.000000000000000000e+00 0.000000000000000000e+00 0.000000000000000000e+00 0.000000000000000000e+00
0.000000000000000000e+00 0.000000000000000000e+00 0.000000000000000000e+00 0.000000000000000000e+00 0.000000000000000000e+00
0.000000000000000000e+00 0.000000000000000000e+00 0.000000000000000000e+00 0.000000000000000000e+00 0.000000000000000000e+00
0.000000000000000000e+00 0.000000000000000000e+00 0.000000000000000000e+00 0.000000000000000000e+00 0.000000000000000000e+00
0.000000000000000000e+00 0.000000000000000000e+00 0.000000000000000000e+00 0.000000000000000000e+00 0.000000000000000000e+00
0.000000000000000000e+00 0.000000000000000000e+00 0.000000000000000000e+00 0.000000000000000000e+00 0.000000000000000000e+00
0.000000000000000000e+00 0.000000000000000000e+00 0.000000000000000000e+00 0.000000000000000000e+00 0.000000000000000000e+00
0.000000000000000000e+00 0.000000000000000000e+00 0.000000000000000000e+00 0.000000000000000000e+00 0.000000000000000000e+00
7.621540444205958141e-06 4.012784478874897534e-05 0.000000000000000000e+00 0.000000000000000000e+00 3.320950997438454388e-06
1.231161533377391718e-04 6.603714906195445400e-04 0.000000000000000000e+00 0.000000000000000000e+00 5.565998545272887613e-05
2.583513674353125162e-04 1.890022527836496616e-03 0.000000000000000000e+00 0.000000000000000000e+00 2.001366531766566247e-04
2.923558941841705575e-04 1.426254502940533034e-03 0.000000000000000000e+00 0.000000000000000000e+00 2.604387324549076958e-04
6.479810459276235226e-04 1.991065346222177426e-03 0.000000000000000000e+00 0.000000000000000000e+00 4.479888169896920113e-04
5.112849563673306855e-04 1.239286390238607521e-03 0.000000000000000000e+00 0.000000000000000000e+00 3.004012664290483647e-04
1.063459953821250983e-04 4.819948750746094746e-04 0.000000000000000000e+00 0.000000000000000000e+00 9.393797714285089147e-05
1.251702109412714448e-04 3.453815301036765231e-04 0.000000000000000000e+00 0.000000000000000000e+00 7.948315684162112285e-05
2.397836486184133241e-04 5.428410162014165805e-04 0.000000000000000000e+00 0.000000000000000000e+00 1.334976955267846033e-04
5.686568741938677921e-05 1.287369998896642118e-04 0.000000000000000000e+00 0.000000000000000000e+00 3.165953253599617918e-05
0.000000000000000000e+00 0.000000000000000000e+00 0.000000000000000000e+00 0.000000000000000000e+00 0.000000000000000000e+00
0.000000000000000000e+00 0.000000000000000000e+00 0.000000000000000000e+00 0.000000000000000000e+00 0.000000000000000000e+00
0.000000000000000000e+00 0.000000000000000000e+00 0.000000000000000000e+00 0.000000000000000000e+00 0.000000000000000000e+00
0.000000000000000000e+00 0.000000000000000000e+00 0.000000000000000000e+00 0.000000000000000000e+00 0.000000000000000000e+00
0.000000000000000000e+00 0.000000000000000000e+00 0.000000000000000000e+00 0.000000000000000000e+00 0.000000000000000000e+00
0.000000000000000000e+00 0.000000000000000000e+00 0.000000000000000000e+00 0.000000000000000000e+00 0.000000000000000000e+00
0.000000000000000000e+00 0.000000000000000000e+00 0.000000000000000000e+00 0.000000000000000000e+00 0.000000000000000000e+00
0.000000000000000000e+00 0.000000000000000000e+00 0.000000000000000000e+00 0.000000000000000000e+00 0.000000000000000000e+00
0.000000000000000000e+00 0.000000000000000000e+00 0.000000000000000000e+00 0.000000000000000000e+00 0.000000000000000000e+00
0.000000000000000000e+00 0.000000000000000000e+00 0.000000000000000000e+00 0.000000000000000000e+00 0.000000000000000000e+00
0.000000000000000000e+00 0.000000000000000000e+00 0.000000000000000000e+00 0.000000000000000000e+00 0.000000000000000000e+00
0.000000000000000000e+00 0.000000000000000000e+00 0.000000000000000000e+00 0.000000000000000000e+00 0.000000000000000000e+00
0.000000000000000000e+00 0.000000000000000000e+00 0.000000000000000000e+00 0.000000000000000000e+00 0.000000000000000000e+00
0.000000000000000000e+00 0.000000000000000000e+00 0.000000000000000000e+00 0.000000000000000000e+00 0.000000000000000000e+00
0.000000000000000000e+00 0.000000000000000000e+00 0.000000000000000000e+00 0.000000000000000000e+00 0.000000000000000000e+00
4.510143307410751578e-06 2.979296220594665592e-05 0.000000000000000000e+00 0.000000000000000000e+00 5.604337388345966753e-06
3.147003442318961538e-05 5.476444321629787056e-04 0.000000000000000000e+00 0.000000000000000000e+00 0.000000000000000000e+00
1.967476833611714337e-04 9.796119385717028030e-04 2.539394340838240234e-05 0.000000000000000000e+00 0.000000000000000000e+00
4.775536162083122678e-04 1.816038977258525909e-03 0.000000000000000000e+00 0.000000000000000000e+00 9.719944687893350465e-05
6.715421071335238561e-04 4.456740796474156427e-03 0.000000000000000000e+00 0.000000000000000000e+00 1.769843103967583839e-04
6.698304475925575836e-04 7.288185459903659402e-03 0.000000000000000000e+00 0.000000000000000000e+00 1.671422281077848920e-04
1.476903870367907851e-03 8.859375849850185947e-03 0.000000000000000000e+00 0.000000000000000000e+00 5.374140556335219336e-04
3.452280131283187725e-03 8.379964676839298313e-03 0.000000000000000000e+00 0.000000000000000000e+00 1.185645826474572735e-03
3.900146088252912525e-03 6.167950548995422208e-03 0.000000000000000000e+00 0.000000000000000000e+00 9.382795961939201668e-04
2.698579951560404686e-03 4.003097836427419245e-03 3.881198925472216532e-04 0.000000000000000000e+00 4.632296889235579913e-05
1.094671666567412129e-03 2.790076870264239419e-03 8.449852527841095369e-04 0.000000000000000000e+00 1.498724952971374012e-04
5.243546492179040333e-04 1.925016827502236969e-03 2.764531704543545876e-04 0.000000000000000000e+00 1.331148580263988648e-03
3.365715266531629475e-04 1.098645081238180986e-03 0.000000000000000000e+00 0.000000000000000000e+00 1.368216013115259103e-03
2.530244643901366107e-04 4.881160949509056181e-04 0.000000000000000000e+00 0.000000000000000000e+00 1.111262512827525467e-03
4.631440127987248716e-05 0.000000000000000000e+00 0.000000000000000000e+00 8.289520346069756453e-06 6.732204988840026667e-04
1.312079461770498221e-05 0.000000000000000000e+00 0.000000000000000000e+00 1.617296719972078747e-06 1.902945174957564837e-04
0.000000000000000000e+00 0.000000000000000000e+00 0.000000000000000000e+00 0.000000000000000000e+00 0.000000000000000000e+00
0.000000000000000000e+00 0.000000000000000000e+00 0.000000000000000000e+00 0.000000000000000000e+00 0.000000000000000000e+00
0.000000000000000000e+00 0.000000000000000000e+00 0.000000000000000000e+00 0.000000000000000000e+00 0.000000000000000000e+00
0.000000000000000000e+00 0.000000000000000000e+00 0.000000000000000000e+00 0.000000000000000000e+00 0.000000000000000000e+00
0.000000000000000000e+00 0.000000000000000000e+00 0.000000000000000000e+00 0.000000000000000000e+00 0.000000000000000000e+00
0.000000000000000000e+00 0.000000000000000000e+00 0.000000000000000000e+00 0.000000000000000000e+00 0.000000000000000000e+00
0.000000000000000000e+00 0.000000000000000000e+00 0.000000000000000000e+00 0.000000000000000000e+00 0.000000000000000000e+00
0.000000000000000000e+00 0.000000000000000000e+00 0.000000000000000000e+00 0.000000000000000000e+00 0.000000000000000000e+00
2.796979867840360435e-06 0.000000000000000000e+00 0.000000000000000000e+00 1.334954040119820292e-06 5.041356918552663928e-05
5.966206955245176898e-05 1.454001909218700938e-04 0.000000000000000000e+00 0.000000000000000000e+00 3.508914098416556068e-05
9.444010254078349543e-06 6.026766281864020809e-05 2.502411283381386579e-05 0.000000000000000000e+00 1.633684395996560392e-05
3.092245473140056461e-05 3.287219133274092253e-04 0.000000000000000000e+00 0.000000000000000000e+00 3.987145937356228597e-06
1.868632231639241921e-04 2.276469836568103568e-03 0.000000000000000000e+00 0.000000000000000000e+00 8.501011016641387482e-05
4.763856840198314583e-04 7.713249026073038840e-03 0.000000000000000000e+00 0.000000000000000000e+00 1.783328925929069080e-04
9.236647358887304163e-04 2.429747525379128900e-02 0.000000000000000000e+00 0.000000000000000000e+00 1.717538231957742355e-04
0.000000000000000000e+00 4.909941812484093504e-02 0.000000000000000000e+00 0.000000000000000000e+00 0.000000000000000000e+00
0.000000000000000000e+00 8.062303942438120430e-02 1.808236532185249169e-03 4.088468105324560321e-03 0.000000000000000000e+00
0.000000000000000000e+00 6.051711155230368039e-02 3.903632981513680423e-03 4.722968000724060700e-02 0.000000000000000000e+00
1.472054775885394979e-03 1.170155603271093677e-04 0.000000000000000000e+00 7.649893512291383590e-02 0.000000000000000000e+00
6.181489626228953843e-02 0.000000000000000000e+00 0.000000000000000000e+00 4.452238669520202502e-02 2.531658993600006957e-03
9.148454876135035663e-02 1.392990990828335161e-03 6.496456640923750116e-03 0.000000000000000000e+00 0.000000000000000000e+00
4.836252202839966263e-02 1.092567651627468495e-02 5.832166896263528411e-02 0.000000000000000000e+00 0.000000000000000000e+00
0.000000000000000000e+00 7.714677084711264558e-03 7.952240402140918485e-02 0.000000000000000000e+00 0.000000000000000000e+00
0.000000000000000000e+00 4.366722499481011529e-04 5.500194954508790673e-02 1.556904015306225485e-03 3.694701049819354433e-02
0.000000000000000000e+00 0.000000000000000000e+00 1.394091202404517706e-02 2.104760665681098576e-03 7.289623638844217046e-02
5.284550844843251971e-05 0.000000000000000000e+00 0.000000000000000000e+00 2.254135420944518113e-04 6.423391621707105759e-02
1.867156623324104595e-03 0.000000000000000000e+00 0.000000000000000000e+00 0.000000000000000000e+00 3.361139322042298871e-02
1.023940050756315260e-03 0.000000000000000000e+00 0.000000000000000000e+00 0.000000000000000000e+00 1.047669761908308697e-02
2.488956020844422610e-04 0.000000000000000000e+00 0.000000000000000000e+00 0.000000000000000000e+00 2.418097044220267333e-03
0.000000000000000000e+00 0.000000000000000000e+00 0.000000000000000000e+00 0.000000000000000000e+00 0.000000000000000000e+00
0.000000000000000000e+00 0.000000000000000000e+00 0.000000000000000000e+00 0.000000000000000000e+00 0.000000000000000000e+00
0.000000000000000000e+00 0.000000000000000000e+00 0.000000000000000000e+00 0.000000000000000000e+00 0.000000000000000000e+00
0.000000000000000000e+00 0.000000000000000000e+00 0.000000000000000000e+00 0.000000000000000000e+00 0.000000000000000000e+00
0.000000000000000000e+00 0.000000000000000000e+00 0.000000000000000000e+00 0.000000000000000000e+00 0.000000000000000000e+00
0.000000000000000000e+00 3.616309920457483839e-05 4.392594427794870428e-05 0.000000000000000000e+00 0.000000000000000000e+00
0.000000000000000000e+00 2.379151263458868183e-05 2.889864755128208312e-05 0.000000000000000000e+00 0.000000000000000000e+00
0.000000000000000000e+00 0.000000000000000000e+00 0.000000000000000000e+00 0.000000000000000000e+00 0.000000000000000000e+00
2.314888298635129401e-04 5.641527407768556030e-04 0.000000000000000000e+00 0.000000000000000000e+00 1.361458670185642077e-04
3.545853432079319983e-04 1.394637587493783009e-03 0.000000000000000000e+00 0.000000000000000000e+00 1.348927601072189020e-04
4.162346992267273809e-04 2.319615851544145225e-03 0.000000000000000000e+00 0.000000000000000000e+00 1.848130244528628377e-04
8.616610712481803181e-04 5.439363616971220651e-03 0.000000000000000000e+00 0.000000000000000000e+00 4.497158275838094785e-04
1.658849126617058202e-03 1.449266147759654608e-02 0.000000000000000000e+00 0.000000000000000000e+00 1.169740239177187013e-03
1.634881806440572228e-03 4.209899760137010560e-02 0.000000000000000000e+00 0.000000000000000000e+00 6.717755941205341263e-04
0.000000000000000000e+00 9.331321892779989580e-02 1.601693030243532675e-04 0.000000000000000000e+00 0.000000000000000000e+00
0.000000000000000000e+00 1.413831265244417101e-01 4.030955582375089254e-03 1.454435266262842953e-02 0.000000000000000000e+00
0.000000000000000000e+00 1.046158516251320808e-01 5.776953730205341107e-03 9.264145555873555538e-02 0.000000000000000000e+00
1.038833005370531914e-02 0.000000000000000000e+00 0.000000000000000000e+00 1.460790640733063139e-01 0.000000000000000000e+00
1.227801450049114951e-01 0.000000000000000000e+00 0.000000000000000000e+00 9.296311100814119710e-02 4.787912627063560002e-03
1.704931619258347464e-01 0.000000000000000000e+00 2.184267412060196881e-02 0.000000000000000000e+00 0.000000000000000000e+00
9.277091321739285024e-02 1.907727919068952227e-02 1.090859765303940493e-01 0.000000000000000000e+00 0.000000000000000000e+00
0.000000000000000000e+00 1.294030043761799573e-02 1.394393895738536282e-01 0.000000000000000000e+00 0.000000000000000000e+00
0.000000000000000000e+00 7.921369359662347800e-04 8.683609397127330098e-02 1.542195140307742749e-03 8.408423696683577087e-02
0.000000000000000000e+00 0.000000000000000000e+00 2.033720600969000925e-02 2.792727345469500719e-03 1.356870283320206760e-01
0.000000000000000000e+00 0.000000000000000000e+00 0.000000000000000000e+00 5.368847560707587941e-04 1.114947059859744960e-01
4.157610053320996875e-03 0.000000000000000000e+00 0.000000000000000000e+00 0.000000000000000000e+00 5.682371110815674642e-02
2.150093572814682896e-03 0.000000000000000000e+00 0.000000000000000000e+00 0.000000000000000000e+00 1.965107399149709430e-02
5.144150488914079038e-04 0.000000000000000000e+00 0.000000000000000000e+00 0.000000000000000000e+00 4.858641966274017746e-03
2.024105178285382092e-05 0.000000000000000000e+00 0.000000000000000000e+00 0.000000000000000000e+00 1.354711420069993851e-04
0.000000000000000000e+00 0.000000000000000000e+00 3.278692322440056171e-05 1.109700895434391305e-05 2.000521121355341769e-05
0.000000000000000000e+00 0.000000000000000000e+00 0.000000000000000000e+00 0.000000000000000000e+00 0.000000000000000000e+00
0.000000000000000000e+00 0.000000000000000000e+00 0.000000000000000000e+00 0.000000000000000000e+00 0.000000000000000000e+00
0.000000000000000000e+00 0.000000000000000000e+00 0.000000000000000000e+00 0.000000000000000000e+00 0.000000000000000000e+00
0.000000000000000000e+00 9.040774801143709597e-06 1.098148606948717607e-05 0.000000000000000000e+00 0.000000000000000000e+00
1.502765600748361717e-05 2.042270751978084833e-06 2.170168727425060687e-05 0.000000000000000000e+00 0.000000000000000000e+00
3.104592567239409509e-05 0.000000000000000000e+00 3.021881497327853349e-05 0.000000000000000000e+00 0.000000000000000000e+00
1.527251137958313316e-04 3.827163192894825617e-04 0.000000000000000000e+00 0.000000000000000000e+00 8.688061462782890583e-05
4.914219820717480574e-04 1.896136555753858604e-03 0.000000000000000000e+00 0.000000000000000000e+00 3.368677435207156163e-04
7.853671122491099948e-04 2.994025166918001541e-03 0.000000000000000000e+00 0.000000000000000000e+00 5.794300944969993372e-04
1.465337236414265701e-03 5.781750287295354604e-03 0.000000000000000000e+00 0.000000000000000000e+00 9.573233617918416524e-04
2.098379654746165748e-03 1.483805103844902142e-02 0.000000000000000000e+00 0.000000000000000000e+00 1.287340471616392088e-03
2.772695284124267450e-03 4.424124280676778459e-02 0.000000000000000000e+00 0.000000000000000000e+00 7.356079234006390397e-04
0.000000000000000000e+00 1.036844141784903917e-01 0.000000000000000000e+00 0.000000000000000000e+00 0.000000000000000000e+00
0.000000000000000000e+00 1.638351238382261543e-01 3.554391839580512812e-03 1.657664070648035004e-02 0.000000000000000000e+00
0.000000000000000000e+00 1.255200652066701394e-01 4.761682724429844825e-03 1.070418152062340422e-01 0.000000000000000000e+00
2.154170528325135073e-02 5.896775937621731925e-03 0.000000000000000000e+00 1.708470516008335494e-01 0.000000000000000000e+00
1.479369926925852008e-01 0.000000000000000000e+00 0.000000000000000000e+00 1.082569452385226949e-01 0.000000000000000000e+00
1.880310021761947836e-01 0.000000000000000000e+00 4.940253673923757777e-02 0.000000000000000000e+00 0.000000000000000000e+00
9.127399364974707330e-02 1.979970644862047088e-02 1.383656138672800795e-01 0.000000000000000000e+00 0.000000000000000000e+00
0.000000000000000000e+00 1.285408127569272370e-02 1.478453858949584643e-01 0.000000000000000000e+00 4.049339971847339126e-02
0.000000000000000000e+00 8.418626713463173757e-04 7.576079290495427165e-02 3.891028311711511680e-04 1.311047943918231817e-01
0.000000000000000000e+00 0.000000000000000000e+00 9.092680847119269383e-03 1.454465401143079746e-03 1.556306574394804854e-01
2.416976292171712105e-03 0.000000000000000000e+00 0.000000000000000000e+00 0.000000000000000000e+00 1.083123332701107777e-01
3.696359892750187334e-03 0.000000000000000000e+00 0.000000000000000000e+00 0.000000000000000000e+00 4.999846366976208600e-02
1.618573478512239051e-03 0.000000000000000000e+00 0.000000000000000000e+00 0.000000000000000000e+00 1.606431300631900108e-02
3.379503954110706413e-04 0.000000000000000000e+00 0.000000000000000000e+00 0.000000000000000000e+00 3.307866094539304788e-03
0.000000000000000000e+00 0.000000000000000000e+00 0.000000000000000000e+00 0.000000000000000000e+00 0.000000000000000000e+00
0.000000000000000000e+00 0.000000000000000000e+00 0.000000000000000000e+00 0.000000000000000000e+00 0.000000000000000000e+00
0.000000000000000000e+00 0.000000000000000000e+00 0.000000000000000000e+00 0.000000000000000000e+00 0.000000000000000000e+00
0.000000000000000000e+00 0.000000000000000000e+00 0.000000000000000000e+00 0.000000000000000000e+00 0.000000000000000000e+00
0.000000000000000000e+00 0.000000000000000000e+00 0.000000000000000000e+00 0.000000000000000000e+00 0.000000000000000000e+00
0.000000000000000000e+00 0.000000000000000000e+00 0.000000000000000000e+00 1.124118998811581285e-06 1.113245054485888875e-04
1.067265739351338014e-05 7.425960092439434638e-05 2.432618319072191043e-05 8.007895420196773300e-06 0.000000000000000000e+00
1.190034443515085224e-04 2.930857819698473848e-04 0.000000000000000000e+00 0.000000000000000000e+00 2.164609014262713254e-04
1.528622796788779855e-04 2.773347870624233305e-04 0.000000000000000000e+00 0.000000000000000000e+00 2.398274515321148590e-04
3.654732097889296116e-04 1.087664947619239710e-03 0.000000000000000000e+00 0.000000000000000000e+00 4.289444193857624510e-04
8.854172460328965264e-04 3.545354564209867755e-03 0.000000000000000000e+00 0.000000000000000000e+00 6.449649104798479146e-04
1.747401456755006419e-03 5.315648764704541951e-03 0.000000000000000000e+00 0.000000000000000000e+00 1.112196905541164814e-03
1.910514139041182740e-03 1.169702086308820228e-02 0.000000000000000000e+00 0.000000000000000000e+00 8.224559057390831663e-04
2.693709646779249376e-03 3.733147156750633161e-02 0.000000000000000000e+00 0.000000000000000000e+00 1.957100377874981822e-04
8.111053100212086905e-04 9.614973689777531196e-02 0.000000000000000000e+00 0.000000000000000000e+00 0.000000000000000000e+00
0.000000000000000000e+00 1.697088315277162085e-01 3.325012797706085235e-03 1.558389446765416977e-02 0.000000000000000000e+00
0.000000000000000000e+00 1.326991524461860195e-01 5.492247446464599246e-03 1.140641982147280464e-01 0.000000000000000000e+00
3.239475525049266558e-02 1.586638722946105348e-02 0.000000000000000000e+00 1.790874674931084709e-01 0.000000000000000000e+00
1.629201592007954169e-01 0.000000000000000000e+00 3.819924188282402839e-03 1.067263780207096530e-01 0.000000000000000000e+00
1.825488455227274043e-01 3.640082303451847197e-03 8.352100363291763141e-02 0.000000000000000000e+00 0.000000000000000000e+00
7.275559860180134952e-02 1.989441816177256114e-02 1.554487693622738642e-01 0.000000000000000000e+00 4.670736350841277022e-03
0.000000000000000000e+00 1.154057829992774682e-02 1.293370522333213979e-01 0.000000000000000000e+00 9.170908390548453137e-02
0.000000000000000000e+00 1.576544838966152228e-03 4.631099318606173021e-02 0.000000000000000000e+00 1.617611262270725603e-01
0.000000000000000000e+00 0.000000000000000000e+00 0.000000000000000000e+00 0.000000000000000000e+00 1.457774873594646636e-01
4.628465074084318551e-03 0.000000000000000000e+00 0.000000000000000000e+00 0.000000000000000000e+00 8.376851008977491408e-02
2.874579507538986469e-03 0.000000000000000000e+00 0.000000000000000000e+00 0.000000000000000000e+00 3.192423840873979263e-02
8.187140210277561508e-04 0.000000000000000000e+00 0.000000000000000000e+00 0.000000000000000000e+00 8.421861625572452451e-03
2.276520263056861534e-04 0.000000000000000000e+00 0.000000000000000000e+00 0.000000000000000000e+00 2.057422272140944919e-03
0.000000000000000000e+00 0.000000000000000000e+00 0.000000000000000000e+00 0.000000000000000000e+00 0.000000000000000000e+00
0.000000000000000000e+00 0.000000000000000000e+00 2.936634251171527877e-05 4.358136292055211066e-06 0.000000000000000000e+00
0.000000000000000000e+00 0.000000000000000000e+00 0.000000000000000000e+00 0.000000000000000000e+00 0.000000000000000000e+00
0.000000000000000000e+00 0.000000000000000000e+00 0.000000000000000000e+00 0.000000000000000000e+00 0.000000000000000000e+00
0.000000000000000000e+00 0.000000000000000000e+00 0.000000000000000000e+00 0.000000000000000000e+00 0.000000000000000000e+00
0.000000000000000000e+00 0.000000000000000000e+00 0.000000000000000000e+00 2.654169858305188476e-07 2.628495267536115650e-05
0.000000000000000000e+00 1.868941296340965650e-04 0.000000000000000000e+00 1.435041416073967446e-05 1.310076890532479199e-06
8.242704180500816066e-05 2.522264394613295572e-04 0.000000000000000000e+00 0.000000000000000000e+00 2.576701616806491659e-04
2.136188506274627817e-04 2.389136266537870425e-04 0.000000000000000000e+00 0.000000000000000000e+00 2.933337769887062901e-04
5.822746611675941189e-04 1.223517658484484742e-03 0.000000000000000000e+00 0.000000000000000000e+00 2.549250039946422664e-04
1.164768440073927439e-03 3.131774637771713408e-03 0.000000000000000000e+00 0.000000000000000000e+00 5.533881102725777797e-04
1.636342637225701073e-03 5.699589507614627980e-03 0.000000000000000000e+00 0.000000000000000000e+00 1.052968571909963010e-03
1.951691672500656264e-03 9.949942690401140585e-03 0.000000000000000000e+00 0.000000000000000000e+00 6.602001445204762082e-04
2.880337281907894773e-03 2.811992772724794878e-02 0.000000000000000000e+00 0.000000000000000000e+00 4.446279855104374274e-04
2.508425815149405332e-03 8.637177936038897830e-02 0.000000000000000000e+00 0.000000000000000000e+00 0.000000000000000000e+00
0.000000000000000000e+00 1.712969162231733344e-01 1.884544995320085181e-03 1.058676213638178910e-02 0.000000000000000000e+00
0.000000000000000000e+00 1.396170000371889375e-01 5.897246545202277507e-03 1.163972015985830222e-01 0.000000000000000000e+00
4.568739917317818366e-02 2.567305838673310248e-02 1.147969556632310109e-03 1.827664946128304546e-01 0.000000000000000000e+00
1.676876894846924260e-01 0.000000000000000000e+00 3.678596546138591245e-02 1.044616755799922664e-01 0.000000000000000000e+00
1.645685878781327771e-01 1.031927171310450739e-02 1.159904450038703044e-01 0.000000000000000000e+00 0.000000000000000000e+00
5.427409673066684731e-02 2.158383419391777039e-02 1.510802658915403052e-01 0.000000000000000000e+00 5.940911131922286398e-02
0.000000000000000000e+00 1.106992116422849531e-02 9.595070028242946858e-02 0.000000000000000000e+00 1.383960110411794342e-01
0.000000000000000000e+00 2.609966791784337770e-03 1.342993331792983677e-02 0.000000000000000000e+00 1.654260284765629030e-01
5.490695025216867954e-03 0.000000000000000000e+00 0.000000000000000000e+00 0.000000000000000000e+00 1.101238079826311611e-01
4.067830382898134783e-03 0.000000000000000000e+00 0.000000000000000000e+00 0.000000000000000000e+00 4.805472980425240515e-02
1.582032300570662686e-03 0.000000000000000000e+00 0.000000000000000000e+00 0.000000000000000000e+00 1.410486179912831019e-02
2.980996626978009521e-04 0.000000000000000000e+00 0.000000000000000000e+00 0.000000000000000000e+00 3.040322042404748366e-03
1.538230436844849379e-04 0.000000000000000000e+00 0.000000000000000000e+00 0.000000000000000000e+00 1.131110930217854192e-03
0.000000000000000000e+00 0.000000000000000000e+00 0.000000000000000000e+00 0.000000000000000000e+00 0.000000000000000000e+00
0.000000000000000000e+00 0.000000000000000000e+00 0.000000000000000000e+00 0.000000000000000000e+00 0.000000000000000000e+00
0.000000000000000000e+00 0.000000000000000000e+00 0.000000000000000000e+00 0.000000000000000000e+00 0.000000000000000000e+00
0.000000000000000000e+00 0.000000000000000000e+00 0.000000000000000000e+00 0.000000000000000000e+00 0.000000000000000000e+00
9.164409860995534405e-06 1.777978810251342547e-05 0.000000000000000000e+00 0.000000000000000000e+00 1.100571498026638108e-04
0.000000000000000000e+00 0.000000000000000000e+00 0.000000000000000000e+00 0.000000000000000000e+00 0.000000000000000000e+00
0.000000000000000000e+00 0.000000000000000000e+00 2.281700691314353504e-05 2.404561003271846667e-06 1.716404763007403883e-05
1.445739048417559109e-04 1.905935379646311444e-04 0.000000000000000000e+00 0.000000000000000000e+00 2.178928051616847142e-04
3.408047155644365329e-04 5.295190444633459791e-04 0.000000000000000000e+00 0.000000000000000000e+00 5.059908192045715816e-04
7.804836581503535537e-04 1.704906832623954548e-03 0.000000000000000000e+00 0.000000000000000000e+00 3.057010825029859622e-04
1.417104838047739688e-03 4.366380197166203070e-03 0.000000000000000000e+00 0.000000000000000000e+00 7.361458679995351020e-04
2.239215522582275325e-03 7.706240284655393492e-03 0.000000000000000000e+00 0.000000000000000000e+00 1.296352299289070271e-03
2.929421053069332110e-03 1.187253343446760534e-02 0.000000000000000000e+00 0.000000000000000000e+00 1.498987599393713718e-03
4.275349600595534580e-03 2.456414782274808639e-02 0.000000000000000000e+00 0.000000000000000000e+00 1.678864898528264560e-03
4.862990027620543200e-03 7.431890564399393218e-02 0.000000000000000000e+00 0.000000000000000000e+00 9.927070990353409168e-04
0.000000000000000000e+00 1.634195103291525841e-01 1.706983785723001443e-03 8.824306780613173570e-03 0.000000000000000000e+00
0.000000000000000000e+00 1.351456160370356485e-01 9.609624150675153548e-03 1.228030121243996881e-01 0.000000000000000000e+00
6.223740044396381538e-02 3.745511748979481192e-02 1.956661434650973710e-02 1.804699968833980706e-01 0.000000000000000000e+00
1.605949228064279810e-01 0.000000000000000000e+00 7.796918200739003102e-02 1.024814603661894641e-01 0.000000000000000000e+00
1.475783398383784528e-01 1.823431052799278848e-02 1.294477779010877461e-01 0.000000000000000000e+00 4.412083632957261581e-02
4.067019863456367706e-02 2.433094298935425601e-02 1.300975537570627782e-01 0.000000000000000000e+00 1.087020920395705414e-01
0.000000000000000000e+00 1.137786096772885717e-02 5.451624061353110146e-02 0.000000000000000000e+00 1.636625713245382641e-01
4.933402621117070896e-03 3.707389332618020103e-03 0.000000000000000000e+00 0.000000000000000000e+00 1.395248244113188874e-01
5.756271373665844231e-03 9.208965202613251643e-04 0.000000000000000000e+00 0.000000000000000000e+00 6.480402026531315030e-02
1.986364519767594428e-03 0.000000000000000000e+00 0.000000000000000000e+00 0.000000000000000000e+00 1.867209061620241431e-02
5.809552823056871517e-04 0.000000000000000000e+00 0.000000000000000000e+00 8.545849490941610934e-05 4.171696326794632932e-03
1.524222456021232051e-04 0.000000000000000000e+00 0.000000000000000000e+00 1.038137178694873011e-04 9.724622921852439910e-04
1.127372231868306856e-04 2.603583114455103149e-05 0.000000000000000000e+00 0.000000000000000000e+00 5.152077396365166949e-04
0.000000000000000000e+00 0.000000000000000000e+00 1.620740411002046677e-05 5.278370036477131755e-05 0.000000000000000000e+00
0.000000000000000000e+00 0.000000000000000000e+00 3.866126455661806222e-05 1.532215833235341991e-05 1.108916528975265425e-05
0.000000000000000000e+00 0.000000000000000000e+00 0.000000000000000000e+00 0.000000000000000000e+00 0.000000000000000000e+00
0.000000000000000000e+00 0.000000000000000000e+00 0.000000000000000000e+00 0.000000000000000000e+00 0.000000000000000000e+00
1.504773471002969598e-05 2.919397305721341791e-05 0.000000000000000000e+00 0.000000000000000000e+00 1.807111225154849380e-04
0.000000000000000000e+00 0.000000000000000000e+00 0.000000000000000000e+00 0.000000000000000000e+00 0.000000000000000000e+00
0.000000000000000000e+00 0.000000000000000000e+00 0.000000000000000000e+00 0.000000000000000000e+00 0.000000000000000000e+00
1.542405627770816507e-04 1.882637392287512200e-04 0.000000000000000000e+00 0.000000000000000000e+00 2.182658236805293662e-04
2.512955665056189575e-04 3.059228772855370512e-04 0.000000000000000000e+00 0.000000000000000000e+00 1.823062682892623873e-04
7.875858351852351412e-04 1.762943536004867549e-03 0.000000000000000000e+00 0.000000000000000000e+00 3.549516021749491703e-04
1.435648251239299636e-03 4.260449975330698504e-03 0.000000000000000000e+00 0.000000000000000000e+00 4.880368057855119512e-04
1.980275974205492409e-03 7.341692271905083007e-03 0.000000000000000000e+00 0.000000000000000000e+00 1.041580964998020794e-03
3.311833519528661115e-03 1.257739022464874137e-02 0.000000000000000000e+00 0.000000000000000000e+00 1.847229456185297799e-03
4.963645362647438157e-03 2.444938308785926315e-02 0.000000000000000000e+00 0.000000000000000000e+00 2.229835164262768208e-03
6.597014003222858615e-03 6.213991450753759971e-02 0.000000000000000000e+00 0.000000000000000000e+00 2.088522853621795853e-03
0.000000000000000000e+00 1.490600701616625889e-01 2.480336173386590761e-03 1.060758212448509839e-02 0.000000000000000000e+00
0.000000000000000000e+00 1.234290797142531676e-01 1.707019341476535140e-02 1.299158787911547097e-01 0.000000000000000000e+00
7.702792715998205142e-02 4.504700283282754569e-02 5.356109395021013686e-02 1.746070893655021217e-01 0.000000000000000000e+00
1.498005954415712881e-01 1.114008159707301909e-02 1.093027279409044539e-01 9.876526618011884084e-02 2.412517778991998471e-02
1.339802555096789582e-01 2.980217349499142063e-02 1.232117739973908055e-01 0.000000000000000000e+00 9.624687737751018435e-02
3.084201071519094423e-02 2.852980548038066416e-02 9.843820216850401872e-02 0.000000000000000000e+00 1.404894609875605993e-01
6.124691089112475895e-03 1.186872433380871394e-02 1.474283542065844659e-02 0.000000000000000000e+00 1.573862655174093628e-01
7.374298945875486927e-03 3.258018546487273515e-03 0.000000000000000000e+00 0.000000000000000000e+00 9.140838769728744373e-02
2.866497006876516252e-03 6.296725019577783600e-04 0.000000000000000000e+00 0.000000000000000000e+00 2.630767450897427556e-02
5.657966447223764265e-04 0.000000000000000000e+00 0.000000000000000000e+00 1.275023075627542768e-04 4.513296988238468463e-03
1.309554165181646402e-04 0.000000000000000000e+00 0.000000000000000000e+00 2.877598640454871303e-04 1.066827555355492289e-03
0.000000000000000000e+00 0.000000000000000000e+00 4.689381316875006818e-05 1.431135132387058447e-04 2.617410193714065649e-04
1.285521173304167092e-05 2.121249226203777245e-06 0.000000000000000000e+00 0.000000000000000000e+00 7.030249651491681971e-05
0.000000000000000000e+00 0.000000000000000000e+00 0.000000000000000000e+00 1.023824565106988278e-04 1.718577718280528096e-04
0.000000000000000000e+00 0.000000000000000000e+00 3.349927863541914591e-05 1.977780065687169476e-05 7.123678922717114678e-06
0.000000000000000000e+00 0.000000000000000000e+00 0.000000000000000000e+00 0.000000000000000000e+00 0.000000000000000000e+00
0.000000000000000000e+00 0.000000000000000000e+00 0.000000000000000000e+00 0.000000000000000000e+00 0.000000000000000000e+00
2.024180570489144230e-06 2.206413776800713033e-05 2.340526233857981496e-05 0.000000000000000000e+00 2.729182273731408823e-05
1.261291076261235892e-06 1.324736829986643158e-05 1.366234285823943490e-05 0.000000000000000000e+00 1.886097622745128621e-05
3.236721727035496192e-06 2.646253343799452972e-05 2.120277678489783984e-05 0.000000000000000000e+00 7.629042925101409047e-05
1.554342523190158087e-04 1.892175872144626709e-04 0.000000000000000000e+00 0.000000000000000000e+00 2.230579428547296774e-04
2.859536869169568870e-04 1.976521375950270987e-04 0.000000000000000000e+00 0.000000000000000000e+00 2.347264117814262471e-04
5.643288730287215893e-04 1.245099991791613842e-03 0.000000000000000000e+00 0.000000000000000000e+00 3.468641255828317903e-04
9.634169358520250316e-04 3.618158708225327133e-03 0.000000000000000000e+00 0.000000000000000000e+00 4.810727524261145015e-04
1.563217328171113540e-03 6.395442731198739024e-03 0.000000000000000000e+00 0.000000000000000000e+00 7.524245584332889952e-04
3.477648749090431462e-03 1.253375113789676441e-02 0.000000000000000000e+00 0.000000000000000000e+00 1.933251915391244772e-03
6.407297114775899020e-03 2.444082784487875901e-02 0.000000000000000000e+00 0.000000000000000000e+00 2.815005961584861847e-03
8.237047809854873212e-03 4.924447497348257569e-02 0.000000000000000000e+00 0.000000000000000000e+00 2.657228613748478883e-03
0.000000000000000000e+00 1.216750328411166648e-01 5.591656713995131651e-03 1.767130281833736993e-02 0.000000000000000000e+00
0.000000000000000000e+00 1.028663244218186584e-01 3.566872912589297284e-02 1.388949163039241708e-01 0.000000000000000000e+00
8.662534777180318224e-02 5.034125235881062310e-02 9.231299521013558440e-02 1.683780330179477647e-01 4.211573120143399275e-03
1.424577115320157239e-01 3.657597491487654673e-02 1.173089056369166772e-01 9.372177879999596395e-02 7.793584583210952377e-02
1.201846186274098671e-01 4.800586940787066048e-02 1.086191547603547608e-01 0.000000000000000000e+00 1.242859165697417223e-01
2.705791034275402754e-02 3.140957053390261433e-02 5.476989146416545717e-02 0.000000000000000000e+00 1.547735227110202949e-01
1.103231766205999172e-02 1.022667625723677753e-02 0.000000000000000000e+00 0.000000000000000000e+00 1.173894264143020422e-01
4.432579255883508686e-03 1.885664066625451253e-03 0.000000000000000000e+00 0.000000000000000000e+00 4.169560337518857934e-02
7.604509670129003902e-04 2.923033085629751348e-04 0.000000000000000000e+00 0.000000000000000000e+00 7.090885728951547458e-03
2.398514243401345548e-04 0.000000000000000000e+00 0.000000000000000000e+00 2.395713276044472598e-04 1.273880660168270331e-03
0.000000000000000000e+00 0.000000000000000000e+00 5.356737985787599966e-05 2.951446822694863553e-04 1.001741194736220831e-04
0.000000000000000000e+00 0.000000000000000000e+00 1.828822051056960872e-04 1.244230965010423978e-04 0.000000000000000000e+00
0.000000000000000000e+00 0.000000000000000000e+00 0.000000000000000000e+00 0.000000000000000000e+00 0.000000000000000000e+00
0.000000000000000000e+00 0.000000000000000000e+00 0.000000000000000000e+00 1.099911868098861885e-04 2.620050019913746720e-04
0.000000000000000000e+00 0.000000000000000000e+00 4.488204215082584242e-06 1.461702471639811338e-05 0.000000000000000000e+00
0.000000000000000000e+00 0.000000000000000000e+00 0.000000000000000000e+00 0.000000000000000000e+00 0.000000000000000000e+00
0.000000000000000000e+00 0.000000000000000000e+00 0.000000000000000000e+00 0.000000000000000000e+00 0.000000000000000000e+00
0.000000000000000000e+00 0.000000000000000000e+00 0.000000000000000000e+00 0.000000000000000000e+00 0.000000000000000000e+00
4.781520733120731222e-07 3.909237894249180379e-06 3.132228388678072227e-06 0.000000000000000000e+00 1.127017704844530371e-05
8.386051747318934625e-06 6.856201845298551668e-05 5.493446712450885967e-05 0.000000000000000000e+00 1.976615666958092196e-04
1.488741204951595702e-04 1.683066563032219849e-04 0.000000000000000000e+00 0.000000000000000000e+00 2.114552348069868837e-04
2.079886344660107774e-04 2.118312735288341569e-04 0.000000000000000000e+00 0.000000000000000000e+00 1.439338432237763181e-04
6.061919360693280179e-04 1.198482759588786030e-03 0.000000000000000000e+00 0.000000000000000000e+00 5.272950388676943267e-04
1.189435099836057145e-03 3.166944002253681278e-03 0.000000000000000000e+00 0.000000000000000000e+00 8.245816319124736398e-04
1.821181601617212053e-03 5.520614071799971427e-03 0.000000000000000000e+00 0.000000000000000000e+00 1.057773097315949269e-03
3.954147344533255962e-03 1.262757562763505183e-02 0.000000000000000000e+00 0.000000000000000000e+00 2.195898223095480838e-03
5.902879011576763618e-03 2.079601907240202080e-02 0.000000000000000000e+00 0.000000000000000000e+00 2.489508924078019051e-03
7.577111223361971369e-03 3.651290507565592425e-02 0.000000000000000000e+00 0.000000000000000000e+00 3.374291554094843975e-03
0.000000000000000000e+00 8.819669483953475331e-02 1.324862230523413294e-02 2.548627052253212705e-02 2.775229565874977276e-05
4.997872516088231604e-03 7.829946881639511524e-02 6.986219833426698944e-02 1.454925009005062775e-01 7.641376357602491527e-04
9.347098193507706598e-02 5.620620513681604674e-02 1.183749880959538703e-01 1.609977116333718428e-01 5.370543571217060996e-02
1.394847160862275892e-01 6.506964940412558740e-02 1.139284880734712097e-01 8.463010021893797863e-02 1.062586450632963531e-01
1.050103333511271941e-01 6.932090175768176876e-02 8.250894518783194465e-02 0.000000000000000000e+00 1.403459338430985692e-01
2.822187414338224801e-02 3.135944557564929874e-02 1.458187729063279044e-02 0.000000000000000000e+00 1.364378430863047720e-01
8.945010280857092558e-03 7.934350387249501299e-03 0.000000000000000000e+00 0.000000000000000000e+00 5.941885666426976326e-02
1.426825023170674852e-03 1.006592914892034257e-03 0.000000000000000000e+00 0.000000000000000000e+00 1.187626848081635086e-02
4.875012115213090200e-05 0.000000000000000000e+00 0.000000000000000000e+00 1.875943021686708018e-04 2.000053068231020127e-03
4.261093403465263482e-05 0.000000000000000000e+00 0.000000000000000000e+00 4.043420921734769392e-04 5.105940067067521893e-04
0.000000000000000000e+00 0.000000000000000000e+00 1.009098113317156298e-04 1.047533234545666296e-04 0.000000000000000000e+00
0.000000000000000000e+00 0.000000000000000000e+00 1.619694582650675835e-04 4.115758560865087189e-05 0.000000000000000000e+00
0.000000000000000000e+00 0.000000000000000000e+00 1.850658280694656363e-06 2.948112653521343018e-05 0.000000000000000000e+00
0.000000000000000000e+00 0.000000000000000000e+00 2.643053593326412631e-05 8.607803444101119836e-05 0.000000000000000000e+00
0.000000000000000000e+00 0.000000000000000000e+00 4.488204215082584242e-06 1.461702471639811338e-05 0.000000000000000000e+00
0.000000000000000000e+00 0.000000000000000000e+00 0.000000000000000000e+00 0.000000000000000000e+00 0.000000000000000000e+00
0.000000000000000000e+00 0.000000000000000000e+00 0.000000000000000000e+00 0.000000000000000000e+00 0.000000000000000000e+00
0.000000000000000000e+00 0.000000000000000000e+00 0.000000000000000000e+00 0.000000000000000000e+00 0.000000000000000000e+00
2.574665010141795979e-07 2.104974250749557395e-06 1.686584516980529815e-06 0.000000000000000000e+00 6.068556872239748495e-06
4.376930517241215529e-06 3.578456226274246343e-05 2.867193678866869177e-05 0.000000000000000000e+00 1.031654668280759845e-04
1.800688501596578938e-04 1.056480152823459476e-05 0.000000000000000000e+00 4.678679434980935481e-05 1.592757517324480275e-04
1.300275849954194904e-04 1.304590438879104015e-04 0.000000000000000000e+00 0.000000000000000000e+00 1.265983523532193927e-04
4.564645921034459842e-04 8.658468731781236412e-04 0.000000000000000000e+00 0.000000000000000000e+00 5.301686442529303248e-04
5.717294025413359720e-04 1.769597109410139292e-03 0.000000000000000000e+00 0.000000000000000000e+00 4.814874929323141139e-04
1.321565905992798167e-03 4.721113427932299711e-03 0.000000000000000000e+00 0.000000000000000000e+00 8.571485327587747725e-04
2.792383044924541795e-03 8.713021614093955855e-03 0.000000000000000000e+00 0.000000000000000000e+00 1.274909477914456992e-03
4.670971854657781502e-03 1.400910255982801451e-02 0.000000000000000000e+00 0.000000000000000000e+00 2.070771138719249959e-03
5.885500426040036689e-03 2.450035402459124073e-02 0.000000000000000000e+00 0.000000000000000000e+00 8.328755453431171268e-03
0.000000000000000000e+00 5.331982019718610466e-02 3.140699995978877418e-02 3.591308009054700046e-02 1.873335919838552480e-02
1.710799053555089877e-02 5.150748606920032419e-02 1.090543495193678630e-01 1.485126260296244227e-01 4.161740173266888915e-02
1.017545976128126500e-01 6.301675662441094672e-02 1.274943636696096172e-01 1.537048227685361701e-01 8.703926408856486885e-02
1.362767485982619431e-01 9.631574677823154240e-02 1.023700916679490813e-01 7.395400621177912470e-02 1.167332456791149720e-01
9.280017721714110823e-02 9.455987119559763898e-02 4.025715894654954830e-02 0.000000000000000000e+00 1.402708284899930324e-01
2.422151806131441279e-02 3.203091439893893111e-02 0.000000000000000000e+00 0.000000000000000000e+00 8.332551682187862296e-02
3.778174814125796754e-03 4.961975641757218961e-03 0.000000000000000000e+00 0.000000000000000000e+00 1.821721901232918606e-02
4.505641435314937019e-05 2.746182341880400190e-04 0.000000000000000000e+00 1.136463208710400137e-04 2.254985361752049472e-03
0.000000000000000000e+00 0.000000000000000000e+00 1.447489866181252149e-04 1.822360824622315501e-04 5.458896844087952937e-04
0.000000000000000000e+00 0.000000000000000000e+00 1.622928444336639141e-04 2.179366456732787134e-04 2.101992361024322264e-04
0.000000000000000000e+00 0.000000000000000000e+00 7.660012231589014193e-05 7.216540772883016125e-05 4.136567120748050024e-05
0.000000000000000000e+00 0.000000000000000000e+00 1.124183153051858168e-04 4.073888627000006531e-05 0.000000000000000000e+00
0.000000000000000000e+00 0.000000000000000000e+00 0.000000000000000000e+00 0.000000000000000000e+00 0.000000000000000000e+00
0.000000000000000000e+00 0.000000000000000000e+00 2.069560832510306710e-05 6.740072508116925815e-05 0.000000000000000000e+00
0.000000000000000000e+00 0.000000000000000000e+00 3.490825500619786991e-06 1.136879700164302583e-05 0.000000000000000000e+00
0.000000000000000000e+00 0.000000000000000000e+00 0.000000000000000000e+00 0.000000000000000000e+00 0.000000000000000000e+00
0.000000000000000000e+00 0.000000000000000000e+00 0.000000000000000000e+00 0.000000000000000000e+00 0.000000000000000000e+00
0.000000000000000000e+00 0.000000000000000000e+00 0.000000000000000000e+00 0.000000000000000000e+00 0.000000000000000000e+00
0.000000000000000000e+00 0.000000000000000000e+00 0.000000000000000000e+00 0.000000000000000000e+00 0.000000000000000000e+00
0.000000000000000000e+00 0.000000000000000000e+00 0.000000000000000000e+00 0.000000000000000000e+00 0.000000000000000000e+00
6.333114865657432169e-05 6.347906529267014874e-05 0.000000000000000000e+00 0.000000000000000000e+00 8.589455845987657007e-05
1.070091772819668216e-04 1.980288792657296920e-04 0.000000000000000000e+00 0.000000000000000000e+00 2.002796154619826321e-04
1.103932331800605587e-04 1.485956304191638757e-04 0.000000000000000000e+00 0.000000000000000000e+00 1.327233086868830037e-04
1.170338423372290908e-04 4.874316279683779565e-04 0.000000000000000000e+00 0.000000000000000000e+00 1.482319251147386099e-04
9.637307149153019701e-04 3.174871896424103033e-03 0.000000000000000000e+00 0.000000000000000000e+00 5.546331550657587501e-04
2.558686837849869899e-03 6.942868589938238494e-03 0.000000000000000000e+00 0.000000000000000000e+00 1.811549885638519741e-03
3.764433100615489219e-03 9.210753897562044129e-03 0.000000000000000000e+00 0.000000000000000000e+00 5.658746700709945884e-03
3.988301035519876622e-03 1.414374300891414228e-02 4.510419805298130150e-03 1.260352687195147748e-03 2.456029190619382283e-02
0.000000000000000000e+00 1.877750292644066524e-02 6.338053185244503507e-02 4.469019149466367524e-02 5.777642991955503349e-02
3.866593291326748255e-02 3.379943589312609659e-02 1.367377797700013720e-01 1.428883938011765720e-01 7.524551790300890164e-02
1.080418990214142699e-01 6.929504229533479942e-02 1.265400864300710027e-01 1.486969698169279541e-01 9.563557082764831407e-02
1.359640914789248256e-01 1.307550935615748033e-01 7.363549605671286524e-02 6.203202379618141110e-02 1.198392814836150427e-01
7.923894546356055613e-02 1.181096934244348223e-01 5.286576266241235951e-03 0.000000000000000000e+00 1.039374827529650214e-01
1.539782469704689162e-02 3.129140802351614015e-02 0.000000000000000000e+00 0.000000000000000000e+00 3.149470313878503097e-02
1.490073609319659360e-03 3.437024481353551097e-03 0.000000000000000000e+00 0.000000000000000000e+00 4.170909999681940081e-03
0.000000000000000000e+00 1.758958938063739344e-04 6.447377024997964431e-04 3.044309462971972425e-04 0.000000000000000000e+00
0.000000000000000000e+00 7.128952713917741633e-05 2.897567206223415387e-04 1.514925075994003978e-04 0.000000000000000000e+00
0.000000000000000000e+00 0.000000000000000000e+00 3.154253363312147602e-04 2.594801486365299259e-04 0.000000000000000000e+00
0.000000000000000000e+00 0.000000000000000000e+00 2.249637112531056545e-04 1.424882588904527448e-04 0.000000000000000000e+00
0.000000000000000000e+00 0.000000000000000000e+00 1.426426680517127519e-04 5.480293133492012217e-05 0.000000000000000000e+00
0.000000000000000000e+00 0.000000000000000000e+00 1.426426680517127519e-04 5.480293133492012217e-05 0.000000000000000000e+00
1.235789797617096444e-05 2.472902296742330544e-05 1.178037380828503312e-05 0.000000000000000000e+00 9.222120646635501620e-06
1.021059949073677188e-05 1.820758509406476445e-05 3.351314962737491534e-06 0.000000000000000000e+00 6.784622189429042662e-06
0.000000000000000000e+00 0.000000000000000000e+00 0.000000000000000000e+00 0.000000000000000000e+00 0.000000000000000000e+00
0.000000000000000000e+00 0.000000000000000000e+00 0.000000000000000000e+00 0.000000000000000000e+00 0.000000000000000000e+00
0.000000000000000000e+00 0.000000000000000000e+00 0.000000000000000000e+00 0.000000000000000000e+00 0.000000000000000000e+00
0.000000000000000000e+00 0.000000000000000000e+00 0.000000000000000000e+00 0.000000000000000000e+00 0.000000000000000000e+00
2.209462201258883442e-05 3.153551307953287984e-06 0.000000000000000000e+00 0.000000000000000000e+00 1.935083112445679038e-07
0.000000000000000000e+00 0.000000000000000000e+00 3.761040455864630196e-05 3.183165519872187535e-06 1.771328183971842811e-05
0.000000000000000000e+00 4.371786254689993585e-06 1.060792275387770100e-05 0.000000000000000000e+00 1.766835425942417154e-05
3.650040800795831053e-05 3.380201309100825036e-05 0.000000000000000000e+00 0.000000000000000000e+00 7.920664912803780753e-05
3.446153860136873704e-04 7.666114637647691507e-04 0.000000000000000000e+00 0.000000000000000000e+00 4.186598243920515222e-04
1.129754662864512153e-03 2.551645927276771381e-03 0.000000000000000000e+00 0.000000000000000000e+00 1.531742495323576208e-03
2.163172631548164124e-03 4.094561753114451044e-03 0.000000000000000000e+00 0.000000000000000000e+00 4.491907043273273697e-03
3.325932850906599715e-03 5.884381936532818470e-03 0.000000000000000000e+00 0.000000000000000000e+00 1.899258893975183660e-02
0.000000000000000000e+00 3.037237301063117935e-03 1.633158756534671199e-02 5.754789530512077582e-03 6.640219357575936898e-02
0.000000000000000000e+00 0.000000000000000000e+00 1.063612029453744473e-01 4.916470250388942781e-02 9.311263204344497058e-02
6.569255693509916394e-02 1.812646047044037118e-02 1.456251339206970363e-01 1.358469006374421750e-01 8.527104641066088342e-02
1.142581052511553591e-01 7.607485076432371485e-02 1.173590429910263133e-01 1.434773837160154830e-01 9.327193937164221516e-02
1.306614726068385524e-01 1.593697763695200442e-01 3.701394751964838525e-02 5.497432197537463483e-02 9.640602299104387984e-02
5.780555737319773013e-02 1.374714327424025051e-01 0.000000000000000000e+00 0.000000000000000000e+00 5.013091949154453025e-02
9.083403977030099496e-03 3.055590142116050567e-02 0.000000000000000000e+00 0.000000000000000000e+00 9.279262344021710351e-03
1.159516825468326264e-03 4.362437177634707550e-03 0.000000000000000000e+00 0.000000000000000000e+00 1.306132315082926760e-03
0.000000000000000000e+00 6.283132300897703972e-04 2.774049086577671684e-04 4.840361259667875772e-06 5.104506854715035402e-05
0.000000000000000000e+00 8.468904731938903664e-05 2.367270666220797049e-04 1.375246758110082901e-04 0.000000000000000000e+00
0.000000000000000000e+00 0.000000000000000000e+00 2.900072640364692329e-04 2.502019943500420553e-04 1.453443502650062350e-05
1.975756364605754911e-05 0.000000000000000000e+00 4.522904110837059699e-05 4.371663670763983119e-05 5.972135846750132140e-05
0.000000000000000000e+00 0.000000000000000000e+00 4.086118095231359250e-05 1.569875637198225982e-05 0.000000000000000000e+00
0.000000000000000000e+00 0.000000000000000000e+00 4.086118095231359250e-05 1.569875637198225982e-05 0.000000000000000000e+00
5.480712590821901511e-06 1.067068566834975119e-05 4.373633264460000198e-06 0.000000000000000000e+00 3.978656507469042385e-06
4.084239796294708753e-06 7.283034037625897309e-06 1.340525985094990557e-06 0.000000000000000000e+00 2.713848875771621300e-06
0.000000000000000000e+00 0.000000000000000000e+00 0.000000000000000000e+00 0.000000000000000000e+00 0.000000000000000000e+00
0.000000000000000000e+00 0.000000000000000000e+00 0.000000000000000000e+00 0.000000000000000000e+00 0.000000000000000000e+00
0.000000000000000000e+00 0.000000000000000000e+00 6.187041921310525812e-06 1.975425397949724978e-06 8.586511743044212851e-08
0.000000000000000000e+00 0.000000000000000000e+00 2.651589394847376433e-06 8.466108848355990208e-07 3.679933604161823469e-08
5.523655503147208605e-06 7.883878269883219961e-07 0.000000000000000000e+00 0.000000000000000000e+00 4.837707781114197594e-08
7.162579039816401403e-06 0.000000000000000000e+00 5.763240052947583722e-05 0.000000000000000000e+00 0.000000000000000000e+00
8.815385731592203773e-05 1.098611351695972735e-04 0.000000000000000000e+00 0.000000000000000000e+00 2.076474906462865788e-04
2.758564662551835469e-04 2.005518354198171306e-04 0.000000000000000000e+00 0.000000000000000000e+00 4.010213912612500104e-04
6.276606043370287075e-04 6.095326961465394799e-04 0.000000000000000000e+00 0.000000000000000000e+00 8.390124764294758231e-04
1.038374880324222050e-03 1.706450215477869469e-03 0.000000000000000000e+00 0.000000000000000000e+00 2.697114947248791580e-03
2.490206162760235428e-03 2.979889883596128445e-03 0.000000000000000000e+00 0.000000000000000000e+00 1.480193324280194844e-02
2.209321376498717387e-03 1.729970966794406196e-03 0.000000000000000000e+00 3.638112046470595696e-04 5.799874120447627568e-02
0.000000000000000000e+00 0.000000000000000000e+00 4.804182039103176149e-02 1.054793451311497425e-02 1.138632099273330506e-01
1.493174657188020560e-02 0.000000000000000000e+00 1.445551813167637034e-01 4.648928652607745016e-02 9.670671065775932052e-02
9.061132682027663032e-02 0.000000000000000000e+00 1.415972816097078590e-01 1.302358512369126975e-01 8.446111871651566794e-02
1.258299089609750676e-01 8.217501726493404990e-02 9.235159995859787418e-02 1.372014713232333205e-01 7.295150520064734578e-02
1.126807636096516935e-01 1.800606380939274997e-01 3.636439493958287025e-03 5.635308018153541154e-02 5.433327023765603669e-02
3.604531998273273474e-02 1.517648460487231454e-01 0.000000000000000000e+00 0.000000000000000000e+00 1.914896359055821840e-02
6.511371316470983273e-03 3.744744480463405023e-02 0.000000000000000000e+00 0.000000000000000000e+00 3.902723900316689993e-03
9.883395899490706859e-04 5.942817936270838181e-03 0.000000000000000000e+00 0.000000000000000000e+00 5.244861472518049395e-04
5.477651297111434217e-05 1.754496396148071732e-03 3.385888299400875929e-04 0.000000000000000000e+00 0.000000000000000000e+00
0.000000000000000000e+00 5.031852922509052941e-04 1.509014203984125851e-04 8.894614744887506183e-05 0.000000000000000000e+00
0.000000000000000000e+00 2.160598166821126964e-04 1.064729436994181499e-04 1.751018388885379701e-04 5.328785247344776198e-05
0.000000000000000000e+00 8.728712609370635131e-05 4.015878880699575267e-05 7.515566314062470962e-05 3.596081039644596846e-05
0.000000000000000000e+00 0.000000000000000000e+00 1.735358221704998038e-05 1.902644056591842696e-05 5.153010057721240083e-05
0.000000000000000000e+00 1.879536966063308950e-05 1.599953715259470264e-05 1.395525018901016744e-05 8.263911261079771387e-05
0.000000000000000000e+00 0.000000000000000000e+00 8.780496643271950769e-06 1.424345104429122343e-05 2.220301253147219852e-05
0.000000000000000000e+00 0.000000000000000000e+00 0.000000000000000000e+00 0.000000000000000000e+00 0.000000000000000000e+00
0.000000000000000000e+00 0.000000000000000000e+00 0.000000000000000000e+00 0.000000000000000000e+00 0.000000000000000000e+00
0.000000000000000000e+00 0.000000000000000000e+00 0.000000000000000000e+00 0.000000000000000000e+00 0.000000000000000000e+00
0.000000000000000000e+00 0.000000000000000000e+00 9.368949195127369400e-05 2.991358459752458033e-05 1.300243206803841134e-06
0.000000000000000000e+00 0.000000000000000000e+00 3.888997779109481596e-05 1.241695964425539358e-05 5.397235952770656775e-07
0.000000000000000000e+00 0.000000000000000000e+00 0.000000000000000000e+00 0.000000000000000000e+00 0.000000000000000000e+00
2.533989760701586509e-07 0.000000000000000000e+00 2.788351550297884954e-05 0.000000000000000000e+00 0.000000000000000000e+00
2.088780617295645902e-04 2.111158617762925527e-04 0.000000000000000000e+00 0.000000000000000000e+00 3.530028838504816195e-04
4.835140972772676679e-04 5.907747436514708796e-04 0.000000000000000000e+00 0.000000000000000000e+00 7.033108036356741340e-04
5.765773793819433876e-04 6.879465564536119647e-04 0.000000000000000000e+00 0.000000000000000000e+00 2.141976338189788536e-03
1.680532803974045314e-03 1.718506849223380923e-03 0.000000000000000000e+00 0.000000000000000000e+00 1.099868273477108346e-02
3.033990289169470351e-03 1.198710747843710752e-03 0.000000000000000000e+00 0.000000000000000000e+00 4.469886681293730457e-02
0.000000000000000000e+00 0.000000000000000000e+00 7.453843961488445212e-03 2.620790620535244295e-03 1.155079820838612326e-01
0.000000000000000000e+00 0.000000000000000000e+00 9.648540615981650304e-02 1.135170474808200845e-02 1.264394820471430592e-01
4.565645844941527282e-02 0.000000000000000000e+00 1.591584904582374338e-01 3.795034149415263403e-02 8.780557926119010592e-02
1.120963323631508357e-01 0.000000000000000000e+00 1.316885139689464301e-01 1.242535148010327217e-01 6.285947550382675608e-02
1.370493439169747363e-01 8.502393599767285592e-02 5.284167716611785914e-02 1.328053640805606228e-01 3.423065133216388056e-02
7.926608597434273151e-02 1.872546710782900803e-01 0.000000000000000000e+00 6.673682051592044751e-02 2.471016470357421599e-02
1.926129485735331853e-02 1.665445175225019614e-01 0.000000000000000000e+00 0.000000000000000000e+00 7.390424053861947493e-03
4.906381675085163575e-03 5.177621469001180560e-02 0.000000000000000000e+00 0.000000000000000000e+00 1.740515069511417009e-03
1.191626688829348045e-03 1.049825544136161366e-02 0.000000000000000000e+00 0.000000000000000000e+00 3.963688687881783586e-04
4.543842208490829503e-04 4.003636727463837086e-03 1.824411373320714252e-04 0.000000000000000000e+00 4.958480885699132580e-05
2.498711166119421960e-04 1.854748712946027766e-03 0.000000000000000000e+00 0.000000000000000000e+00 2.766906551230424120e-04
3.809864515449618906e-04 1.730055281252337266e-03 0.000000000000000000e+00 0.000000000000000000e+00 2.997621379695145235e-04
2.962394121137189177e-04 1.378550106816813512e-03 0.000000000000000000e+00 0.000000000000000000e+00 2.006767451909389317e-04
3.628153516494637813e-04 9.543169508003779668e-04 0.000000000000000000e+00 0.000000000000000000e+00 2.015765287165628770e-04
3.649526284812566052e-04 9.751641007537064200e-04 0.000000000000000000e+00 0.000000000000000000e+00 3.087214227238923767e-04
0.000000000000000000e+00 1.265741842460127487e-05 2.391276263035580906e-05 4.021993275235299199e-05 1.032283612338797313e-04
2.797801683162140900e-05 0.000000000000000000e+00 0.000000000000000000e+00 0.000000000000000000e+00 5.354473983815942925e-06
6.994504207905352250e-06 0.000000000000000000e+00 0.000000000000000000e+00 0.000000000000000000e+00 1.338618495953985731e-06
0.000000000000000000e+00 0.000000000000000000e+00 0.000000000000000000e+00 0.000000000000000000e+00 0.000000000000000000e+00
0.000000000000000000e+00 0.000000000000000000e+00 1.060635757938950573e-05 3.386443539342396083e-06 1.471973441664729388e-07
0.000000000000000000e+00 0.000000000000000000e+00 4.419315658078966369e-06 1.411018141392664329e-06 6.133222673603029410e-08
0.000000000000000000e+00 0.000000000000000000e+00 0.000000000000000000e+00 0.000000000000000000e+00 0.000000000000000000e+00
0.000000000000000000e+00 0.000000000000000000e+00 0.000000000000000000e+00 0.000000000000000000e+00 0.000000000000000000e+00
2.183291999626350084e-04 4.868755479714886088e-04 0.000000000000000000e+00 0.000000000000000000e+00 2.385871748009844352e-04
4.126513460442328093e-04 5.425551778856738680e-04 0.000000000000000000e+00 0.000000000000000000e+00 1.332324795908840318e-03
1.095783981265079088e-03 7.478793104656024588e-04 0.000000000000000000e+00 0.000000000000000000e+00 8.541596025099825254e-03
3.223036995564709534e-03 7.883926421160647024e-04 0.000000000000000000e+00 0.000000000000000000e+00 3.416550939091465150e-02
1.993240656150745572e-03 0.000000000000000000e+00 0.000000000000000000e+00 4.397892121945889537e-05 9.672157968928764282e-02
0.000000000000000000e+00 0.000000000000000000e+00 3.861941977954645722e-02 5.751847711575185096e-03 1.463439027719060648e-01
0.000000000000000000e+00 0.000000000000000000e+00 1.374190705419846004e-01 7.692538850766044919e-03 1.114693365488823168e-01
7.463676278910817696e-02 0.000000000000000000e+00 1.603515625111265885e-01 2.970058773560023055e-02 6.567909627263467109e-02
1.370433400929847445e-01 0.000000000000000000e+00 1.077631651569124355e-01 1.147950804628618260e-01 2.176658002963941657e-02
1.356954644535559862e-01 7.782300137270745100e-02 1.067720354233343306e-02 1.356361747690866260e-01 1.401090841372330982e-02
4.554535999654668599e-02 1.818464409648706537e-01 0.000000000000000000e+00 8.007300873670905594e-02 1.325703704392779646e-02
1.039990323782702571e-02 1.801841270052222110e-01 0.000000000000000000e+00 0.000000000000000000e+00 3.686334470163840898e-03
4.920144193491874859e-03 7.304941363210971927e-02 0.000000000000000000e+00 0.000000000000000000e+00 1.121311466380286439e-03
2.388099944547393289e-03 2.007906639108157296e-02 0.000000000000000000e+00 0.000000000000000000e+00 6.537884452202397806e-04
1.496750373580166618e-03 7.925022596163691646e-03 0.000000000000000000e+00 0.000000000000000000e+00 3.983417972977455388e-04
1.521612461187342967e-03 5.793470394502512472e-03 0.000000000000000000e+00 0.000000000000000000e+00 7.383860321031005067e-04
1.498582673994001925e-03 4.851311315847026996e-03 0.000000000000000000e+00 0.000000000000000000e+00 7.417355240302548301e-04
9.307504684805260105e-04 2.851857565920663373e-03 0.000000000000000000e+00 0.000000000000000000e+00 4.380200340976931044e-04
6.649910638482669275e-04 2.102500353933211066e-03 0.000000000000000000e+00 0.000000000000000000e+00 4.726274794080700318e-04
4.297118247207825986e-04 1.343757279554185034e-03 0.000000000000000000e+00 0.000000000000000000e+00 3.679415014872537346e-04
8.076570216326110492e-06 1.296462807558998367e-04 4.086670759662848703e-06 1.040126269861014647e-05 1.231748125618404416e-04
1.110377543004974167e-04 0.000000000000000000e+00 0.000000000000000000e+00 0.000000000000000000e+00 2.125056862326952809e-05
1.676891604236642344e-04 9.602467347003104583e-05 0.000000000000000000e+00 0.000000000000000000e+00 3.561321118666627139e-05
0.000000000000000000e+00 0.000000000000000000e+00 0.000000000000000000e+00 0.000000000000000000e+00 0.000000000000000000e+00
0.000000000000000000e+00 0.000000000000000000e+00 0.000000000000000000e+00 0.000000000000000000e+00 0.000000000000000000e+00
1.820249652170424456e-05 2.183866562727206418e-05 6.423443562168913228e-06 0.000000000000000000e+00 0.000000000000000000e+00
4.675126468952248218e-06 0.000000000000000000e+00 1.955452218194358245e-05 3.201392099349084505e-06 1.131894862848349941e-04
2.845154014766390473e-06 0.000000000000000000e+00 1.826338501714829820e-05 0.000000000000000000e+00 2.347717583720842664e-05
2.414410074038372356e-04 4.418552046345310038e-04 0.000000000000000000e+00 0.000000000000000000e+00 4.863975360651005787e-04
1.002748894487838320e-03 7.967599927511933916e-04 0.000000000000000000e+00 0.000000000000000000e+00 6.452876813984164545e-03
3.089893787534387336e-03 1.341230145429765999e-03 0.000000000000000000e+00 0.000000000000000000e+00 2.699452263244792385e-02
4.742786800707985730e-03 5.280331686760683565e-04 0.000000000000000000e+00 0.000000000000000000e+00 7.893092126851150581e-02
0.000000000000000000e+00 0.000000000000000000e+00 3.471643176219822973e-03 7.200675899590262006e-04 1.435033720292334947e-01
0.000000000000000000e+00 0.000000000000000000e+00 8.260374511362285344e-02 4.377512627102231324e-03 1.435762844430857055e-01
4.894130984289369636e-03 0.000000000000000000e+00 1.623099561849872530e-01 0.000000000000000000e+00 8.228669603500238239e-02
1.050258912801591005e-01 0.000000000000000000e+00 1.520735789322107401e-01 1.937903298019562695e-02 2.424995943899522707e-02
1.660613961679643369e-01 0.000000000000000000e+00 6.297098198777383027e-02 1.030585644781610299e-01 0.000000000000000000e+00
1.167964030798543523e-01 6.465245777141560846e-02 0.000000000000000000e+00 1.430887765722966554e-01 1.073893318949190219e-02
2.249422508599670592e-02 1.788355370071040562e-01 0.000000000000000000e+00 8.855723140128692050e-02 7.436569037436720903e-03
5.053704714208087645e-03 1.971164246975408985e-01 0.000000000000000000e+00 0.000000000000000000e+00 1.394884924438250873e-03
6.243857008232450538e-03 9.784855605924995536e-02 0.000000000000000000e+00 0.000000000000000000e+00 1.606956243707833090e-03
5.090265730875172950e-03 3.606409901225954284e-02 0.000000000000000000e+00 0.000000000000000000e+00 1.657493126743563461e-03
4.097532562039047331e-03 1.736292234153418226e-02 0.000000000000000000e+00 0.000000000000000000e+00 1.642809487236887404e-03
3.544095545782766348e-03 1.176813696679769247e-02 0.000000000000000000e+00 0.000000000000000000e+00 1.543945171704803280e-03
2.769890940104709903e-03 8.516388636197030557e-03 0.000000000000000000e+00 0.000000000000000000e+00 1.274815226590794194e-03
1.894666911464068211e-03 5.229769944217833692e-03 0.000000000000000000e+00 0.000000000000000000e+00 8.509857049226904899e-04
1.066198469652293807e-03 3.327114482795354850e-03 0.000000000000000000e+00 0.000000000000000000e+00 5.823254109774166683e-04
4.622662529522370868e-04 1.595220369325816732e-03 0.000000000000000000e+00 0.000000000000000000e+00 3.518206616595523730e-04
1.540148540033790337e-04 2.754856981263325232e-04 0.000000000000000000e+00 0.000000000000000000e+00 1.741279349936259205e-04
0.000000000000000000e+00 0.000000000000000000e+00 0.000000000000000000e+00 0.000000000000000000e+00 0.000000000000000000e+00
1.109610654864699898e-04 3.147619763084136073e-05 0.000000000000000000e+00 0.000000000000000000e+00 2.274472603059975002e-05
0.000000000000000000e+00 0.000000000000000000e+00 0.000000000000000000e+00 0.000000000000000000e+00 0.000000000000000000e+00
0.000000000000000000e+00 0.000000000000000000e+00 0.000000000000000000e+00 0.000000000000000000e+00 0.000000000000000000e+00
4.311117597245744049e-06 5.172315543301281746e-06 1.521341896303157630e-06 0.000000000000000000e+00 0.000000000000000000e+00
6.300550232189077240e-05 1.395667729342753521e-04 0.000000000000000000e+00 0.000000000000000000e+00 7.181758307851578865e-05
1.528873947000872994e-04 1.524918637858916780e-04 0.000000000000000000e+00 0.000000000000000000e+00 6.371953794167090025e-04
7.021703199890611891e-04 3.891371712480258625e-04 0.000000000000000000e+00 0.000000000000000000e+00 4.496125058035230389e-03
2.957820707082190435e-03 2.027377141196540049e-03 0.000000000000000000e+00 0.000000000000000000e+00 2.136156204046351162e-02
6.082561920344008687e-03 2.779088712016951779e-03 0.000000000000000000e+00 0.000000000000000000e+00 6.174695643177154081e-02
3.331304049367020664e-03 2.707714798688880178e-03 0.000000000000000000e+00 0.000000000000000000e+00 1.251192457670319558e-01
0.000000000000000000e+00 4.714277598435972876e-03 3.324533018591616096e-02 2.221839064415362614e-04 1.599299701964897180e-01
0.000000000000000000e+00 9.234380627854537824e-03 1.217609638057502858e-01 0.000000000000000000e+00 1.170180728151185290e-01
3.076059609553378690e-02 1.453530124930939998e-02 1.726656479590858995e-01 0.000000000000000000e+00 3.897128428755249757e-02
1.397575408120885765e-01 0.000000000000000000e+00 1.233435933061409195e-01 6.148513916334124446e-03 0.000000000000000000e+00
1.818206628525404767e-01 0.000000000000000000e+00 1.830018912764434791e-02 9.399775439249957731e-02 0.000000000000000000e+00
9.366907730254696307e-02 5.306999552365061074e-02 0.000000000000000000e+00 1.492999270896605557e-01 1.067502118156201177e-02
7.951286436890202952e-03 1.699282122963574337e-01 0.000000000000000000e+00 9.798327755713968912e-02 2.993766877900656820e-03
0.000000000000000000e+00 2.057037255836683398e-01 0.000000000000000000e+00 7.574137742927091257e-03 0.000000000000000000e+00
6.028211543735741661e-03 1.259261440389937703e-01 0.000000000000000000e+00 0.000000000000000000e+00 1.242412904122714009e-03
7.642450573070269475e-03 5.603714694520272460e-02 0.000000000000000000e+00 0.000000000000000000e+00 2.866846744362111163e-03
5.798082974754601229e-03 2.598709494064595574e-02 0.000000000000000000e+00 0.000000000000000000e+00 2.740464612798889938e-03
4.308805123206836847e-03 1.556943070932485101e-02 0.000000000000000000e+00 0.000000000000000000e+00 2.131810674959256063e-03
3.165513952157679965e-03 1.020397148215797072e-02 0.000000000000000000e+00 0.000000000000000000e+00 1.597679003004748863e-03
1.962962219705028429e-03 5.352663231572097127e-03 0.000000000000000000e+00 0.000000000000000000e+00 1.033809089843425134e-03
1.007642505986041910e-03 3.147212555653620264e-03 0.000000000000000000e+00 0.000000000000000000e+00 5.014533169952393142e-04
6.209710355139495298e-04 1.816013771972803826e-03 0.000000000000000000e+00 0.000000000000000000e+00 3.632562949253789384e-04
2.171505710583600160e-04 3.862959651468056161e-04 0.000000000000000000e+00 0.000000000000000000e+00 2.764120993513277517e-04
0.000000000000000000e+00 0.000000000000000000e+00 0.000000000000000000e+00 0.000000000000000000e+00 0.000000000000000000e+00
0.000000000000000000e+00 0.000000000000000000e+00 0.000000000000000000e+00 0.000000000000000000e+00 0.000000000000000000e+00
2.262127054504280558e-05 8.012340898475193372e-06 8.443859665529138375e-06 0.000000000000000000e+00 0.000000000000000000e+00
7.069147045325894321e-06 2.503856530773498564e-06 2.638706145477850660e-06 0.000000000000000000e+00 0.000000000000000000e+00
0.000000000000000000e+00 0.000000000000000000e+00 0.000000000000000000e+00 0.000000000000000000e+00 0.000000000000000000e+00
3.255087710360693703e-04 6.001587973500081179e-04 0.000000000000000000e+00 0.000000000000000000e+00 6.840445825234009068e-04
8.198664420191305400e-04 1.183124359010211124e-03 0.000000000000000000e+00 0.000000000000000000e+00 2.723519807090391247e-03
2.612805255626396081e-03 2.562629647142479223e-03 0.000000000000000000e+00 0.000000000000000000e+00 1.350020086376418731e-02
6.346038283516393548e-03 4.269060960268862559e-03 0.000000000000000000e+00 0.000000000000000000e+00 4.604346230271900986e-02
8.123696340938015362e-03 4.834550861930648341e-03 0.000000000000000000e+00 0.000000000000000000e+00 9.725862545440717988e-02
0.000000000000000000e+00 5.740328599148229564e-03 0.000000000000000000e+00 0.000000000000000000e+00 1.509914282549602305e-01
0.000000000000000000e+00 1.064129949413677827e-02 6.883427327580310395e-02 0.000000000000000000e+00 1.460930986369731455e-01
0.000000000000000000e+00 1.900807185856141085e-02 1.499861622668070271e-01 0.000000000000000000e+00 7.318758826195410905e-02
5.826350542457547910e-02 2.289807395982372193e-02 1.661192192054129768e-01 0.000000000000000000e+00 0.000000000000000000e+00
1.663747591697377903e-01 3.722755775328723867e-03 8.694178061398556701e-02 0.000000000000000000e+00 0.000000000000000000e+00
1.792570953738272244e-01 0.000000000000000000e+00 0.000000000000000000e+00 9.005218312185141183e-02 2.652154853160405487e-03
7.487947636625982839e-02 3.071720188820366640e-02 0.000000000000000000e+00 1.546431407039950134e-01 7.924083684508798769e-03
0.000000000000000000e+00 1.472384117617980270e-01 0.000000000000000000e+00 1.121706801690856570e-01 0.000000000000000000e+00
0.000000000000000000e+00 1.951956267877797968e-01 0.000000000000000000e+00 2.591215357444377407e-02 0.000000000000000000e+00
8.355635739052977382e-04 1.369792531080868958e-01 0.000000000000000000e+00 0.000000000000000000e+00 0.000000000000000000e+00
5.340902610959223119e-03 6.282584957932374481e-02 0.000000000000000000e+00 0.000000000000000000e+00 1.464676435074281765e-03
4.480791875856260376e-03 2.970956336398618627e-02 0.000000000000000000e+00 0.000000000000000000e+00 1.658431471766156013e-03
3.503317376146119176e-03 1.645467954489070184e-02 0.000000000000000000e+00 0.000000000000000000e+00 1.661377736335914457e-03
2.197003460003400712e-03 8.708979192617002582e-03 0.000000000000000000e+00 0.000000000000000000e+00 1.182788685186949434e-03
8.845746635846522387e-04 2.846518560163961795e-03 0.000000000000000000e+00 0.000000000000000000e+00 4.754449379974865376e-04
4.742780643555920511e-04 1.687648956110990002e-03 0.000000000000000000e+00 0.000000000000000000e+00 2.832431215658340307e-04
4.449464987302728376e-04 1.445335500832996885e-03 0.000000000000000000e+00 0.000000000000000000e+00 3.230373775376813787e-04
3.545512325375244880e-04 8.375383773691941376e-04 0.000000000000000000e+00 0.000000000000000000e+00 1.067172748721743804e-04
1.557211435746197990e-04 9.554482553003008964e-06 0.000000000000000000e+00 0.000000000000000000e+00 4.014941466930912833e-05
0.000000000000000000e+00 0.000000000000000000e+00 0.000000000000000000e+00 0.000000000000000000e+00 0.000000000000000000e+00
2.191435584051031077e-05 7.761955245397780793e-06 8.179989050981371012e-06 0.000000000000000000e+00 0.000000000000000000e+00
7.069147045325894321e-06 2.503856530773498564e-06 2.638706145477850660e-06 0.000000000000000000e+00 0.000000000000000000e+00
0.000000000000000000e+00 0.000000000000000000e+00 0.000000000000000000e+00 0.000000000000000000e+00 0.000000000000000000e+00
1.712168837953216983e-04 2.613009810487533654e-04 0.000000000000000000e+00 0.000000000000000000e+00 4.800249115992130645e-04
9.511337007539774711e-04 1.223689777461247534e-03 0.000000000000000000e+00 0.000000000000000000e+00 3.738417437193631947e-03
3.334108998132849500e-03 2.027290100148159031e-03 0.000000000000000000e+00 0.000000000000000000e+00 2.246582972869926031e-02
6.673310913957653488e-03 2.599450863759965140e-03 0.000000000000000000e+00 0.000000000000000000e+00 6.108979027342521101e-02
4.495640676148125736e-03 1.208124484643987358e-03 0.000000000000000000e+00 0.000000000000000000e+00 1.135974199092260328e-01
0.000000000000000000e+00 2.545836890826977828e-03 1.841814873853123494e-02 0.000000000000000000e+00 1.508338869252679737e-01
0.000000000000000000e+00 8.555249049976468290e-03 9.471254056856050207e-02 0.000000000000000000e+00 1.155236797712976549e-01
0.000000000000000000e+00 1.816393455770266840e-02 1.586706184513374529e-01 0.000000000000000000e+00 3.690402810232667336e-02
7.696628142712645670e-02 2.178413438122201590e-02 1.454793426398468814e-01 0.000000000000000000e+00 0.000000000000000000e+00
1.740589315542497850e-01 0.000000000000000000e+00 5.397238761483687253e-02 0.000000000000000000e+00 0.000000000000000000e+00
1.663676509334081066e-01 0.000000000000000000e+00 0.000000000000000000e+00 8.422014644536303385e-02 6.533540147757904010e-03
5.845338945836656835e-02 9.397827592702069372e-05 0.000000000000000000e+00 1.570525296862916864e-01 6.400176090439900836e-03
0.000000000000000000e+00 1.120401220613489457e-01 0.000000000000000000e+00 1.252057928081459215e-01 0.000000000000000000e+00
0.000000000000000000e+00 1.702175247790365387e-01 1.789780658442304733e-03 4.355237581263948776e-02 0.000000000000000000e+00
0.000000000000000000e+00 1.315816763962122105e-01 6.459891037122107195e-04 0.000000000000000000e+00 0.000000000000000000e+00
1.511727651087617016e-03 6.135474105557725544e-02 0.000000000000000000e+00 0.000000000000000000e+00 0.000000000000000000e+00
1.467753915603133702e-03 2.540397520184969199e-02 0.000000000000000000e+00 0.000000000000000000e+00 0.000000000000000000e+00
1.192085724336083364e-03 1.306604062675358578e-02 0.000000000000000000e+00 0.000000000000000000e+00 1.750378554299645596e-04
9.510252907055827438e-04 6.411343948828029937e-03 0.000000000000000000e+00 0.000000000000000000e+00 2.313241752191905936e-04
1.031778010187160157e-04 7.513046865315839169e-04 2.549641110847976244e-05 0.000000000000000000e+00 4.595089511385202992e-05
3.664902202653124824e-05 3.448594032322149111e-04 4.364441922908377777e-05 0.000000000000000000e+00 1.387476801948596805e-05
1.575146369495058986e-04 4.935998327180069097e-04 0.000000000000000000e+00 0.000000000000000000e+00 4.577235314966095767e-05
2.567429182367955893e-04 4.498698658457579778e-04 0.000000000000000000e+00 0.000000000000000000e+00 4.608244284072761978e-05
3.840962794046866329e-05 2.606261242020392475e-06 7.530725140356039340e-05 0.000000000000000000e+00 9.107981850394074514e-05
0.000000000000000000e+00 0.000000000000000000e+00 0.000000000000000000e+00 0.000000000000000000e+00 0.000000000000000000e+00
0.000000000000000000e+00 0.000000000000000000e+00 0.000000000000000000e+00 0.000000000000000000e+00 0.000000000000000000e+00
0.000000000000000000e+00 0.000000000000000000e+00 0.000000000000000000e+00 0.000000000000000000e+00 0.000000000000000000e+00
0.000000000000000000e+00 0.000000000000000000e+00 0.000000000000000000e+00 0.000000000000000000e+00 0.000000000000000000e+00
1.283361171958793794e-06 0.000000000000000000e+00 0.000000000000000000e+00 5.803008634269371455e-07 2.372152878365674925e-05
6.505413880845099805e-04 0.000000000000000000e+00 0.000000000000000000e+00 0.000000000000000000e+00 5.640174359439517615e-03
2.481684350443847178e-03 0.000000000000000000e+00 0.000000000000000000e+00 0.000000000000000000e+00 2.239835635294779026e-02
4.691877358392548825e-03 0.000000000000000000e+00 0.000000000000000000e+00 0.000000000000000000e+00 5.625285375451492820e-02
9.553044679595999169e-04 0.000000000000000000e+00 0.000000000000000000e+00 1.245430441363488082e-04 9.900954483943821827e-02
0.000000000000000000e+00 0.000000000000000000e+00 2.361500691386031470e-02 2.691137071508617300e-03 1.205295002358160589e-01
0.000000000000000000e+00 0.000000000000000000e+00 9.320255299670196503e-02 2.552626945648310639e-03 7.897042957934891083e-02
0.000000000000000000e+00 7.008672833730144464e-03 1.406260854142427907e-01 0.000000000000000000e+00 2.657915443237789197e-03
6.783246405471532459e-02 8.004863525818455700e-03 1.134202027264495788e-01 0.000000000000000000e+00 0.000000000000000000e+00
1.485642598084150889e-01 0.000000000000000000e+00 2.469601755087010714e-02 0.000000000000000000e+00 0.000000000000000000e+00
1.363460494786249977e-01 0.000000000000000000e+00 0.000000000000000000e+00 6.391304817797262283e-02 9.359672356007764371e-03
4.131135284034768984e-02 0.000000000000000000e+00 0.000000000000000000e+00 1.323590794707741047e-01 6.477772732040714201e-03
0.000000000000000000e+00 7.455442822065076747e-02 0.000000000000000000e+00 1.088109459731714662e-01 0.000000000000000000e+00
0.000000000000000000e+00 1.327509157868417555e-01 4.025482652756019741e-03 3.740258749705519664e-02 0.000000000000000000e+00
0.000000000000000000e+00 9.379201043185506070e-02 2.348714166285679680e-03 0.000000000000000000e+00 0.000000000000000000e+00
0.000000000000000000e+00 3.491041510134230974e-02 6.658553827263405563e-04 0.000000000000000000e+00 0.000000000000000000e+00
1.467122872197478911e-04 1.320149694304634073e-02 2.570504188254687052e-04 0.000000000000000000e+00 0.000000000000000000e+00
4.073987255364413694e-04 7.555548810984626280e-03 0.000000000000000000e+00 0.000000000000000000e+00 0.000000000000000000e+00
4.114344418719932781e-04 3.413437478386449446e-03 0.000000000000000000e+00 0.000000000000000000e+00 2.087443919846616001e-04
1.043653764124752972e-05 4.310556688429962452e-04 0.000000000000000000e+00 0.000000000000000000e+00 3.912981878923623064e-04
4.740778331121386444e-06 0.000000000000000000e+00 0.000000000000000000e+00 1.856694458883674490e-06 1.418079281175351977e-04
8.587562755268703509e-05 8.923443759314752871e-05 6.032888657650903438e-05 0.000000000000000000e+00 1.105037825795138418e-04
1.392270146691612176e-04 1.170405217707410787e-04 8.835221396924493079e-06 0.000000000000000000e+00 2.122393165237721434e-04
2.084295177798500281e-05 1.034124542824763201e-05 1.895002722883674226e-05 0.000000000000000000e+00 3.964176489029110149e-05
0.000000000000000000e+00 0.000000000000000000e+00 0.000000000000000000e+00 0.000000000000000000e+00 0.000000000000000000e+00
0.000000000000000000e+00 0.000000000000000000e+00 0.000000000000000000e+00 0.000000000000000000e+00 0.000000000000000000e+00
0.000000000000000000e+00 0.000000000000000000e+00 0.000000000000000000e+00 0.000000000000000000e+00 0.000000000000000000e+00
0.000000000000000000e+00 0.000000000000000000e+00 0.000000000000000000e+00 0.000000000000000000e+00 0.000000000000000000e+00
1.069467643299004755e-07 0.000000000000000000e+00 0.000000000000000000e+00 4.835840528557860941e-08 1.976794065304729245e-06
2.986075962000329760e-05 0.000000000000000000e+00 0.000000000000000000e+00 3.894135210441948913e-06 3.171909379937983735e-04
6.182910028220341440e-04 0.000000000000000000e+00 0.000000000000000000e+00 0.000000000000000000e+00 5.855420550674495656e-03
1.367433328483156621e-03 0.000000000000000000e+00 0.000000000000000000e+00 0.000000000000000000e+00 1.545924713966585935e-02
5.619958942667687384e-04 0.000000000000000000e+00 0.000000000000000000e+00 2.356284974267292974e-05 2.665805564025012717e-02
0.000000000000000000e+00 0.000000000000000000e+00 5.375442858149523905e-03 7.021422421263209465e-04 3.112059044860655127e-02
0.000000000000000000e+00 0.000000000000000000e+00 2.463549651965478773e-02 6.832893347276898033e-04 2.176751755113832953e-02
0.000000000000000000e+00 3.434113699314987351e-03 3.722063616519090401e-02 0.000000000000000000e+00 9.378661191210848312e-04
1.929214204530274937e-02 3.401956966635132865e-03 2.813238546413039318e-02 0.000000000000000000e+00 0.000000000000000000e+00
4.380419560562558157e-02 0.000000000000000000e+00 3.247701342147869472e-03 0.000000000000000000e+00 0.000000000000000000e+00
4.281865834294466128e-02 0.000000000000000000e+00 0.000000000000000000e+00 1.726112731145255930e-02 5.736498076476125377e-03
1.485460189383428116e-02 0.000000000000000000e+00 0.000000000000000000e+00 4.038274421543507076e-02 3.877334149024495077e-03
0.000000000000000000e+00 1.667914731657932012e-02 0.000000000000000000e+00 3.088918901249545698e-02 0.000000000000000000e+00
0.000000000000000000e+00 2.913481189464624255e-02 9.966341882181089986e-04 1.101058381118411901e-02 0.000000000000000000e+00
0.000000000000000000e+00 1.773762601377649670e-02 5.800304103285960130e-04 5.142371351827621905e-04 0.000000000000000000e+00
0.000000000000000000e+00 6.251408732427883065e-03 2.480458045195381889e-04 0.000000000000000000e+00 0.000000000000000000e+00
0.000000000000000000e+00 2.444733497914114168e-03 2.546058913590906292e-04 0.000000000000000000e+00 0.000000000000000000e+00
5.435480727532844665e-06 1.148640877663201481e-03 3.290900319849013762e-05 0.000000000000000000e+00 0.000000000000000000e+00
0.000000000000000000e+00 2.489896773903923382e-04 7.342031570208098514e-05 0.000000000000000000e+00 7.063442603866794205e-05
0.000000000000000000e+00 0.000000000000000000e+00 4.168183064946399632e-05 4.188766351662486366e-05 4.809155562661014856e-05
0.000000000000000000e+00 2.624599603138314206e-07 2.694221337051939738e-05 3.355715150014444470e-06 0.000000000000000000e+00
0.000000000000000000e+00 0.000000000000000000e+00 0.000000000000000000e+00 0.000000000000000000e+00 0.000000000000000000e+00
0.000000000000000000e+00 0.000000000000000000e+00 2.593184657603279629e-05 8.445392058363402135e-05 0.000000000000000000e+00
0.000000000000000000e+00 0.000000000000000000e+00 4.488204215082584242e-06 1.461702471639811338e-05 0.000000000000000000e+00
0.000000000000000000e+00 0.000000000000000000e+00 0.000000000000000000e+00 0.000000000000000000e+00 0.000000000000000000e+00
0.000000000000000000e+00 0.000000000000000000e+00 0.000000000000000000e+00 0.000000000000000000e+00 0.000000000000000000e+00
0.000000000000000000e+00 0.000000000000000000e+00 0.000000000000000000e+00 0.000000000000000000e+00 0.000000000000000000e+00
0.000000000000000000e+00 0.000000000000000000e+00 0.000000000000000000e+00 0.000000000000000000e+00 0.000000000000000000e+00
0.000000000000000000e+00 0.000000000000000000e+00 0.000000000000000000e+00 0.000000000000000000e+00 0.000000000000000000e+00
0.000000000000000000e+00 0.000000000000000000e+00 0.000000000000000000e+00 0.000000000000000000e+00 0.000000000000000000e+00
1.751447349399806746e-05 0.000000000000000000e+00 0.000000000000000000e+00 3.880977569291785735e-07 1.763522433887846936e-04
4.976673565977478758e-05 0.000000000000000000e+00 0.000000000000000000e+00 1.102765577615768829e-06 5.010984476778862495e-04
1.933589142484478835e-05 1.357962873614144648e-05 0.000000000000000000e+00 0.000000000000000000e+00 2.780792019113442304e-04
1.261266512177908249e-04 2.787999118931757010e-04 1.310900919053674685e-05 0.000000000000000000e+00 5.142360652142395541e-04
5.775026651885089446e-05 4.116000172599270247e-04 3.617032827925471404e-04 0.000000000000000000e+00 6.370310814300374430e-04
0.000000000000000000e+00 7.546643407165395869e-05 5.937348191056204122e-04 5.998103920878912259e-05 4.154413273921336489e-04
3.207515867145169556e-04 0.000000000000000000e+00 4.314396612538186153e-04 4.708275330871685891e-05 0.000000000000000000e+00
1.686882204199257988e-03 1.213932139644275911e-04 0.000000000000000000e+00 0.000000000000000000e+00 2.990834319069405061e-04
1.514841329816716100e-03 0.000000000000000000e+00 0.000000000000000000e+00 8.782921354315481642e-04 1.925170663103425387e-04
1.111927343080568479e-03 0.000000000000000000e+00 0.000000000000000000e+00 1.403344901284762913e-03 3.069631928634432012e-04
3.940420956742571919e-04 7.988397589817366985e-04 0.000000000000000000e+00 2.426750684871384762e-05 2.038595244852682326e-04
1.948043121098015455e-05 2.406641079817258542e-04 0.000000000000000000e+00 3.798637981831013398e-06 9.815077121312504936e-06
0.000000000000000000e+00 0.000000000000000000e+00 0.000000000000000000e+00 0.000000000000000000e+00 0.000000000000000000e+00
0.000000000000000000e+00 0.000000000000000000e+00 0.000000000000000000e+00 0.000000000000000000e+00 0.000000000000000000e+00
0.000000000000000000e+00 0.000000000000000000e+00 0.000000000000000000e+00 0.000000000000000000e+00 0.000000000000000000e+00
0.000000000000000000e+00 0.000000000000000000e+00 0.000000000000000000e+00 0.000000000000000000e+00 0.000000000000000000e+00
0.000000000000000000e+00 0.000000000000000000e+00 0.000000000000000000e+00 0.000000000000000000e+00 0.000000000000000000e+00
0.000000000000000000e+00 0.000000000000000000e+00 0.000000000000000000e+00 0.000000000000000000e+00 0.000000000000000000e+00
0.000000000000000000e+00 0.000000000000000000e+00 0.000000000000000000e+00 0.000000000000000000e+00 0.000000000000000000e+00
0.000000000000000000e+00 0.000000000000000000e+00 0.000000000000000000e+00 0.000000000000000000e+00 0.000000000000000000e+00
0.000000000000000000e+00 0.000000000000000000e+00 0.000000000000000000e+00 0.000000000000000000e+00 0.000000000000000000e+00
0.000000000000000000e+00 0.000000000000000000e+00 0.000000000000000000e+00 0.000000000000000000e+00 0.000000000000000000e+00
0.000000000000000000e+00 0.000000000000000000e+00 0.000000000000000000e+00 0.000000000000000000e+00 0.000000000000000000e+00
0.000000000000000000e+00 0.000000000000000000e+00 0.000000000000000000e+00 0.000000000000000000e+00 0.000000000000000000e+00
0.000000000000000000e+00 0.000000000000000000e+00 0.000000000000000000e+00 0.000000000000000000e+00 0.000000000000000000e+00
0.000000000000000000e+00 0.000000000000000000e+00 0.000000000000000000e+00 0.000000000000000000e+00 0.000000000000000000e+00
0.000000000000000000e+00 0.000000000000000000e+00 0.000000000000000000e+00 0.000000000000000000e+00 0.000000000000000000e+00
0.000000000000000000e+00 0.000000000000000000e+00 0.000000000000000000e+00 0.000000000000000000e+00 0.000000000000000000e+00
0.000000000000000000e+00 0.000000000000000000e+00 0.000000000000000000e+00 0.000000000000000000e+00 0.000000000000000000e+00
0.000000000000000000e+00 0.000000000000000000e+00 0.000000000000000000e+00 0.000000000000000000e+00 0.000000000000000000e+00
0.000000000000000000e+00 0.000000000000000000e+00 0.000000000000000000e+00 0.000000000000000000e+00 0.000000000000000000e+00
0.000000000000000000e+00 0.000000000000000000e+00 0.000000000000000000e+00 0.000000000000000000e+00 0.000000000000000000e+00
0.000000000000000000e+00 0.000000000000000000e+00 0.000000000000000000e+00 0.000000000000000000e+00 0.000000000000000000e+00
0.000000000000000000e+00 0.000000000000000000e+00 3.538956736412896133e-05 5.619340158770393315e-06 0.000000000000000000e+00
0.000000000000000000e+00 0.000000000000000000e+00 2.008597066612735537e-05 3.189355225248063349e-06 0.000000000000000000e+00
0.000000000000000000e+00 0.000000000000000000e+00 0.000000000000000000e+00 0.000000000000000000e+00 0.000000000000000000e+00
0.000000000000000000e+00 0.000000000000000000e+00 0.000000000000000000e+00 0.000000000000000000e+00 0.000000000000000000e+00
0.000000000000000000e+00 0.000000000000000000e+00 0.000000000000000000e+00 0.000000000000000000e+00 0.000000000000000000e+00
0.000000000000000000e+00 0.000000000000000000e+00 0.000000000000000000e+00 0.000000000000000000e+00 0.000000000000000000e+00
0.000000000000000000e+00 0.000000000000000000e+00 0.000000000000000000e+00 0.000000000000000000e+00 0.000000000000000000e+00
0.000000000000000000e+00 0.000000000000000000e+00 0.000000000000000000e+00 0.000000000000000000e+00 0.000000000000000000e+00
0.000000000000000000e+00 0.000000000000000000e+00 0.000000000000000000e+00 0.000000000000000000e+00 0.000000000000000000e+00
0.000000000000000000e+00 0.000000000000000000e+00 0.000000000000000000e+00 0.000000000000000000e+00 0.000000000000000000e+00
0.000000000000000000e+00 0.000000000000000000e+00 0.000000000000000000e+00 0.000000000000000000e+00 0.000000000000000000e+00
0.000000000000000000e+00 0.000000000000000000e+00 0.000000000000000000e+00 0.000000000000000000e+00 0.000000000000000000e+00
0.000000000000000000e+00 0.000000000000000000e+00 0.000000000000000000e+00 0.000000000000000000e+00 0.000000000000000000e+00
0.000000000000000000e+00 0.000000000000000000e+00 0.000000000000000000e+00 0.000000000000000000e+00 0.000000000000000000e+00
0.000000000000000000e+00 0.000000000000000000e+00 0.000000000000000000e+00 0.000000000000000000e+00 0.000000000000000000e+00
0.000000000000000000e+00 0.000000000000000000e+00 0.000000000000000000e+00 0.000000000000000000e+00 0.000000000000000000e+00
0.000000000000000000e+00 0.000000000000000000e+00 0.000000000000000000e+00 0.000000000000000000e+00 0.000000000000000000e+00
0.000000000000000000e+00 0.000000000000000000e+00 0.000000000000000000e+00 0.000000000000000000e+00 0.000000000000000000e+00
0.000000000000000000e+00 0.000000000000000000e+00 0.000000000000000000e+00 0.000000000000000000e+00 0.000000000000000000e+00
0.000000000000000000e+00 0.000000000000000000e+00 0.000000000000000000e+00 0.000000000000000000e+00 0.000000000000000000e+00
0.000000000000000000e+00 0.000000000000000000e+00 0.000000000000000000e+00 0.000000000000000000e+00 0.000000000000000000e+00
0.000000000000000000e+00 0.000000000000000000e+00 0.000000000000000000e+00 0.000000000000000000e+00 0.000000000000000000e+00
0.000000000000000000e+00 0.000000000000000000e+00 0.000000000000000000e+00 0.000000000000000000e+00 0.000000000000000000e+00
0.000000000000000000e+00 0.000000000000000000e+00 0.000000000000000000e+00 0.000000000000000000e+00 0.000000000000000000e+00
0.000000000000000000e+00 0.000000000000000000e+00 0.000000000000000000e+00 0.000000000000000000e+00 0.000000000000000000e+00
0.000000000000000000e+00 0.000000000000000000e+00 0.000000000000000000e+00 0.000000000000000000e+00 0.000000000000000000e+00
0.000000000000000000e+00 0.000000000000000000e+00 0.000000000000000000e+00 0.000000000000000000e+00 0.000000000000000000e+00
0.000000000000000000e+00 0.000000000000000000e+00 0.000000000000000000e+00 0.000000000000000000e+00 0.000000000000000000e+00
0.000000000000000000e+00 0.000000000000000000e+00 0.000000000000000000e+00 0.000000000000000000e+00 0.000000000000000000e+00
0.000000000000000000e+00 0.000000000000000000e+00 0.000000000000000000e+00 0.000000000000000000e+00 0.000000000000000000e+00
0.000000000000000000e+00 0.000000000000000000e+00 0.000000000000000000e+00 0.000000000000000000e+00 0.000000000000000000e+00
0.000000000000000000e+00 0.000000000000000000e+00 0.000000000000000000e+00 0.000000000000000000e+00 0.000000000000000000e+00
0.000000000000000000e+00 0.000000000000000000e+00 0.000000000000000000e+00 0.000000000000000000e+00 0.000000000000000000e+00
0.000000000000000000e+00 0.000000000000000000e+00 0.000000000000000000e+00 0.000000000000000000e+00 0.000000000000000000e+00
0.000000000000000000e+00 0.000000000000000000e+00 0.000000000000000000e+00 0.000000000000000000e+00 0.000000000000000000e+00
0.000000000000000000e+00 0.000000000000000000e+00 0.000000000000000000e+00 0.000000000000000000e+00 0.000000000000000000e+00
0.000000000000000000e+00 0.000000000000000000e+00 0.000000000000000000e+00 0.000000000000000000e+00 0.000000000000000000e+00
0.000000000000000000e+00 0.000000000000000000e+00 0.000000000000000000e+00 0.000000000000000000e+00 0.000000000000000000e+00
0.000000000000000000e+00 0.000000000000000000e+00 0.000000000000000000e+00 0.000000000000000000e+00 0.000000000000000000e+00
0.000000000000000000e+00 0.000000000000000000e+00 0.000000000000000000e+00 0.000000000000000000e+00 0.000000000000000000e+00
0.000000000000000000e+00 0.000000000000000000e+00 0.000000000000000000e+00 0.000000000000000000e+00 0.000000000000000000e+00
0.000000000000000000e+00 0.000000000000000000e+00 0.000000000000000000e+00 0.000000000000000000e+00 0.000000000000000000e+00
0.000000000000000000e+00 0.000000000000000000e+00 0.000000000000000000e+00 0.000000000000000000e+00 0.000000000000000000e+00
0.000000000000000000e+00 0.000000000000000000e+00 0.000000000000000000e+00 0.000000000000000000e+00 0.000000000000000000e+00
0.000000000000000000e+00 0.000000000000000000e+00 0.000000000000000000e+00 0.000000000000000000e+00 0.000000000000000000e+00
0.000000000000000000e+00 0.000000000000000000e+00 0.000000000000000000e+00 0.000000000000000000e+00 0.000000000000000000e+00
