110.07265710830688
0.000000000000000000e+00 0.000000000000000000e+00 0.000000000000000000e+00 0.000000000000000000e+00 0.000000000000000000e+00
0.000000000000000000e+00 0.000000000000000000e+00 0.000000000000000000e+00 0.000000000000000000e+00 0.000000000000000000e+00
0.000000000000000000e+00 0.000000000000000000e+00 0.000000000000000000e+00 0.000000000000000000e+00 0.000000000000000000e+00
0.000000000000000000e+00 0.000000000000000000e+00 0.000000000000000000e+00 0.000000000000000000e+00 0.000000000000000000e+00
0.000000000000000000e+00 0.000000000000000000e+00 0.000000000000000000e+00 0.000000000000000000e+00 0.000000000000000000e+00
0.000000000000000000e+00 0.000000000000000000e+00 0.000000000000000000e+00 0.000000000000000000e+00 0.000000000000000000e+00
0.000000000000000000e+00 0.000000000000000000e+00 0.000000000000000000e+00 0.000000000000000000e+00 0.000000000000000000e+00
0.000000000000000000e+00 0.000000000000000000e+00 0.000000000000000000e+00 0.000000000000000000e+00 0.000000000000000000e+00
0.000000000000000000e+00 0.000000000000000000e+00 0.000000000000000000e+00 0.000000000000000000e+00 0.000000000000000000e+00
0.000000000000000000e+00 0.000000000000000000e+00 0.000000000000000000e+00 0.000000000000000000e+00 0.000000000000000000e+00
0.000000000000000000e+00 0.000000000000000000e+00 0.000000000000000000e+00 0.000000000000000000e+00 0.000000000000000000e+00
0.000000000000000000e+00 0.000000000000000000e+00 0.000000000000000000e+00 0.000000000000000000e+00 0.000000000000000000e+00
0.000000000000000000e+00 0.000000000000000000e+00 0.000000000000000000e+00 0.000000000000000000e+00 0.000000000000000000e+00
0.000000000000000000e+00 0.000000000000000000e+00 0.000000000000000000e+00 0.000000000000000000e+00 0.000000000000000000e+00
0.000000000000000000e+00 0.000000000000000000e+00 0.000000000000000000e+00 0.000000000000000000e+00 0.000000000000000000e+00
0.000000000000000000e+00 0.000000000000000000e+00 0.000000000000000000e+00 0.000000000000000000e+00 0.000000000000000000e+00
0.000000000000000000e+00 0.000000000000000000e+00 0.000000000000000000e+00 0.000000000000000000e+00 0.000000000000000000e+00
0.000000000000000000e+00 0.000000000000000000e+00 0.000000000000000000e+00 0.000000000000000000e+00 0.000000000000000000e+00
0.000000000000000000e+00 0.000000000000000000e+00 0.000000000000000000e+00 0.000000000000000000e+00 0.000000000000000000e+00
0.000000000000000000e+00 0.000000000000000000e+00 0.000000000000000000e+00 0.000000000000000000e+00 0.000000000000000000e+00
0.000000000000000000e+00 0.000000000000000000e+00 0.000000000000000000e+00 0.000000000000000000e+00 0.000000000000000000e+00
0.000000000000000000e+00 0.000000000000000000e+00 0.000000000000000000e+00 0.000000000000000000e+00 0.000000000000000000e+00
0.000000000000000000e+00 0.000000000000000000e+00 0.000000000000000000e+00 0.000000000000000000e+00 0.000000000000000000e+00
0.000000000000000000e+00 0.000000000000000000e+00 0.000000000000000000e+00 0.000000000000000000e+00 0.000000000000000000e+00
0.000000000000000000e+00 0.000000000000000000e+00 0.000000000000000000e+00 0.000000000000000000e+00 0.000000000000000000e+00
0.000000000000000000e+00 0.000000000000000000e+00 0.000000000000000000e+00 0.000000000000000000e+00 0.000000000000000000e+00
0.000000000000000000e+00 0.000000000000000000e+00 0.000000000000000000e+00 0.000000000000000000e+00 0.000000000000000000e+00
0.000000000000000000e+00 0.000000000000000000e+00 0.000000000000000000e+00 0.000000000000000000e+00 0.000000000000000000e+00
0.000000000000000000e+00 0.000000000000000000e+00 0.000000000000000000e+00 0.000000000000000000e+00 0.000000000000000000e+00
0.000000000000000000e+00 0.000000000000000000e+00 0.000000000000000000e+00 0.000000000000000000e+00 0.000000000000000000e+00
0.000000000000000000e+00 0.000000000000000000e+00 0.000000000000000000e+00 0.000000000000000000e+00 0.000000000000000000e+00
0.000000000000000000e+00 0.000000000000000000e+00 0.000000000000000000e+00 0.000000000000000000e+00 0.000000000000000000e+00
0.000000000000000000e+00 0.000000000000000000e+00 0.000000000000000000e+00 0.000000000000000000e+00 0.000000000000000000e+00
0.000000000000000000e+00 0.000000000000000000e+00 0.000000000000000000e+00 0.000000000000000000e+00 0.000000000000000000e+00
0.000000000000000000e+00 0.000000000000000000e+00 0.000000000000000000e+00 0.000000000000000000e+00 0.000000000000000000e+00
0.000000000000000000e+00 0.000000000000000000e+00 0.000000000000000000e+00 0.000000000000000000e+00 0.000000000000000000e+00
0.000000000000000000e+00 0.000000000000000000e+00 0.000000000000000000e+00 0.000000000000000000e+00 0.000000000000000000e+00
0.000000000000000000e+00 0.000000000000000000e+00 0.000000000000000000e+00 0.000000000000000000e+00 0.000000000000000000e+00
0.000000000000000000e+00 0.000000000000000000e+00 0.000000000000000000e+00 0.000000000000000000e+00 0.000000000000000000e+00
0.000000000000000000e+00 0.000000000000000000e+00 0.000000000000000000e+00 0.000000000000000000e+00 0.000000000000000000e+00
0.000000000000000000e+00 0.000000000000000000e+00 0.000000000000000000e+00 0.000000000000000000e+00 0.000000000000000000e+00
0.000000000000000000e+00 0.000000000000000000e+00 0.000000000000000000e+00 0.000000000000000000e+00 0.000000000000000000e+00
0.000000000000000000e+00 0.000000000000000000e+00 0.000000000000000000e+00 0.000000000000000000e+00 0.000000000000000000e+00
0.000000000000000000e+00 0.000000000000000000e+00 0.000000000000000000e+00 0.000000000000000000e+00 0.000000000000000000e+00
0.000000000000000000e+00 0.000000000000000000e+00 0.000000000000000000e+00 0.000000000000000000e+00 0.000000000000000000e+00
0.000000000000000000e+00 0.000000000000000000e+00 0.000000000000000000e+00 0.000000000000000000e+00 0.000000000000000000e+00
0.000000000000000000e+00 0.000000000000000000e+00 0.000000000000000000e+00 0.000000000000000000e+00 0.000000000000000000e+00
0.000000000000000000e+00 0.000000000000000000e+00 0.000000000000000000e+00 0.000000000000000000e+00 0.000000000000000000e+00
0.000000000000000000e+00 0.000000000000000000e+00 0.000000000000000000e+00 0.000000000000000000e+00 0.000000000000000000e+00
0.000000000000000000e+00 0.000000000000000000e+00 0.000000000000000000e+00 0.000000000000000000e+00 0.000000000000000000e+00
0.000000000000000000e+00 0.000000000000000000e+00 0.000000000000000000e+00 0.000000000000000000e+00 0.000000000000000000e+00
0.000000000000000000e+00 0.000000000000000000e+00 0.000000000000000000e+00 0.000000000000000000e+00 0.000000000000000000e+00
0.000000000000000000e+00 0.000000000000000000e+00 0.000000000000000000e+00 0.000000000000000000e+00 0.000000000000000000e+00
0.000000000000000000e+00 0.000000000000000000e+00 0.000000000000000000e+00 0.000000000000000000e+00 0.000000000000000000e+00
0.000000000000000000e+00 0.000000000000000000e+00 0.000000000000000000e+00 0.000000000000000000e+00 0.000000000000000000e+00
0.000000000000000000e+00 0.000000000000000000e+00 0.000000000000000000e+00 0.000000000000000000e+00 0.000000000000000000e+00
0.000000000000000000e+00 0.000000000000000000e+00 0.000000000000000000e+00 0.000000000000000000e+00 0.000000000000000000e+00
0.000000000000000000e+00 0.000000000000000000e+00 0.000000000000000000e+00 0.000000000000000000e+00 0.000000000000000000e+00
0.000000000000000000e+00 0.000000000000000000e+00 0.000000000000000000e+00 0.000000000000000000e+00 0.000000000000000000e+00
0.000000000000000000e+00 0.000000000000000000e+00 0.000000000000000000e+00 0.000000000000000000e+00 0.000000000000000000e+00
0.000000000000000000e+00 0.000000000000000000e+00 0.000000000000000000e+00 0.000000000000000000e+00 0.000000000000000000e+00
0.000000000000000000e+00 0.000000000000000000e+00 0.000000000000000000e+00 0.000000000000000000e+00 0.000000000000000000e+00
0.000000000000000000e+00 0.000000000000000000e+00 0.000000000000000000e+00 0.000000000000000000e+00 0.000000000000000000e+00
0.000000000000000000e+00 0.000000000000000000e+00 0.000000000000000000e+00 0.000000000000000000e+00 0.000000000000000000e+00
0.000000000000000000e+00 0.000000000000000000e+00 0.000000000000000000e+00 0.000000000000000000e+00 0.000000000000000000e+00
0.000000000000000000e+00 0.000000000000000000e+00 0.000000000000000000e+00 0.000000000000000000e+00 0.000000000000000000e+00
0.000000000000000000e+00 0.000000000000000000e+00 0.000000000000000000e+00 0.000000000000000000e+00 0.000000000000000000e+00
0.000000000000000000e+00 0.000000000000000000e+00 0.000000000000000000e+00 0.000000000000000000e+00 0.000000000000000000e+00
0.000000000000000000e+00 0.000000000000000000e+00 0.000000000000000000e+00 0.000000000000000000e+00 0.000000000000000000e+00
0.000000000000000000e+00 0.000000000000000000e+00 0.000000000000000000e+00 0.000000000000000000e+00 0.000000000000000000e+00
0.000000000000000000e+00 0.000000000000000000e+00 0.000000000000000000e+00 0.000000000000000000e+00 0.000000000000000000e+00
0.000000000000000000e+00 0.000000000000000000e+00 0.000000000000000000e+00 0.000000000000000000e+00 0.000000000000000000e+00
0.000000000000000000e+00 0.000000000000000000e+00 0.000000000000000000e+00 0.000000000000000000e+00 0.000000000000000000e+00
0.000000000000000000e+00 0.000000000000000000e+00 0.000000000000000000e+00 0.000000000000000000e+00 0.000000000000000000e+00
0.000000000000000000e+00 0.000000000000000000e+00 0.000000000000000000e+00 0.000000000000000000e+00 0.000000000000000000e+00
0.000000000000000000e+00 0.000000000000000000e+00 0.000000000000000000e+00 0.000000000000000000e+00 0.000000000000000000e+00
0.000000000000000000e+00 0.000000000000000000e+00 0.000000000000000000e+00 0.000000000000000000e+00 0.000000000000000000e+00
0.000000000000000000e+00 0.000000000000000000e+00 0.000000000000000000e+00 0.000000000000000000e+00 0.000000000000000000e+00
0.000000000000000000e+00 0.000000000000000000e+00 0.000000000000000000e+00 0.000000000000000000e+00 0.000000000000000000e+00
0.000000000000000000e+00 0.000000000000000000e+00 0.000000000000000000e+00 0.000000000000000000e+00 0.000000000000000000e+00
0.000000000000000000e+00 0.000000000000000000e+00 0.000000000000000000e+00 0.000000000000000000e+00 0.000000000000000000e+00
0.000000000000000000e+00 0.000000000000000000e+00 0.000000000000000000e+00 0.000000000000000000e+00 0.000000000000000000e+00
0.000000000000000000e+00 0.000000000000000000e+00 0.000000000000000000e+00 0.000000000000000000e+00 0.000000000000000000e+00
0.000000000000000000e+00 0.000000000000000000e+00 0.000000000000000000e+00 0.000000000000000000e+00 0.000000000000000000e+00
0.000000000000000000e+00 0.000000000000000000e+00 0.000000000000000000e+00 0.000000000000000000e+00 0.000000000000000000e+00
0.000000000000000000e+00 0.000000000000000000e+00 0.000000000000000000e+00 0.000000000000000000e+00 0.000000000000000000e+00
0.000000000000000000e+00 0.000000000000000000e+00 0.000000000000000000e+00 0.000000000000000000e+00 0.000000000000000000e+00
0.000000000000000000e+00 0.000000000000000000e+00 0.000000000000000000e+00 0.000000000000000000e+00 0.000000000000000000e+00
0.000000000000000000e+00 0.000000000000000000e+00 0.000000000000000000e+00 0.000000000000000000e+00 0.000000000000000000e+00
0.000000000000000000e+00 0.000000000000000000e+00 0.000000000000000000e+00 0.000000000000000000e+00 0.000000000000000000e+00
0.000000000000000000e+00 0.000000000000000000e+00 0.000000000000000000e+00 0.000000000000000000e+00 0.000000000000000000e+00
0.000000000000000000e+00 0.000000000000000000e+00 0.000000000000000000e+00 0.000000000000000000e+00 0.000000000000000000e+00
0.000000000000000000e+00 0.000000000000000000e+00 0.000000000000000000e+00 0.000000000000000000e+00 0.000000000000000000e+00
0.000000000000000000e+00 0.000000000000000000e+00 0.000000000000000000e+00 0.000000000000000000e+00 0.000000000000000000e+00
4.405048370902461688e-04 0.000000000000000000e+00 1.465141996212668231e-04 1.446207936193975830e-04 0.000000000000000000e+00
7.623567951870431148e-04 0.000000000000000000e+00 2.621283483237078034e-04 2.940252016722700885e-04 0.000000000000000000e+00
7.908862664555224445e-04 0.000000000000000000e+00 1.643051166713071489e-03 1.150321613566287885e-04 0.000000000000000000e+00
0.000000000000000000e+00 0.000000000000000000e+00 4.624735898838641147e-03 0.000000000000000000e+00 1.588624498828147911e-03
0.000000000000000000e+00 0.000000000000000000e+00 6.884570556759304037e-03 0.000000000000000000e+00 2.010777093494191172e-03
1.826976643985374913e-04 0.000000000000000000e+00 4.517101017902506663e-03 5.107848224118180297e-04 7.746671666345287003e-04
8.973731129347561940e-04 0.000000000000000000e+00 1.736015149003065352e-03 1.029599852251395289e-03 4.838408931535904636e-05
2.546093160188546596e-03 0.000000000000000000e+00 9.358710489000544820e-04 1.484732444925898750e-03 0.000000000000000000e+00
3.328734296372650239e-03 0.000000000000000000e+00 6.180824585538804636e-04 6.638349354469357064e-04 0.000000000000000000e+00
1.590797677581181832e-03 1.225699394701852164e-03 4.123154499466942817e-04 0.000000000000000000e+00 0.000000000000000000e+00
4.764913994261300856e-04 1.031693260677196385e-03 5.426755605069409410e-04 0.000000000000000000e+00 0.000000000000000000e+00
0.000000000000000000e+00 1.386399781812399506e-03 1.464825761198289516e-04 6.828040216501033582e-05 0.000000000000000000e+00
0.000000000000000000e+00 1.885316492317580311e-03 0.000000000000000000e+00 1.672668666213696445e-04 2.301765116828987019e-04
0.000000000000000000e+00 6.483104143542646903e-04 0.000000000000000000e+00 5.751864583422594963e-05 7.915160678423810480e-05
0.000000000000000000e+00 0.000000000000000000e+00 0.000000000000000000e+00 0.000000000000000000e+00 0.000000000000000000e+00
0.000000000000000000e+00 0.000000000000000000e+00 0.000000000000000000e+00 0.000000000000000000e+00 0.000000000000000000e+00
0.000000000000000000e+00 0.000000000000000000e+00 0.000000000000000000e+00 0.000000000000000000e+00 0.000000000000000000e+00
0.000000000000000000e+00 0.000000000000000000e+00 0.000000000000000000e+00 0.000000000000000000e+00 0.000000000000000000e+00
0.000000000000000000e+00 0.000000000000000000e+00 0.000000000000000000e+00 0.000000000000000000e+00 0.000000000000000000e+00
0.000000000000000000e+00 0.000000000000000000e+00 0.000000000000000000e+00 0.000000000000000000e+00 0.000000000000000000e+00
0.000000000000000000e+00 0.000000000000000000e+00 0.000000000000000000e+00 0.000000000000000000e+00 0.000000000000000000e+00
0.000000000000000000e+00 0.000000000000000000e+00 0.000000000000000000e+00 0.000000000000000000e+00 0.000000000000000000e+00
0.000000000000000000e+00 1.790938413942881602e-04 0.000000000000000000e+00 1.250535720088756635e-05 1.825248296802125565e-05
0.000000000000000000e+00 0.000000000000000000e+00 0.000000000000000000e+00 0.000000000000000000e+00 0.000000000000000000e+00
0.000000000000000000e+00 0.000000000000000000e+00 0.000000000000000000e+00 0.000000000000000000e+00 0.000000000000000000e+00
9.712783280850400994e-05 0.000000000000000000e+00 5.007243220023068972e-04 0.000000000000000000e+00 1.165578293309302634e-05
2.582079051012443763e-04 0.000000000000000000e+00 1.683735500986233407e-03 0.000000000000000000e+00 0.000000000000000000e+00
2.323189211593562793e-04 0.000000000000000000e+00 2.331331329089235318e-03 0.000000000000000000e+00 1.255368998298287981e-04
1.150627779053239440e-03 0.000000000000000000e+00 9.182653419313872509e-03 0.000000000000000000e+00 0.000000000000000000e+00
2.142347718542114872e-03 0.000000000000000000e+00 2.900427379297226479e-02 0.000000000000000000e+00 0.000000000000000000e+00
2.554534647132972007e-03 0.000000000000000000e+00 6.229060123996175286e-02 0.000000000000000000e+00 0.000000000000000000e+00
0.000000000000000000e+00 0.000000000000000000e+00 7.926929641803996673e-02 9.719065294857883591e-03 0.000000000000000000e+00
0.000000000000000000e+00 3.644964545953816980e-03 4.364588547414890302e-02 5.541274020447220505e-02 7.455218339485107995e-03
0.000000000000000000e+00 1.818936188702888115e-03 0.000000000000000000e+00 6.397054332134514965e-02 5.869524939951911019e-02
0.000000000000000000e+00 0.000000000000000000e+00 0.000000000000000000e+00 3.107287568539692652e-02 1.035646614957145134e-01
4.182453796166494403e-02 0.000000000000000000e+00 0.000000000000000000e+00 0.000000000000000000e+00 9.195846438864137273e-02
6.614925628817507064e-02 5.394823085859696069e-03 4.200024801128782355e-03 0.000000000000000000e+00 3.327792474060162209e-02
4.302778112939958932e-02 4.863337252598442378e-02 2.770352260114931995e-03 0.000000000000000000e+00 0.000000000000000000e+00
3.724872935476811631e-03 7.325206431108151339e-02 0.000000000000000000e+00 0.000000000000000000e+00 0.000000000000000000e+00
0.000000000000000000e+00 6.234752182209238325e-02 0.000000000000000000e+00 2.666339358116297242e-03 0.000000000000000000e+00
0.000000000000000000e+00 3.158993126905937365e-02 0.000000000000000000e+00 2.001933726208141376e-03 1.966400527248950321e-03
0.000000000000000000e+00 7.987793616997626578e-03 0.000000000000000000e+00 7.827841680571932890e-04 2.129022776403348513e-04
0.000000000000000000e+00 1.601238588254278892e-03 0.000000000000000000e+00 1.649360394264986812e-04 1.341178722224510068e-04
0.000000000000000000e+00 0.000000000000000000e+00 0.000000000000000000e+00 0.000000000000000000e+00 0.000000000000000000e+00
0.000000000000000000e+00 0.000000000000000000e+00 0.000000000000000000e+00 0.000000000000000000e+00 0.000000000000000000e+00
0.000000000000000000e+00 0.000000000000000000e+00 0.000000000000000000e+00 0.000000000000000000e+00 0.000000000000000000e+00
0.000000000000000000e+00 0.000000000000000000e+00 0.000000000000000000e+00 0.000000000000000000e+00 0.000000000000000000e+00
0.000000000000000000e+00 0.000000000000000000e+00 0.000000000000000000e+00 0.000000000000000000e+00 0.000000000000000000e+00
3.605488501508104585e-04 0.000000000000000000e+00 2.511213147667480905e-05 0.000000000000000000e+00 0.000000000000000000e+00
2.372031908886907173e-04 0.000000000000000000e+00 1.652113912939136400e-05 0.000000000000000000e+00 0.000000000000000000e+00
0.000000000000000000e+00 0.000000000000000000e+00 0.000000000000000000e+00 0.000000000000000000e+00 0.000000000000000000e+00
0.000000000000000000e+00 0.000000000000000000e+00 0.000000000000000000e+00 0.000000000000000000e+00 0.000000000000000000e+00
7.118970854109976827e-04 0.000000000000000000e+00 1.164190909155371923e-03 0.000000000000000000e+00 0.000000000000000000e+00
6.565601568769233870e-04 0.000000000000000000e+00 2.872859163831943848e-03 0.000000000000000000e+00 2.268124499899747083e-04
6.144534707228076773e-04 0.000000000000000000e+00 3.419676755209984792e-03 0.000000000000000000e+00 0.000000000000000000e+00
9.695139508932778269e-04 2.971606528926658557e-04 6.559856468415339696e-03 0.000000000000000000e+00 0.000000000000000000e+00
2.270398312300700785e-03 0.000000000000000000e+00 2.186534301507815636e-02 0.000000000000000000e+00 0.000000000000000000e+00
3.415435772998991724e-03 0.000000000000000000e+00 5.550278790529110384e-02 0.000000000000000000e+00 0.000000000000000000e+00
2.004752528883480250e-03 0.000000000000000000e+00 1.122776603026248848e-01 0.000000000000000000e+00 0.000000000000000000e+00
0.000000000000000000e+00 9.215956490029026229e-04 1.453936190488713254e-01 2.262365164029636611e-02 0.000000000000000000e+00
0.000000000000000000e+00 5.848849490555134423e-03 7.845312988343484950e-02 9.853806690894750808e-02 1.844598924821572172e-02
0.000000000000000000e+00 0.000000000000000000e+00 0.000000000000000000e+00 1.357623557926249114e-01 8.881860666436269813e-02
2.964927024777275211e-02 0.000000000000000000e+00 0.000000000000000000e+00 7.259113808265076073e-02 1.530477335061889710e-01
1.089540655836234440e-01 0.000000000000000000e+00 0.000000000000000000e+00 0.000000000000000000e+00 1.256068234038244524e-01
1.365148389812317620e-01 1.944168482791898064e-02 5.131385054471343694e-03 0.000000000000000000e+00 2.720045217405391708e-02
7.818633446280860710e-02 1.023808171758077284e-01 3.924343517793361415e-03 0.000000000000000000e+00 0.000000000000000000e+00
7.500331022430418472e-03 1.315989625629612747e-01 0.000000000000000000e+00 0.000000000000000000e+00 0.000000000000000000e+00
0.000000000000000000e+00 9.564293780016956681e-02 0.000000000000000000e+00 3.649601161170780862e-03 0.000000000000000000e+00
0.000000000000000000e+00 4.708755739083313879e-02 0.000000000000000000e+00 3.231754979720390629e-03 3.756374254768601005e-03
0.000000000000000000e+00 1.404153359398708188e-02 0.000000000000000000e+00 1.261539030275452607e-03 1.027609840822368836e-03
0.000000000000000000e+00 4.754207541348498024e-03 0.000000000000000000e+00 4.127041996574555105e-04 2.002046974873742768e-04
0.000000000000000000e+00 6.204237593580824012e-05 0.000000000000000000e+00 5.039714834640667373e-06 0.000000000000000000e+00
5.932149447657427327e-05 1.152988183374592583e-04 1.447105206896601525e-05 0.000000000000000000e+00 0.000000000000000000e+00
0.000000000000000000e+00 0.000000000000000000e+00 0.000000000000000000e+00 0.000000000000000000e+00 0.000000000000000000e+00
0.000000000000000000e+00 0.000000000000000000e+00 0.000000000000000000e+00 0.000000000000000000e+00 0.000000000000000000e+00
0.000000000000000000e+00 0.000000000000000000e+00 0.000000000000000000e+00 0.000000000000000000e+00 0.000000000000000000e+00
9.013721253770261461e-05 0.000000000000000000e+00 6.278032869168702262e-06 0.000000000000000000e+00 0.000000000000000000e+00
5.692876581328579981e-05 0.000000000000000000e+00 3.965073391053903576e-06 0.000000000000000000e+00 0.000000000000000000e+00
0.000000000000000000e+00 0.000000000000000000e+00 0.000000000000000000e+00 0.000000000000000000e+00 0.000000000000000000e+00
0.000000000000000000e+00 0.000000000000000000e+00 0.000000000000000000e+00 0.000000000000000000e+00 0.000000000000000000e+00
2.050780657932857812e-04 1.201934426192253081e-04 1.935386814238147053e-03 0.000000000000000000e+00 0.000000000000000000e+00
4.924396295146169812e-04 3.691058157623496494e-04 3.333073594156675448e-03 0.000000000000000000e+00 0.000000000000000000e+00
1.158477618645909445e-03 4.166439543605520812e-04 3.908767087786261391e-03 0.000000000000000000e+00 0.000000000000000000e+00
1.112759871214421409e-03 4.578006863763965434e-04 7.873527852523038231e-03 0.000000000000000000e+00 0.000000000000000000e+00
2.403614099461859853e-03 0.000000000000000000e+00 2.580624382332109140e-02 0.000000000000000000e+00 0.000000000000000000e+00
3.429625594396718425e-03 0.000000000000000000e+00 5.940505748316268070e-02 0.000000000000000000e+00 0.000000000000000000e+00
2.218358620286398335e-03 0.000000000000000000e+00 1.278171687323724770e-01 0.000000000000000000e+00 0.000000000000000000e+00
0.000000000000000000e+00 0.000000000000000000e+00 1.713370008360932950e-01 2.384301134607698033e-02 0.000000000000000000e+00
0.000000000000000000e+00 5.530721376017617812e-03 9.871189221262292868e-02 1.177046127945074044e-01 3.920169661977634251e-02
0.000000000000000000e+00 0.000000000000000000e+00 0.000000000000000000e+00 1.573237580134997649e-01 1.206177335001987205e-01
6.213400409161824733e-02 0.000000000000000000e+00 0.000000000000000000e+00 8.246261962093658082e-02 1.607442322508415844e-01
1.466342426655554698e-01 0.000000000000000000e+00 0.000000000000000000e+00 1.885404378043673002e-03 1.039905067960056606e-01
1.515077834986811589e-01 5.693130238177240843e-02 3.812196108557485384e-03 0.000000000000000000e+00 1.500632833591256619e-02
7.259904618378552887e-02 1.423723695849480331e-01 1.747480549660425072e-03 0.000000000000000000e+00 0.000000000000000000e+00
0.000000000000000000e+00 1.454107709726649433e-01 0.000000000000000000e+00 1.388672744193903633e-03 0.000000000000000000e+00
0.000000000000000000e+00 8.771536286212396061e-02 0.000000000000000000e+00 4.028201131148365956e-03 4.384608922183583853e-04
0.000000000000000000e+00 3.829776069758984020e-02 0.000000000000000000e+00 2.429740585544776406e-03 3.655197995950528866e-03
0.000000000000000000e+00 7.387013640761726230e-03 0.000000000000000000e+00 6.954922434809951599e-04 8.431348174390069410e-04
0.000000000000000000e+00 1.332491190163849828e-03 0.000000000000000000e+00 1.159079165038973109e-04 1.347063503546582159e-04
0.000000000000000000e+00 0.000000000000000000e+00 0.000000000000000000e+00 0.000000000000000000e+00 0.000000000000000000e+00
0.000000000000000000e+00 0.000000000000000000e+00 0.000000000000000000e+00 0.000000000000000000e+00 0.000000000000000000e+00
0.000000000000000000e+00 0.000000000000000000e+00 0.000000000000000000e+00 0.000000000000000000e+00 0.000000000000000000e+00
0.000000000000000000e+00 0.000000000000000000e+00 0.000000000000000000e+00 0.000000000000000000e+00 0.000000000000000000e+00
0.000000000000000000e+00 0.000000000000000000e+00 0.000000000000000000e+00 0.000000000000000000e+00 0.000000000000000000e+00
0.000000000000000000e+00 0.000000000000000000e+00 0.000000000000000000e+00 0.000000000000000000e+00 0.000000000000000000e+00
3.062105675491542093e-05 0.000000000000000000e+00 2.768690099066523297e-04 0.000000000000000000e+00 0.000000000000000000e+00
5.311815967689413875e-05 0.000000000000000000e+00 4.802829763686830675e-04 0.000000000000000000e+00 0.000000000000000000e+00
3.853314843344962398e-06 8.039631477958131451e-05 2.008965142896902028e-04 0.000000000000000000e+00 0.000000000000000000e+00
2.547269309378795781e-06 6.710014345252074365e-04 1.071755924982242250e-03 0.000000000000000000e+00 0.000000000000000000e+00
3.791115389900678650e-04 5.214913495283786914e-04 3.899423538825066114e-03 0.000000000000000000e+00 0.000000000000000000e+00
1.053280937136502485e-03 7.375486028561004147e-04 4.259541182930415976e-03 0.000000000000000000e+00 0.000000000000000000e+00
6.142031463031806309e-04 1.512442120633214699e-04 8.534545177941504565e-03 0.000000000000000000e+00 2.992784917479643326e-04
1.881366328884260088e-03 0.000000000000000000e+00 2.399845508760968180e-02 0.000000000000000000e+00 5.909089274466309020e-04
3.326541998932138963e-03 0.000000000000000000e+00 5.492411977910634929e-02 0.000000000000000000e+00 0.000000000000000000e+00
1.847620224414317979e-03 0.000000000000000000e+00 1.326634806347803119e-01 0.000000000000000000e+00 1.464448267994062193e-03
0.000000000000000000e+00 2.793880749340884369e-04 1.807977434242485915e-01 2.261010659092816885e-02 1.251027730130726406e-02
0.000000000000000000e+00 4.809438615058971717e-03 1.097185835987527364e-01 1.242040214911537960e-01 6.420164431532421334e-02
7.980792516237036850e-04 0.000000000000000000e+00 0.000000000000000000e+00 1.588501004098953617e-01 1.428414297205803929e-01
1.005649656115978202e-01 0.000000000000000000e+00 0.000000000000000000e+00 7.804917556484673724e-02 1.444858480167338921e-01
1.650923980054882223e-01 1.394947029068929409e-02 0.000000000000000000e+00 0.000000000000000000e+00 7.255898523920953358e-02
1.373069870141668536e-01 1.015686488031476292e-01 1.486668346407027429e-03 0.000000000000000000e+00 0.000000000000000000e+00
4.887135967407078840e-02 1.581354110540184044e-01 0.000000000000000000e+00 0.000000000000000000e+00 0.000000000000000000e+00
0.000000000000000000e+00 1.291632116372438410e-01 0.000000000000000000e+00 3.592204614759373499e-03 0.000000000000000000e+00
0.000000000000000000e+00 6.420854779700105319e-02 0.000000000000000000e+00 3.407310732919105380e-03 2.535956421827412210e-03
0.000000000000000000e+00 2.122422569457715902e-02 0.000000000000000000e+00 1.633484157993618556e-03 2.247859293648788500e-03
0.000000000000000000e+00 2.432437201577735374e-03 0.000000000000000000e+00 2.454353213781889915e-04 4.745911493040099751e-04
0.000000000000000000e+00 0.000000000000000000e+00 0.000000000000000000e+00 0.000000000000000000e+00 0.000000000000000000e+00
0.000000000000000000e+00 0.000000000000000000e+00 0.000000000000000000e+00 0.000000000000000000e+00 0.000000000000000000e+00
0.000000000000000000e+00 0.000000000000000000e+00 0.000000000000000000e+00 0.000000000000000000e+00 0.000000000000000000e+00
0.000000000000000000e+00 0.000000000000000000e+00 0.000000000000000000e+00 0.000000000000000000e+00 0.000000000000000000e+00
0.000000000000000000e+00 0.000000000000000000e+00 0.000000000000000000e+00 0.000000000000000000e+00 0.000000000000000000e+00
0.000000000000000000e+00 0.000000000000000000e+00 0.000000000000000000e+00 0.000000000000000000e+00 0.000000000000000000e+00
0.000000000000000000e+00 0.000000000000000000e+00 0.000000000000000000e+00 0.000000000000000000e+00 0.000000000000000000e+00
6.999098686837818049e-05 0.000000000000000000e+00 6.328434512152049688e-04 0.000000000000000000e+00 0.000000000000000000e+00
3.999484963907332731e-05 0.000000000000000000e+00 3.616248292658313566e-04 0.000000000000000000e+00 0.000000000000000000e+00
0.000000000000000000e+00 0.000000000000000000e+00 0.000000000000000000e+00 0.000000000000000000e+00 0.000000000000000000e+00
1.062034314115151943e-04 2.270128957136507259e-04 9.798249620208484157e-04 0.000000000000000000e+00 1.569546619210017901e-04
2.919847627353299889e-04 4.258356927035213384e-04 2.753016483952810609e-03 0.000000000000000000e+00 1.467038300251572022e-04
8.825387011488388441e-04 6.724082632809499829e-04 5.716087221485379420e-03 0.000000000000000000e+00 0.000000000000000000e+00
5.322887729686669482e-04 0.000000000000000000e+00 8.751368402757503384e-03 0.000000000000000000e+00 7.442263666584654838e-04
1.781162418700009105e-03 0.000000000000000000e+00 2.001768271283672213e-02 0.000000000000000000e+00 5.914005515665062907e-04
3.293022522417398887e-03 0.000000000000000000e+00 5.007077365032888694e-02 0.000000000000000000e+00 0.000000000000000000e+00
9.191726102828618990e-04 0.000000000000000000e+00 1.298928218107824606e-01 0.000000000000000000e+00 6.984840847081241061e-03
0.000000000000000000e+00 2.020367363661769878e-03 1.871747010371908049e-01 2.210373473543005354e-02 2.735339127997478761e-02
0.000000000000000000e+00 4.907235928885755015e-03 1.202163318469936376e-01 1.257591443684531463e-01 1.025805046705526163e-01
2.680473944520584892e-02 0.000000000000000000e+00 3.521962190568995489e-03 1.535223096166526413e-01 1.561757425672766209e-01
1.377243242123276368e-01 0.000000000000000000e+00 0.000000000000000000e+00 6.989138550380347148e-02 1.124714908954081022e-01
1.680032778571054208e-01 6.294258964974117077e-02 0.000000000000000000e+00 0.000000000000000000e+00 4.049833458331304759e-02
1.109765274545107261e-01 1.377562582407471925e-01 4.843192373908928954e-04 0.000000000000000000e+00 0.000000000000000000e+00
2.045886730888184929e-02 1.481999437274762466e-01 0.000000000000000000e+00 5.842555826531977119e-04 0.000000000000000000e+00
0.000000000000000000e+00 9.073363676379296583e-02 0.000000000000000000e+00 4.443842601530787785e-03 0.000000000000000000e+00
0.000000000000000000e+00 3.532501688696816633e-02 0.000000000000000000e+00 2.176235728399170295e-03 1.851319051943120736e-03
0.000000000000000000e+00 7.730279474507172760e-03 0.000000000000000000e+00 6.900050704444882872e-04 6.752554922698203238e-04
0.000000000000000000e+00 3.299572181898853746e-05 0.000000000000000000e+00 4.322524705998705900e-06 7.663634027248137102e-07
0.000000000000000000e+00 0.000000000000000000e+00 0.000000000000000000e+00 0.000000000000000000e+00 0.000000000000000000e+00
0.000000000000000000e+00 0.000000000000000000e+00 0.000000000000000000e+00 0.000000000000000000e+00 0.000000000000000000e+00
0.000000000000000000e+00 0.000000000000000000e+00 0.000000000000000000e+00 0.000000000000000000e+00 0.000000000000000000e+00
0.000000000000000000e+00 0.000000000000000000e+00 0.000000000000000000e+00 0.000000000000000000e+00 0.000000000000000000e+00
0.000000000000000000e+00 0.000000000000000000e+00 0.000000000000000000e+00 0.000000000000000000e+00 0.000000000000000000e+00
3.265237931499782626e-05 3.142646264663357552e-04 0.000000000000000000e+00 3.981670906650771827e-05 0.000000000000000000e+00
0.000000000000000000e+00 0.000000000000000000e+00 0.000000000000000000e+00 0.000000000000000000e+00 0.000000000000000000e+00
9.946036419642572974e-05 6.632641352173723986e-05 2.096229351454928054e-06 0.000000000000000000e+00 0.000000000000000000e+00
0.000000000000000000e+00 0.000000000000000000e+00 0.000000000000000000e+00 0.000000000000000000e+00 0.000000000000000000e+00
0.000000000000000000e+00 0.000000000000000000e+00 0.000000000000000000e+00 0.000000000000000000e+00 0.000000000000000000e+00
1.404994996200295229e-04 0.000000000000000000e+00 6.821778771748848768e-04 0.000000000000000000e+00 6.723874142383304980e-05
4.304676497748816024e-04 5.396958794353293306e-04 2.895082079777822580e-03 0.000000000000000000e+00 0.000000000000000000e+00
8.178105844136134006e-04 8.409388500659063966e-04 4.893510571544693738e-03 0.000000000000000000e+00 0.000000000000000000e+00
1.244983810860705691e-03 3.582559479450364635e-04 8.136061765538127669e-03 0.000000000000000000e+00 0.000000000000000000e+00
2.075218450900405322e-03 0.000000000000000000e+00 1.375677675770668219e-02 0.000000000000000000e+00 0.000000000000000000e+00
3.174098323959353464e-03 0.000000000000000000e+00 3.877971488932443339e-02 0.000000000000000000e+00 0.000000000000000000e+00
6.066547309409387259e-04 0.000000000000000000e+00 1.201866539123258026e-01 0.000000000000000000e+00 1.553725490333985985e-02
0.000000000000000000e+00 3.294863677599126420e-03 1.871565998267436526e-01 2.564475841971857253e-02 5.019234644749745455e-02
0.000000000000000000e+00 3.374114984713527839e-03 1.195012118278811070e-01 1.311652984514369569e-01 1.357153364410862428e-01
6.835895658094133520e-02 0.000000000000000000e+00 1.713864348832193699e-02 1.471099196966090539e-01 1.435718178260061706e-01
1.598799571423299981e-01 3.729678196747772401e-02 0.000000000000000000e+00 6.506897276324893897e-02 7.651775151454813517e-02
1.534372490542909306e-01 1.059688269570877167e-01 0.000000000000000000e+00 0.000000000000000000e+00 1.292517654664471737e-02
7.331728788407142205e-02 1.507213388907508167e-01 0.000000000000000000e+00 0.000000000000000000e+00 0.000000000000000000e+00
0.000000000000000000e+00 1.190167390750716814e-01 0.000000000000000000e+00 3.349073133098241783e-03 0.000000000000000000e+00
0.000000000000000000e+00 5.073744343850757066e-02 0.000000000000000000e+00 3.253717750627307427e-03 2.354927496245879607e-03
0.000000000000000000e+00 1.063202843717906722e-02 0.000000000000000000e+00 7.598494376651028850e-04 1.225998383903446638e-03
0.000000000000000000e+00 1.472892475611792306e-03 0.000000000000000000e+00 1.029799104309918041e-04 1.859549664841240438e-04
0.000000000000000000e+00 0.000000000000000000e+00 0.000000000000000000e+00 0.000000000000000000e+00 0.000000000000000000e+00
0.000000000000000000e+00 0.000000000000000000e+00 0.000000000000000000e+00 0.000000000000000000e+00 0.000000000000000000e+00
0.000000000000000000e+00 0.000000000000000000e+00 0.000000000000000000e+00 0.000000000000000000e+00 0.000000000000000000e+00
0.000000000000000000e+00 0.000000000000000000e+00 0.000000000000000000e+00 0.000000000000000000e+00 0.000000000000000000e+00
0.000000000000000000e+00 0.000000000000000000e+00 0.000000000000000000e+00 0.000000000000000000e+00 0.000000000000000000e+00
0.000000000000000000e+00 0.000000000000000000e+00 0.000000000000000000e+00 0.000000000000000000e+00 0.000000000000000000e+00
5.361440060363845627e-05 5.160147570373168095e-04 0.000000000000000000e+00 6.537805315858679538e-05 0.000000000000000000e+00
0.000000000000000000e+00 0.000000000000000000e+00 0.000000000000000000e+00 0.000000000000000000e+00 0.000000000000000000e+00
0.000000000000000000e+00 0.000000000000000000e+00 0.000000000000000000e+00 0.000000000000000000e+00 0.000000000000000000e+00
0.000000000000000000e+00 0.000000000000000000e+00 0.000000000000000000e+00 0.000000000000000000e+00 0.000000000000000000e+00
0.000000000000000000e+00 0.000000000000000000e+00 0.000000000000000000e+00 0.000000000000000000e+00 0.000000000000000000e+00
1.916205358387590364e-04 0.000000000000000000e+00 1.115612747612061868e-03 0.000000000000000000e+00 1.301288494562354123e-04
3.281151770185657384e-04 0.000000000000000000e+00 1.626684454446999115e-03 0.000000000000000000e+00 0.000000000000000000e+00
3.165645012595904488e-04 6.517228332663093380e-04 3.132026994144662853e-03 0.000000000000000000e+00 0.000000000000000000e+00
1.474495217576392812e-03 6.199256323958495657e-04 6.135162594204805579e-03 0.000000000000000000e+00 0.000000000000000000e+00
2.417084242956664235e-03 3.752256823877194911e-04 1.072641991929615748e-02 0.000000000000000000e+00 0.000000000000000000e+00
2.737135402583508979e-03 7.790238617779414324e-05 3.054950410702880412e-02 0.000000000000000000e+00 8.056832041448600511e-04
0.000000000000000000e+00 0.000000000000000000e+00 1.110917783627902861e-01 0.000000000000000000e+00 2.698424099116119440e-02
0.000000000000000000e+00 6.574362772172825942e-03 1.800456807810756621e-01 2.973228880512043468e-02 9.020286255729401126e-02
4.889932252203495845e-05 7.827632605288325704e-03 1.205019620047450141e-01 1.269117847546867295e-01 1.709088393522373295e-01
1.104283457191433948e-01 3.118674658603161343e-02 3.068165599514126318e-02 1.408639172209910362e-01 1.093704624140651449e-01
1.622197558460451994e-01 8.444556529151385493e-02 0.000000000000000000e+00 6.212461963178339541e-02 4.646538436426996682e-02
1.309529189707038244e-01 1.278519376937778673e-01 0.000000000000000000e+00 4.581766524713075861e-04 0.000000000000000000e+00
3.557522004916852804e-02 1.342133601109285479e-01 0.000000000000000000e+00 1.004093956985696806e-03 0.000000000000000000e+00
0.000000000000000000e+00 7.381603259886840296e-02 0.000000000000000000e+00 3.666780760184810192e-03 0.000000000000000000e+00
0.000000000000000000e+00 1.780977699706609921e-02 0.000000000000000000e+00 1.332559502876229894e-03 2.640585917118310746e-04
0.000000000000000000e+00 2.616592897725199783e-03 0.000000000000000000e+00 2.092636130389306597e-04 2.075525794180167749e-04
0.000000000000000000e+00 0.000000000000000000e+00 0.000000000000000000e+00 0.000000000000000000e+00 0.000000000000000000e+00
0.000000000000000000e+00 0.000000000000000000e+00 0.000000000000000000e+00 0.000000000000000000e+00 0.000000000000000000e+00
0.000000000000000000e+00 0.000000000000000000e+00 0.000000000000000000e+00 0.000000000000000000e+00 0.000000000000000000e+00
0.000000000000000000e+00 6.839912023478067005e-04 2.865207196779926720e-06 0.000000000000000000e+00 3.442394421900132114e-04
0.000000000000000000e+00 0.000000000000000000e+00 0.000000000000000000e+00 0.000000000000000000e+00 0.000000000000000000e+00
0.000000000000000000e+00 0.000000000000000000e+00 0.000000000000000000e+00 0.000000000000000000e+00 0.000000000000000000e+00
0.000000000000000000e+00 0.000000000000000000e+00 0.000000000000000000e+00 0.000000000000000000e+00 0.000000000000000000e+00
0.000000000000000000e+00 0.000000000000000000e+00 0.000000000000000000e+00 0.000000000000000000e+00 0.000000000000000000e+00
0.000000000000000000e+00 0.000000000000000000e+00 0.000000000000000000e+00 0.000000000000000000e+00 0.000000000000000000e+00
0.000000000000000000e+00 0.000000000000000000e+00 0.000000000000000000e+00 0.000000000000000000e+00 0.000000000000000000e+00
0.000000000000000000e+00 0.000000000000000000e+00 0.000000000000000000e+00 0.000000000000000000e+00 0.000000000000000000e+00
0.000000000000000000e+00 0.000000000000000000e+00 0.000000000000000000e+00 0.000000000000000000e+00 0.000000000000000000e+00
2.117204567490234355e-04 0.000000000000000000e+00 1.202078192260469134e-03 0.000000000000000000e+00 1.324026948113110494e-04
3.558934230472215240e-04 4.834944462008073708e-05 1.822772453467888087e-03 0.000000000000000000e+00 0.000000000000000000e+00
4.737851608147346889e-04 2.186363787041658169e-04 2.896510760276706752e-03 0.000000000000000000e+00 0.000000000000000000e+00
1.770841676964176985e-03 3.207616703612557914e-04 4.661536586316327932e-03 0.000000000000000000e+00 0.000000000000000000e+00
3.239124080436754389e-03 0.000000000000000000e+00 8.678279080988473421e-03 0.000000000000000000e+00 0.000000000000000000e+00
2.867952309096266812e-03 0.000000000000000000e+00 2.562866927386300495e-02 0.000000000000000000e+00 2.738052161755499987e-03
0.000000000000000000e+00 2.098557134142292786e-03 9.915902804750197086e-02 0.000000000000000000e+00 4.696246525413071138e-02
0.000000000000000000e+00 1.391750861477945682e-02 1.691424795756685528e-01 3.441758875148125119e-02 1.457368972344239288e-01
4.110550646797206387e-02 3.031904249463058740e-02 1.177828595686993829e-01 1.279879518843857200e-01 1.651226211342463057e-01
1.338763613686891896e-01 7.674425810083103372e-02 4.186043141839247694e-02 1.392118168420623248e-01 7.119878282238097100e-02
1.611356751785057440e-01 1.032359577905663239e-01 0.000000000000000000e+00 5.544392604270197839e-02 1.356894538196080392e-02
9.608386832667918653e-02 1.286994329893312583e-01 1.042413181716173205e-03 1.933234236378962665e-03 0.000000000000000000e+00
8.759022194158470540e-03 9.499424501893498352e-02 0.000000000000000000e+00 3.357218625124372326e-03 0.000000000000000000e+00
0.000000000000000000e+00 3.129408938488666136e-02 4.041542727441739731e-04 1.570827242357984493e-03 1.455306996562129220e-03
0.000000000000000000e+00 3.113069174299139350e-03 2.782206003660969815e-04 1.220589815680528606e-04 1.804297571637063430e-04
0.000000000000000000e+00 2.192775805030490401e-04 0.000000000000000000e+00 1.312855664251432605e-05 3.416698392451374806e-05
0.000000000000000000e+00 0.000000000000000000e+00 0.000000000000000000e+00 0.000000000000000000e+00 0.000000000000000000e+00
0.000000000000000000e+00 0.000000000000000000e+00 0.000000000000000000e+00 0.000000000000000000e+00 0.000000000000000000e+00
0.000000000000000000e+00 0.000000000000000000e+00 0.000000000000000000e+00 0.000000000000000000e+00 0.000000000000000000e+00
0.000000000000000000e+00 1.003187096776781469e-03 4.202303888610510966e-06 0.000000000000000000e+00 5.048845152120197887e-04
0.000000000000000000e+00 0.000000000000000000e+00 0.000000000000000000e+00 0.000000000000000000e+00 0.000000000000000000e+00
0.000000000000000000e+00 0.000000000000000000e+00 0.000000000000000000e+00 0.000000000000000000e+00 0.000000000000000000e+00
0.000000000000000000e+00 0.000000000000000000e+00 0.000000000000000000e+00 0.000000000000000000e+00 0.000000000000000000e+00
0.000000000000000000e+00 0.000000000000000000e+00 0.000000000000000000e+00 0.000000000000000000e+00 0.000000000000000000e+00
0.000000000000000000e+00 0.000000000000000000e+00 0.000000000000000000e+00 0.000000000000000000e+00 0.000000000000000000e+00
0.000000000000000000e+00 0.000000000000000000e+00 0.000000000000000000e+00 0.000000000000000000e+00 0.000000000000000000e+00
0.000000000000000000e+00 0.000000000000000000e+00 0.000000000000000000e+00 0.000000000000000000e+00 0.000000000000000000e+00
6.112526703393851170e-06 9.475086462983052404e-06 9.732907845112290308e-06 4.904294512488655206e-06 0.000000000000000000e+00
2.717753847746460431e-04 1.355768239761320261e-04 9.543267749586483838e-04 0.000000000000000000e+00 0.000000000000000000e+00
5.254669175258156735e-04 2.713256872904196127e-04 2.018683411736705343e-03 0.000000000000000000e+00 0.000000000000000000e+00
6.470225646988340528e-04 4.225006861837401421e-05 2.726517463008057158e-03 5.950666636880709429e-05 0.000000000000000000e+00
2.086343490727082285e-03 0.000000000000000000e+00 4.287929475407403768e-03 6.458798031407223580e-04 0.000000000000000000e+00
2.348547910991922397e-03 0.000000000000000000e+00 6.199019481510571923e-03 4.973533281806631666e-04 0.000000000000000000e+00
1.034024973839215355e-03 0.000000000000000000e+00 1.864082233955475718e-02 0.000000000000000000e+00 6.455405242063997316e-03
0.000000000000000000e+00 9.193089294879925807e-03 8.451393729258464826e-02 0.000000000000000000e+00 7.749785097997026473e-02
0.000000000000000000e+00 3.557287805898123184e-02 1.508579746243640107e-01 3.801993531862191827e-02 1.958850510641264586e-01
8.573194336700608320e-02 7.591605807702632436e-02 1.153748108121366162e-01 1.310088703966315049e-01 1.288575836260379970e-01
1.434220441199537677e-01 1.017232665468598002e-01 5.526953126346988848e-02 1.358957175863171885e-01 4.370602814871800412e-02
1.493235377435746802e-01 1.082021434207745270e-01 1.422613758413844402e-02 4.774051738548850538e-02 0.000000000000000000e+00
5.156678399016625253e-02 1.062997093053355130e-01 1.786178359977798683e-03 5.582260212950706027e-03 0.000000000000000000e+00
4.256234453421079588e-05 4.502071045843929892e-02 7.820968860518715503e-04 1.307803914626581030e-03 3.003437122438285499e-03
0.000000000000000000e+00 8.058270788352681069e-03 1.133600894867732448e-03 5.086190986289718959e-05 6.685200847574235489e-04
0.000000000000000000e+00 3.004945593078943780e-04 1.729695911297550665e-04 0.000000000000000000e+00 2.307888802726709720e-04
0.000000000000000000e+00 7.231472875121875436e-06 6.636251729735826853e-05 3.636158250347125258e-05 0.000000000000000000e+00
0.000000000000000000e+00 0.000000000000000000e+00 0.000000000000000000e+00 0.000000000000000000e+00 0.000000000000000000e+00
0.000000000000000000e+00 0.000000000000000000e+00 0.000000000000000000e+00 0.000000000000000000e+00 0.000000000000000000e+00
0.000000000000000000e+00 0.000000000000000000e+00 0.000000000000000000e+00 0.000000000000000000e+00 0.000000000000000000e+00
0.000000000000000000e+00 0.000000000000000000e+00 0.000000000000000000e+00 0.000000000000000000e+00 0.000000000000000000e+00
0.000000000000000000e+00 0.000000000000000000e+00 0.000000000000000000e+00 0.000000000000000000e+00 0.000000000000000000e+00
0.000000000000000000e+00 0.000000000000000000e+00 0.000000000000000000e+00 0.000000000000000000e+00 0.000000000000000000e+00
0.000000000000000000e+00 0.000000000000000000e+00 0.000000000000000000e+00 0.000000000000000000e+00 0.000000000000000000e+00
0.000000000000000000e+00 0.000000000000000000e+00 0.000000000000000000e+00 0.000000000000000000e+00 0.000000000000000000e+00
0.000000000000000000e+00 0.000000000000000000e+00 0.000000000000000000e+00 0.000000000000000000e+00 0.000000000000000000e+00
0.000000000000000000e+00 0.000000000000000000e+00 0.000000000000000000e+00 0.000000000000000000e+00 0.000000000000000000e+00
0.000000000000000000e+00 0.000000000000000000e+00 0.000000000000000000e+00 0.000000000000000000e+00 0.000000000000000000e+00
6.682175533351715762e-05 1.551095193444283651e-04 1.030826544644602598e-04 5.289385633770530540e-05 0.000000000000000000e+00
2.903318566609913395e-04 3.864886326144756595e-04 5.934681875010573140e-04 1.567783162917349318e-04 0.000000000000000000e+00
3.290764635739098685e-04 1.413512867327109345e-04 1.288987151640480239e-03 0.000000000000000000e+00 0.000000000000000000e+00
7.433220327514901415e-04 0.000000000000000000e+00 2.575614443464045809e-03 6.368726716036046762e-04 0.000000000000000000e+00
1.592901709564668823e-03 0.000000000000000000e+00 3.472792571427821013e-03 1.308858661487499525e-03 0.000000000000000000e+00
1.764994907735228545e-03 0.000000000000000000e+00 4.447140921935427774e-03 1.750641986382853264e-03 0.000000000000000000e+00
0.000000000000000000e+00 5.640335558008148162e-03 1.326358218333563606e-02 0.000000000000000000e+00 1.953223684203149804e-02
0.000000000000000000e+00 2.942644426349634232e-02 7.019131772187478524e-02 0.000000000000000000e+00 1.297408152071441445e-01
1.665044309456626195e-02 8.281017723765619898e-02 1.294920210306788333e-01 4.918864336695948775e-02 2.060515215383444676e-01
1.137857436648662679e-01 1.065674299856673446e-01 1.139774698170650108e-01 1.373131611584308409e-01 9.308199430709808431e-02
1.478705678806758461e-01 1.036496258793637298e-01 7.078998521644130903e-02 1.309820566210524451e-01 1.781680820089685466e-02
1.155705362036639344e-01 9.696387649985660495e-02 2.886180180339376414e-02 4.224243801189275782e-02 0.000000000000000000e+00
2.202807672544456960e-02 6.313871934712905754e-02 6.478337777435946160e-03 3.966683881656826900e-03 8.227105188601017364e-04
0.000000000000000000e+00 1.231976534022340315e-02 2.426053562499670170e-03 0.000000000000000000e+00 4.834358203598589782e-03
0.000000000000000000e+00 1.594377365578712605e-03 1.173128891863632270e-03 0.000000000000000000e+00 2.526164045754741589e-03
0.000000000000000000e+00 5.294995280004130924e-06 6.160786071993088375e-05 0.000000000000000000e+00 1.902893535281747865e-04
0.000000000000000000e+00 0.000000000000000000e+00 0.000000000000000000e+00 0.000000000000000000e+00 0.000000000000000000e+00
0.000000000000000000e+00 0.000000000000000000e+00 0.000000000000000000e+00 0.000000000000000000e+00 0.000000000000000000e+00
0.000000000000000000e+00 0.000000000000000000e+00 0.000000000000000000e+00 0.000000000000000000e+00 0.000000000000000000e+00
0.000000000000000000e+00 0.000000000000000000e+00 0.000000000000000000e+00 0.000000000000000000e+00 0.000000000000000000e+00
0.000000000000000000e+00 0.000000000000000000e+00 0.000000000000000000e+00 0.000000000000000000e+00 0.000000000000000000e+00
0.000000000000000000e+00 0.000000000000000000e+00 0.000000000000000000e+00 0.000000000000000000e+00 0.000000000000000000e+00
0.000000000000000000e+00 0.000000000000000000e+00 0.000000000000000000e+00 0.000000000000000000e+00 0.000000000000000000e+00
0.000000000000000000e+00 0.000000000000000000e+00 0.000000000000000000e+00 0.000000000000000000e+00 0.000000000000000000e+00
0.000000000000000000e+00 0.000000000000000000e+00 0.000000000000000000e+00 0.000000000000000000e+00 0.000000000000000000e+00
0.000000000000000000e+00 0.000000000000000000e+00 0.000000000000000000e+00 0.000000000000000000e+00 0.000000000000000000e+00
0.000000000000000000e+00 0.000000000000000000e+00 0.000000000000000000e+00 0.000000000000000000e+00 0.000000000000000000e+00
0.000000000000000000e+00 0.000000000000000000e+00 0.000000000000000000e+00 0.000000000000000000e+00 0.000000000000000000e+00
1.160124486511796162e-04 3.700909916787132703e-04 1.724783871809902288e-04 9.042394074907763517e-05 0.000000000000000000e+00
0.000000000000000000e+00 2.251383832200479511e-04 1.672643247951713385e-04 8.643892854447515696e-05 1.921711758713575845e-04
2.262847654638941038e-05 3.228035013319119437e-04 0.000000000000000000e+00 4.491500075318542306e-05 0.000000000000000000e+00
9.853327861475084243e-04 0.000000000000000000e+00 1.745469669178275219e-03 3.748908998144779301e-04 0.000000000000000000e+00
2.317382474498407355e-03 0.000000000000000000e+00 3.986293701611589267e-03 1.543734361686207408e-03 0.000000000000000000e+00
6.950821853059867793e-04 2.245730657701512645e-03 3.671565994402935327e-03 2.169558566900088754e-03 6.068320944230873705e-04
0.000000000000000000e+00 2.043268384491509285e-02 1.129596976930994159e-02 0.000000000000000000e+00 4.474453278649052207e-02
0.000000000000000000e+00 7.615048071654204054e-02 5.789977054334308204e-02 0.000000000000000000e+00 1.743717451905517080e-01
6.256814725241319208e-02 1.198607834577734566e-01 1.062595589879005847e-01 6.634879617965633303e-02 1.756915302489335529e-01
1.272653771602519635e-01 1.087558470125175175e-01 1.137185805458962168e-01 1.416814501433498186e-01 7.183729586837075964e-02
1.436621922785471794e-01 9.144092981605468629e-02 8.797041318443869773e-02 1.271030674108468150e-01 0.000000000000000000e+00
7.363423458942844335e-02 6.177228474584623569e-02 4.403236161125077125e-02 3.280982421953949207e-02 0.000000000000000000e+00
8.733315503960108195e-03 1.595349699019670345e-02 1.464711365100989163e-02 0.000000000000000000e+00 1.067126802009609257e-02
0.000000000000000000e+00 3.259880774365894046e-03 3.726587074243366184e-03 0.000000000000000000e+00 6.374675992879834559e-03
0.000000000000000000e+00 9.315486726306007733e-04 1.460521530908532413e-03 0.000000000000000000e+00 3.756688342005182635e-03
0.000000000000000000e+00 8.720763426665447738e-05 2.257368724158723269e-04 0.000000000000000000e+00 6.771142908530041523e-04
0.000000000000000000e+00 8.274869087296688234e-05 1.738565686517199067e-04 0.000000000000000000e+00 5.168706247240165532e-04
0.000000000000000000e+00 9.456993242624783455e-06 1.986932213162512852e-05 0.000000000000000000e+00 5.907092853988756600e-05
0.000000000000000000e+00 0.000000000000000000e+00 0.000000000000000000e+00 0.000000000000000000e+00 0.000000000000000000e+00
0.000000000000000000e+00 0.000000000000000000e+00 0.000000000000000000e+00 0.000000000000000000e+00 0.000000000000000000e+00
0.000000000000000000e+00 2.994714526831180411e-05 6.291952008347953638e-05 0.000000000000000000e+00 1.870579403763104258e-04
0.000000000000000000e+00 1.970206925546830225e-05 4.139442110755233584e-05 0.000000000000000000e+00 1.230644344580990670e-04
0.000000000000000000e+00 0.000000000000000000e+00 0.000000000000000000e+00 0.000000000000000000e+00 0.000000000000000000e+00
0.000000000000000000e+00 0.000000000000000000e+00 0.000000000000000000e+00 0.000000000000000000e+00 0.000000000000000000e+00
0.000000000000000000e+00 0.000000000000000000e+00 0.000000000000000000e+00 0.000000000000000000e+00 0.000000000000000000e+00
0.000000000000000000e+00 0.000000000000000000e+00 0.000000000000000000e+00 0.000000000000000000e+00 0.000000000000000000e+00
0.000000000000000000e+00 0.000000000000000000e+00 0.000000000000000000e+00 0.000000000000000000e+00 0.000000000000000000e+00
0.000000000000000000e+00 0.000000000000000000e+00 0.000000000000000000e+00 0.000000000000000000e+00 0.000000000000000000e+00
3.830534541755880007e-05 0.000000000000000000e+00 8.812369258234469286e-07 0.000000000000000000e+00 0.000000000000000000e+00
9.672624743746601958e-06 2.070906731535296941e-05 0.000000000000000000e+00 2.779697272305727536e-07 0.000000000000000000e+00
6.517354661490717830e-04 0.000000000000000000e+00 0.000000000000000000e+00 1.154971764327370544e-04 0.000000000000000000e+00
1.083955302327112074e-03 0.000000000000000000e+00 1.388321158587247804e-03 5.372222092170485935e-04 0.000000000000000000e+00
1.403654441302525611e-03 3.415676653430804667e-04 2.708600254545221516e-03 9.244945531579682038e-04 0.000000000000000000e+00
0.000000000000000000e+00 1.197189311208814340e-02 3.790341882834259712e-03 0.000000000000000000e+00 1.002819514332744383e-02
0.000000000000000000e+00 6.079011932530802714e-02 1.077346650007027923e-02 0.000000000000000000e+00 8.187025619029425494e-02
1.647370554501707482e-02 1.298498594787635130e-01 4.324994808319782003e-02 0.000000000000000000e+00 1.953800997197780720e-01
9.994412187810744475e-02 1.188487716214940287e-01 8.535983170087842187e-02 8.640445796166382197e-02 1.419476944485913439e-01
1.319159580935442555e-01 1.004868438263393920e-01 1.133209811989012300e-01 1.451624715664389109e-01 5.524036148655640105e-02
1.244549488703413642e-01 5.837955878486829342e-02 1.050723191958743002e-01 1.214264028828917624e-01 0.000000000000000000e+00
3.938048073388173559e-02 2.035377419427797721e-02 6.426637127212428413e-02 1.845845122693155066e-02 0.000000000000000000e+00
3.520414904273674525e-03 2.979163385643544392e-03 1.705452142938937432e-02 0.000000000000000000e+00 7.806706979374662160e-03
0.000000000000000000e+00 1.690157795862227757e-03 3.081332010985466004e-03 0.000000000000000000e+00 2.211916764069662544e-03
0.000000000000000000e+00 5.312302642137957474e-04 4.375621401297833833e-04 0.000000000000000000e+00 6.147596105992802172e-04
0.000000000000000000e+00 3.467564188962415179e-05 7.285418114929209047e-05 0.000000000000000000e+00 2.165934046462539547e-04
0.000000000000000000e+00 3.467564188962415179e-05 7.285418114929209047e-05 0.000000000000000000e+00 2.165934046462539547e-04
0.000000000000000000e+00 3.940413851093655538e-06 8.278884221510456664e-06 0.000000000000000000e+00 2.461288689161976326e-05
0.000000000000000000e+00 0.000000000000000000e+00 0.000000000000000000e+00 0.000000000000000000e+00 0.000000000000000000e+00
0.000000000000000000e+00 0.000000000000000000e+00 0.000000000000000000e+00 0.000000000000000000e+00 0.000000000000000000e+00
0.000000000000000000e+00 1.260932432349970450e-05 2.649242950883350130e-05 0.000000000000000000e+00 7.876123805318336712e-05
0.000000000000000000e+00 7.880827702187311076e-06 1.655776844302091333e-05 0.000000000000000000e+00 4.922577378323952652e-05
0.000000000000000000e+00 0.000000000000000000e+00 0.000000000000000000e+00 0.000000000000000000e+00 0.000000000000000000e+00
0.000000000000000000e+00 0.000000000000000000e+00 0.000000000000000000e+00 0.000000000000000000e+00 0.000000000000000000e+00
0.000000000000000000e+00 0.000000000000000000e+00 0.000000000000000000e+00 0.000000000000000000e+00 0.000000000000000000e+00
0.000000000000000000e+00 0.000000000000000000e+00 0.000000000000000000e+00 0.000000000000000000e+00 0.000000000000000000e+00
0.000000000000000000e+00 0.000000000000000000e+00 0.000000000000000000e+00 0.000000000000000000e+00 0.000000000000000000e+00
0.000000000000000000e+00 0.000000000000000000e+00 3.147963771398388892e-05 0.000000000000000000e+00 6.092234891443745184e-04
3.513474740478896019e-04 6.316639014287373793e-06 2.682052511459774475e-06 0.000000000000000000e+00 0.000000000000000000e+00
3.257939291080668527e-04 4.003823595976785686e-05 0.000000000000000000e+00 4.077953467742986425e-04 0.000000000000000000e+00
4.710873150338728741e-04 5.671680395639528912e-05 0.000000000000000000e+00 8.143763758840107765e-04 0.000000000000000000e+00
2.589667045178440882e-04 9.763722730323313179e-04 4.290294413390884049e-05 1.150299082704569348e-03 0.000000000000000000e+00
0.000000000000000000e+00 7.909441044766500964e-03 1.663062334021895737e-03 6.743742769338849407e-04 1.067635068430648239e-03
0.000000000000000000e+00 4.210852101369827460e-02 4.047450597286409747e-03 0.000000000000000000e+00 2.843813541788436927e-02
0.000000000000000000e+00 1.267548094009045279e-01 9.133938556560521060e-03 0.000000000000000000e+00 1.112503070490449969e-01
6.616961370456315994e-02 1.376415545267427598e-01 2.505303311172386860e-02 0.000000000000000000e+00 1.837750044044625664e-01
1.128737588298461547e-01 1.116981391382656230e-01 6.338452361953735015e-02 1.048840715987423983e-01 1.242256332530294050e-01
1.280054266472232527e-01 6.651609628248851547e-02 1.098737614406698204e-01 1.529848217664299681e-01 3.614438996296059914e-02
8.800014176227662077e-02 1.095299319236376842e-02 1.250698715084847534e-01 1.114119803065114073e-01 0.000000000000000000e+00
1.900156035112804745e-02 6.423350431066776871e-04 7.652525614632475770e-02 9.578479270233522178e-03 3.651567407348320967e-03
2.020386306712449592e-03 9.333470179675166416e-04 1.989123669996686189e-02 0.000000000000000000e+00 4.555351919364316465e-03
6.189507813114966759e-04 4.711794732389582843e-04 3.424682350655220212e-03 0.000000000000000000e+00 1.067505822452469904e-03
7.604277477897705782e-04 0.000000000000000000e+00 1.352819341281211304e-03 0.000000000000000000e+00 0.000000000000000000e+00
0.000000000000000000e+00 1.315112685017709421e-06 4.886994013916594846e-05 0.000000000000000000e+00 4.171883216441046925e-05
0.000000000000000000e+00 0.000000000000000000e+00 0.000000000000000000e+00 0.000000000000000000e+00 0.000000000000000000e+00
1.748795642964777811e-05 9.656844467432093939e-05 0.000000000000000000e+00 3.035869247584207472e-06 0.000000000000000000e+00
1.681534272081522911e-05 9.285427372530848089e-05 0.000000000000000000e+00 2.919105045754031393e-06 0.000000000000000000e+00
0.000000000000000000e+00 0.000000000000000000e+00 0.000000000000000000e+00 0.000000000000000000e+00 0.000000000000000000e+00
0.000000000000000000e+00 0.000000000000000000e+00 0.000000000000000000e+00 0.000000000000000000e+00 0.000000000000000000e+00
0.000000000000000000e+00 0.000000000000000000e+00 0.000000000000000000e+00 0.000000000000000000e+00 0.000000000000000000e+00
0.000000000000000000e+00 0.000000000000000000e+00 0.000000000000000000e+00 0.000000000000000000e+00 0.000000000000000000e+00
0.000000000000000000e+00 0.000000000000000000e+00 0.000000000000000000e+00 0.000000000000000000e+00 0.000000000000000000e+00
0.000000000000000000e+00 0.000000000000000000e+00 0.000000000000000000e+00 0.000000000000000000e+00 0.000000000000000000e+00
0.000000000000000000e+00 0.000000000000000000e+00 0.000000000000000000e+00 0.000000000000000000e+00 0.000000000000000000e+00
0.000000000000000000e+00 0.000000000000000000e+00 0.000000000000000000e+00 0.000000000000000000e+00 0.000000000000000000e+00
0.000000000000000000e+00 0.000000000000000000e+00 1.493264865919747174e-05 0.000000000000000000e+00 2.889906294659212640e-04
2.560638175339625695e-04 2.428789834787827885e-04 0.000000000000000000e+00 2.676349975619452047e-04 0.000000000000000000e+00
5.904504827877887644e-04 1.952084425085634479e-04 0.000000000000000000e+00 6.647427754289329371e-04 0.000000000000000000e+00
1.151448881732462879e-04 1.237690456362739323e-03 0.000000000000000000e+00 7.004234913538875213e-04 0.000000000000000000e+00
0.000000000000000000e+00 6.426518614316652223e-03 0.000000000000000000e+00 7.609467887691830816e-04 1.246655331252186430e-03
0.000000000000000000e+00 3.067354954648994839e-02 4.357092106253355307e-04 0.000000000000000000e+00 9.824912814192019242e-03
0.000000000000000000e+00 1.073646372553162115e-01 2.795285887844209394e-03 0.000000000000000000e+00 5.302708680501345279e-02
3.462361292782406563e-02 1.548601021897491603e-01 6.361285095789869469e-03 0.000000000000000000e+00 1.194582789002430062e-01
1.018895904440370731e-01 1.221233436964290486e-01 5.395617043668957460e-03 4.626946811417175474e-03 1.687045656373107883e-01
1.232986764591989665e-01 8.010508399363254484e-02 4.213861718954563934e-02 1.232979319839393600e-01 1.046039291974514285e-01
1.090561540103303639e-01 1.246491529138052216e-02 1.074072698975395007e-01 1.615938545254874958e-01 1.694444460216511933e-02
4.515625184841191853e-02 0.000000000000000000e+00 1.472008233553233070e-01 9.159598293901387300e-02 0.000000000000000000e+00
9.734505981401178273e-03 0.000000000000000000e+00 9.349068134890871351e-02 2.081066308864955273e-04 0.000000000000000000e+00
1.533041842454960788e-03 1.902844370884182237e-05 2.578381593399773145e-02 0.000000000000000000e+00 3.933251049572587810e-03
5.676626657407189821e-04 0.000000000000000000e+00 6.217496344676503792e-03 0.000000000000000000e+00 1.274475496023229175e-03
3.597811145378755388e-04 0.000000000000000000e+00 2.865718947791693824e-03 0.000000000000000000e+00 9.271039920335774403e-04
0.000000000000000000e+00 1.600053766771548100e-05 5.945842716931855256e-04 0.000000000000000000e+00 5.075791246669942572e-04
0.000000000000000000e+00 0.000000000000000000e+00 0.000000000000000000e+00 0.000000000000000000e+00 0.000000000000000000e+00
0.000000000000000000e+00 0.000000000000000000e+00 0.000000000000000000e+00 0.000000000000000000e+00 0.000000000000000000e+00
0.000000000000000000e+00 0.000000000000000000e+00 0.000000000000000000e+00 0.000000000000000000e+00 0.000000000000000000e+00
0.000000000000000000e+00 0.000000000000000000e+00 0.000000000000000000e+00 0.000000000000000000e+00 0.000000000000000000e+00
0.000000000000000000e+00 0.000000000000000000e+00 0.000000000000000000e+00 0.000000000000000000e+00 0.000000000000000000e+00
0.000000000000000000e+00 3.464204008190120719e-06 0.000000000000000000e+00 1.171460788467424958e-04 0.000000000000000000e+00
0.000000000000000000e+00 8.660510020475301796e-07 0.000000000000000000e+00 2.928651971168562396e-05 0.000000000000000000e+00
0.000000000000000000e+00 0.000000000000000000e+00 0.000000000000000000e+00 0.000000000000000000e+00 0.000000000000000000e+00
0.000000000000000000e+00 0.000000000000000000e+00 0.000000000000000000e+00 0.000000000000000000e+00 0.000000000000000000e+00
0.000000000000000000e+00 0.000000000000000000e+00 0.000000000000000000e+00 0.000000000000000000e+00 0.000000000000000000e+00
0.000000000000000000e+00 0.000000000000000000e+00 0.000000000000000000e+00 0.000000000000000000e+00 0.000000000000000000e+00
0.000000000000000000e+00 0.000000000000000000e+00 0.000000000000000000e+00 0.000000000000000000e+00 0.000000000000000000e+00
0.000000000000000000e+00 3.975146681130112204e-04 5.156049457193925227e-06 0.000000000000000000e+00 1.002303637241412133e-04
0.000000000000000000e+00 3.284720597748756504e-04 0.000000000000000000e+00 2.009228031098135136e-04 0.000000000000000000e+00
0.000000000000000000e+00 4.351817654633473309e-03 0.000000000000000000e+00 8.915259847334717667e-05 1.074019651718759747e-03
0.000000000000000000e+00 2.129266216330122710e-02 0.000000000000000000e+00 4.257157809370790136e-04 4.298944976827420890e-03
0.000000000000000000e+00 8.146431700186038127e-02 0.000000000000000000e+00 0.000000000000000000e+00 2.467444490778292893e-02
1.879934579162771549e-03 1.575725726855523867e-01 2.182050415341667358e-03 0.000000000000000000e+00 6.364033416838074664e-02
7.810415519180426147e-02 1.454666708496361038e-01 3.260071971925550260e-03 0.000000000000000000e+00 1.200010008463805317e-01
1.218304220359366641e-01 9.414187638855123219e-02 0.000000000000000000e+00 1.846305317714522568e-02 1.591279457282914478e-01
1.215482130506702618e-01 2.165611705963210037e-02 2.965093630541993860e-02 1.377997447163856470e-01 9.390555518433743587e-02
6.635458379933527329e-02 0.000000000000000000e+00 1.071766789041597862e-01 1.643835291059872472e-01 1.878840837916237808e-02
1.858103593149492902e-02 0.000000000000000000e+00 1.597641112303554434e-01 7.553069814325993891e-02 0.000000000000000000e+00
7.523816491576392450e-03 0.000000000000000000e+00 1.082073668035766489e-01 0.000000000000000000e+00 0.000000000000000000e+00
2.572349810504934251e-03 0.000000000000000000e+00 3.642423668617167376e-02 0.000000000000000000e+00 2.122682150390645985e-03
1.397080695441007495e-03 0.000000000000000000e+00 1.130913319210081688e-02 0.000000000000000000e+00 6.957906739568705135e-04
4.561255753403862146e-04 0.000000000000000000e+00 4.031894297023747020e-03 0.000000000000000000e+00 7.785704015587022186e-04
3.702368317919828636e-04 0.000000000000000000e+00 2.453989937271620295e-03 0.000000000000000000e+00 7.317611011040624485e-05
2.433054076116341724e-04 0.000000000000000000e+00 5.262767543325083501e-04 2.652801609492185333e-04 0.000000000000000000e+00
1.020120271917516699e-04 2.847339251611094644e-05 8.708878116225088231e-05 3.049696002005618180e-04 0.000000000000000000e+00
7.934268781580707723e-05 2.214597195697516589e-05 6.773571868175058686e-05 2.371985779337705980e-04 0.000000000000000000e+00
2.153587240714759750e-05 6.011049531178981366e-06 1.838540935647521156e-05 6.438247115345202218e-05 0.000000000000000000e+00
0.000000000000000000e+00 0.000000000000000000e+00 0.000000000000000000e+00 0.000000000000000000e+00 0.000000000000000000e+00
0.000000000000000000e+00 1.374855965750463305e-05 0.000000000000000000e+00 4.649235004230107627e-04 0.000000000000000000e+00
0.000000000000000000e+00 0.000000000000000000e+00 4.778608956602813020e-05 4.543672111222243123e-04 9.737068106671461956e-05
0.000000000000000000e+00 0.000000000000000000e+00 0.000000000000000000e+00 0.000000000000000000e+00 0.000000000000000000e+00
0.000000000000000000e+00 0.000000000000000000e+00 0.000000000000000000e+00 0.000000000000000000e+00 0.000000000000000000e+00
2.018345815749844046e-05 0.000000000000000000e+00 5.119898115978904220e-05 0.000000000000000000e+00 1.194614278918879242e-04
1.327859089309099687e-05 0.000000000000000000e+00 3.368354023670358044e-05 0.000000000000000000e+00 7.859304466571574461e-05
0.000000000000000000e+00 0.000000000000000000e+00 0.000000000000000000e+00 0.000000000000000000e+00 0.000000000000000000e+00
1.448728285266578898e-04 0.000000000000000000e+00 1.196063569567935545e-06 3.158225068363770562e-06 0.000000000000000000e+00
0.000000000000000000e+00 3.018469887727395686e-03 0.000000000000000000e+00 0.000000000000000000e+00 1.215000361083234644e-03
0.000000000000000000e+00 1.497164056528505795e-02 0.000000000000000000e+00 3.701136273121571202e-04 2.804967380572368548e-03
0.000000000000000000e+00 6.064004184035245992e-02 0.000000000000000000e+00 9.666351618661965300e-04 9.366663252786204194e-03
0.000000000000000000e+00 1.378139992437190098e-01 0.000000000000000000e+00 0.000000000000000000e+00 3.092198797939245750e-02
4.491861746934192046e-02 1.658475615460202335e-01 4.872826692880916077e-03 0.000000000000000000e+00 6.431883590449385957e-02
1.152732234788732546e-01 1.183538614585841059e-01 2.709373779206466441e-03 0.000000000000000000e+00 1.158510241115358053e-01
1.335386723908920936e-01 4.316981533011789857e-02 0.000000000000000000e+00 3.136466411194072101e-02 1.517327938182144731e-01
9.112334919378214937e-02 0.000000000000000000e+00 1.580933197804742021e-02 1.540801673824795937e-01 9.349501339590839122e-02
2.643048892516239659e-02 0.000000000000000000e+00 1.046427198249132717e-01 1.646336183900796168e-01 7.624829968402752588e-03
6.902255179748680719e-03 0.000000000000000000e+00 1.717716100660028056e-01 6.417139143550824876e-02 0.000000000000000000e+00
7.412578982959860605e-03 0.000000000000000000e+00 1.233433055723476002e-01 0.000000000000000000e+00 0.000000000000000000e+00
4.115636972787755504e-03 0.000000000000000000e+00 4.359252149043099656e-02 0.000000000000000000e+00 0.000000000000000000e+00
2.419290366022517572e-03 0.000000000000000000e+00 1.698665790129320549e-02 0.000000000000000000e+00 0.000000000000000000e+00
1.632631038100107110e-03 0.000000000000000000e+00 8.438988031438507745e-03 0.000000000000000000e+00 0.000000000000000000e+00
1.456244548647248277e-03 0.000000000000000000e+00 6.481772968287813005e-03 0.000000000000000000e+00 0.000000000000000000e+00
9.296685024433819612e-04 0.000000000000000000e+00 3.456315665484940326e-03 0.000000000000000000e+00 0.000000000000000000e+00
3.382446157946896229e-04 0.000000000000000000e+00 1.254071383864800455e-03 1.128695827415424866e-04 0.000000000000000000e+00
2.999205086269368615e-04 0.000000000000000000e+00 1.030948834342391681e-03 1.754910761913639860e-04 0.000000000000000000e+00
2.599671926373330055e-04 0.000000000000000000e+00 6.614878869112988426e-04 2.170510610768829236e-04 0.000000000000000000e+00
3.572476142331711650e-05 4.982420054265867595e-06 3.073685791384190809e-05 4.048119138013398378e-05 0.000000000000000000e+00
0.000000000000000000e+00 0.000000000000000000e+00 0.000000000000000000e+00 0.000000000000000000e+00 0.000000000000000000e+00
0.000000000000000000e+00 0.000000000000000000e+00 0.000000000000000000e+00 3.584195310123390382e-04 2.453885909788498254e-06
0.000000000000000000e+00 0.000000000000000000e+00 0.000000000000000000e+00 0.000000000000000000e+00 0.000000000000000000e+00
0.000000000000000000e+00 0.000000000000000000e+00 0.000000000000000000e+00 0.000000000000000000e+00 0.000000000000000000e+00
4.780292721512757280e-06 0.000000000000000000e+00 1.212607448521327900e-05 0.000000000000000000e+00 2.829349607965766359e-05
7.391010895756092559e-05 9.400023180004379430e-05 1.387105031779952606e-04 0.000000000000000000e+00 0.000000000000000000e+00
7.072324714321895584e-05 9.953440536493553335e-05 1.306264535211868654e-04 0.000000000000000000e+00 0.000000000000000000e+00
1.963899529228201534e-04 1.001869374006170068e-03 1.785429473107946264e-04 4.976427420355397337e-05 0.000000000000000000e+00
0.000000000000000000e+00 1.026944344412785044e-02 1.306334255245783363e-04 3.375621024634609113e-04 1.637558473738200474e-03
0.000000000000000000e+00 4.595588543258777997e-02 0.000000000000000000e+00 2.014545712816894450e-03 5.195982015717992043e-03
0.000000000000000000e+00 1.111269535187025814e-01 0.000000000000000000e+00 5.898502365527461943e-04 1.410478488141012239e-02
1.108125830253639359e-02 1.681320057168729787e-01 3.372523067693752180e-03 0.000000000000000000e+00 2.812841516354433122e-02
8.753065945748468579e-02 1.448200708864779973e-01 9.181203190276666579e-03 0.000000000000000000e+00 6.193472763406980552e-02
1.421975644648385273e-01 6.769003352096089610e-02 3.424438896322103479e-03 0.000000000000000000e+00 1.145424875119523123e-01
1.233104990074569002e-01 0.000000000000000000e+00 0.000000000000000000e+00 4.826877701471935650e-02 1.522340793500539524e-01
5.195716224923153242e-02 0.000000000000000000e+00 6.371071412925769818e-03 1.654160775017345097e-01 9.053658052321408856e-02
3.297933020093850916e-03 0.000000000000000000e+00 1.043175687706098115e-01 1.597029238893611369e-01 0.000000000000000000e+00
2.713797567128326178e-04 0.000000000000000000e+00 1.776524685647661028e-01 5.863533098581597686e-02 0.000000000000000000e+00
6.004896506824333388e-03 0.000000000000000000e+00 1.401159439898868875e-01 0.000000000000000000e+00 0.000000000000000000e+00
4.949681194053191097e-03 0.000000000000000000e+00 5.988811894292393745e-02 0.000000000000000000e+00 0.000000000000000000e+00
2.660962369685294319e-03 0.000000000000000000e+00 2.384469483235610379e-02 0.000000000000000000e+00 0.000000000000000000e+00
1.515764091896409276e-03 0.000000000000000000e+00 1.102181740701422934e-02 0.000000000000000000e+00 0.000000000000000000e+00
1.221884471138926604e-03 2.389348446908966215e-06 7.356518565753308175e-03 0.000000000000000000e+00 0.000000000000000000e+00
9.500250869151654525e-04 1.248495302122405780e-04 4.697840567411988057e-03 0.000000000000000000e+00 0.000000000000000000e+00
6.058181815004533852e-04 1.923364169245370592e-04 1.886138302585480420e-03 3.050246772633138364e-05 0.000000000000000000e+00
2.980302374784003522e-04 0.000000000000000000e+00 1.374720614569468514e-03 0.000000000000000000e+00 0.000000000000000000e+00
5.126392875988020417e-04 0.000000000000000000e+00 1.442386015886495173e-03 1.209592533166468388e-05 0.000000000000000000e+00
1.457946210859892321e-04 0.000000000000000000e+00 3.416917316602063577e-04 0.000000000000000000e+00 0.000000000000000000e+00
0.000000000000000000e+00 0.000000000000000000e+00 0.000000000000000000e+00 0.000000000000000000e+00 0.000000000000000000e+00
0.000000000000000000e+00 0.000000000000000000e+00 0.000000000000000000e+00 0.000000000000000000e+00 0.000000000000000000e+00
0.000000000000000000e+00 0.000000000000000000e+00 0.000000000000000000e+00 0.000000000000000000e+00 0.000000000000000000e+00
0.000000000000000000e+00 0.000000000000000000e+00 0.000000000000000000e+00 0.000000000000000000e+00 0.000000000000000000e+00
0.000000000000000000e+00 0.000000000000000000e+00 0.000000000000000000e+00 0.000000000000000000e+00 0.000000000000000000e+00
3.139119566181471067e-04 4.417930624092758301e-04 5.797981182607066415e-04 0.000000000000000000e+00 0.000000000000000000e+00
2.754799667070460876e-04 7.705298910380518765e-04 8.653715894047772422e-04 0.000000000000000000e+00 0.000000000000000000e+00
0.000000000000000000e+00 4.439838353958496832e-03 9.761780866658536018e-04 1.810255874967582688e-04 0.000000000000000000e+00
0.000000000000000000e+00 2.670899687337989492e-02 2.307938409132572445e-05 2.248377005647432363e-03 1.677399531216985321e-03
0.000000000000000000e+00 7.933723972164952176e-02 0.000000000000000000e+00 4.536646236748196649e-03 5.320981019554087317e-03
0.000000000000000000e+00 1.457747387686081364e-01 9.697434936253064173e-05 0.000000000000000000e+00 5.977260427843027364e-03
5.135906228205635443e-02 1.626406209069970188e-01 6.527201021788750328e-03 0.000000000000000000e+00 1.959469715017430475e-02
1.215545133785524562e-01 1.061801714200671376e-01 1.185552208021453148e-02 0.000000000000000000e+00 6.193585863459655921e-02
1.479049280657046828e-01 1.859235545001374293e-02 0.000000000000000000e+00 0.000000000000000000e+00 1.212472653504897135e-01
9.703242860199556841e-02 0.000000000000000000e+00 0.000000000000000000e+00 6.486173404915404617e-02 1.532571270299442900e-01
2.136633531542658435e-02 0.000000000000000000e+00 0.000000000000000000e+00 1.714313794661458112e-01 7.902430176336602830e-02
0.000000000000000000e+00 1.905278665227739588e-04 9.946122344706484486e-02 1.522530932109221469e-01 0.000000000000000000e+00
0.000000000000000000e+00 7.492717593120694136e-04 1.772402016755488252e-01 5.996969837357957883e-02 0.000000000000000000e+00
2.472231793476166364e-03 0.000000000000000000e+00 1.479875203422348073e-01 0.000000000000000000e+00 0.000000000000000000e+00
2.542869033459176087e-03 0.000000000000000000e+00 7.086164047247969777e-02 0.000000000000000000e+00 5.000717371916468985e-03
1.867215402545068870e-03 0.000000000000000000e+00 3.100848233401794218e-02 0.000000000000000000e+00 2.368836703619527258e-03
8.485732871188683213e-04 3.566752505401106808e-05 1.318572357809006702e-02 0.000000000000000000e+00 1.464964879831779070e-03
6.770579992925414075e-04 4.294685908824604349e-04 6.861213387550284086e-03 0.000000000000000000e+00 0.000000000000000000e+00
5.224223847576642396e-04 6.112155263704186284e-04 3.553780105755759491e-03 0.000000000000000000e+00 0.000000000000000000e+00
3.188917739687511426e-04 8.853064485064005679e-05 1.628006985205060963e-03 0.000000000000000000e+00 0.000000000000000000e+00
2.254883514753768859e-04 0.000000000000000000e+00 1.312790814631869868e-03 0.000000000000000000e+00 1.531283670345467323e-04
2.532582922109094070e-04 0.000000000000000000e+00 1.336498316170479537e-03 0.000000000000000000e+00 5.513219361510312357e-05
2.221655269130398094e-04 0.000000000000000000e+00 1.287813985253285273e-03 0.000000000000000000e+00 1.461022709085735196e-04
1.362118843734153343e-04 0.000000000000000000e+00 0.000000000000000000e+00 3.304492523913201579e-04 2.783186323099003762e-05
0.000000000000000000e+00 0.000000000000000000e+00 0.000000000000000000e+00 0.000000000000000000e+00 0.000000000000000000e+00
0.000000000000000000e+00 0.000000000000000000e+00 0.000000000000000000e+00 0.000000000000000000e+00 0.000000000000000000e+00
0.000000000000000000e+00 0.000000000000000000e+00 0.000000000000000000e+00 0.000000000000000000e+00 0.000000000000000000e+00
0.000000000000000000e+00 0.000000000000000000e+00 0.000000000000000000e+00 0.000000000000000000e+00 0.000000000000000000e+00
1.389649768428163456e-04 1.955763754539081563e-04 2.566695227082974409e-04 0.000000000000000000e+00 0.000000000000000000e+00
4.379010767145091016e-05 1.255956609832551991e-03 1.024115854438176600e-03 0.000000000000000000e+00 0.000000000000000000e+00
0.000000000000000000e+00 7.929706808912318980e-03 5.178065151666553156e-04 5.441722176083817197e-04 7.968175931500662116e-05
0.000000000000000000e+00 3.672755955486892848e-02 0.000000000000000000e+00 3.021465951583043354e-03 7.370540506894671714e-04
0.000000000000000000e+00 9.833690139124595664e-02 0.000000000000000000e+00 4.218858245998175632e-03 2.254048772082406504e-03
1.351799629689087040e-02 1.564858585639444799e-01 3.107699147219737494e-04 0.000000000000000000e+00 0.000000000000000000e+00
8.071038580633496662e-02 1.419260474746910639e-01 7.085854362669370167e-03 0.000000000000000000e+00 1.046702173302980349e-02
1.348211672326477817e-01 6.871416027725418818e-02 1.010412298746839362e-02 0.000000000000000000e+00 6.447326865608406232e-02
1.306631802737798498e-01 0.000000000000000000e+00 0.000000000000000000e+00 0.000000000000000000e+00 1.314669440716654536e-01
6.558949147849248151e-02 0.000000000000000000e+00 0.000000000000000000e+00 7.439808499885937343e-02 1.456276680577975047e-01
4.751490916129208660e-03 0.000000000000000000e+00 0.000000000000000000e+00 1.650546753688680313e-01 6.377750150423698583e-02
0.000000000000000000e+00 2.773589998040165618e-03 8.294885339509482092e-02 1.494027013690048256e-01 0.000000000000000000e+00
0.000000000000000000e+00 1.997478953539286606e-03 1.607231853752185691e-01 6.283133820794330193e-02 0.000000000000000000e+00
0.000000000000000000e+00 0.000000000000000000e+00 1.444352952249503552e-01 0.000000000000000000e+00 0.000000000000000000e+00
1.113732092033999001e-03 0.000000000000000000e+00 7.583676972136291217e-02 0.000000000000000000e+00 8.429451879179520116e-03
7.874942462597345205e-04 0.000000000000000000e+00 3.470560109923542108e-02 0.000000000000000000e+00 5.162715870514731492e-03
3.244064378362782031e-04 0.000000000000000000e+00 1.498381604128787813e-02 0.000000000000000000e+00 2.831640978208993693e-03
6.351427048082721816e-04 0.000000000000000000e+00 7.561532269678371797e-03 0.000000000000000000e+00 2.733041430580367549e-04
2.863440052811805575e-04 0.000000000000000000e+00 1.967504938690529080e-03 0.000000000000000000e+00 0.000000000000000000e+00
1.122426898563348854e-04 0.000000000000000000e+00 6.904953669753925195e-04 0.000000000000000000e+00 7.117710697729663616e-05
1.149723215032553026e-04 0.000000000000000000e+00 6.693676485672378149e-04 0.000000000000000000e+00 7.807730967374150216e-05
1.149723215032553026e-04 0.000000000000000000e+00 6.693676485672378149e-04 0.000000000000000000e+00 7.807730967374150216e-05
1.149723215032553026e-04 0.000000000000000000e+00 6.693676485672378149e-04 0.000000000000000000e+00 7.807730967374150216e-05
0.000000000000000000e+00 0.000000000000000000e+00 0.000000000000000000e+00 0.000000000000000000e+00 0.000000000000000000e+00
0.000000000000000000e+00 0.000000000000000000e+00 0.000000000000000000e+00 0.000000000000000000e+00 0.000000000000000000e+00
0.000000000000000000e+00 0.000000000000000000e+00 0.000000000000000000e+00 0.000000000000000000e+00 0.000000000000000000e+00
0.000000000000000000e+00 0.000000000000000000e+00 0.000000000000000000e+00 0.000000000000000000e+00 0.000000000000000000e+00
0.000000000000000000e+00 0.000000000000000000e+00 0.000000000000000000e+00 0.000000000000000000e+00 0.000000000000000000e+00
0.000000000000000000e+00 0.000000000000000000e+00 0.000000000000000000e+00 0.000000000000000000e+00 0.000000000000000000e+00
0.000000000000000000e+00 2.381328610415763339e-03 1.598274596274981978e-04 1.168009448522266573e-04 1.526945210158924427e-05
0.000000000000000000e+00 8.411033526070848393e-03 0.000000000000000000e+00 6.236696865988745246e-04 3.358702592844523016e-04
0.000000000000000000e+00 3.462860039458125205e-02 0.000000000000000000e+00 2.644422357472810906e-03 1.713876423351879839e-03
0.000000000000000000e+00 8.894862862957046701e-02 0.000000000000000000e+00 3.535294069930605600e-03 0.000000000000000000e+00
2.076135799390207634e-02 1.321115926549033814e-01 0.000000000000000000e+00 0.000000000000000000e+00 0.000000000000000000e+00
8.701844000530795098e-02 1.031732607876377356e-01 4.651633201099471780e-03 0.000000000000000000e+00 0.000000000000000000e+00
1.249127082064263594e-01 2.253801766366576517e-02 4.665626817153563539e-03 0.000000000000000000e+00 5.235052353185538215e-02
9.989903731341846782e-02 0.000000000000000000e+00 0.000000000000000000e+00 0.000000000000000000e+00 1.161204774215579272e-01
4.003037699302219865e-02 0.000000000000000000e+00 0.000000000000000000e+00 6.135880713393029873e-02 1.088223914323360880e-01
0.000000000000000000e+00 0.000000000000000000e+00 0.000000000000000000e+00 1.326230817112887816e-01 3.744427062187999367e-02
0.000000000000000000e+00 3.178180327962702636e-03 5.314232081255230306e-02 1.279071457279727653e-01 0.000000000000000000e+00
0.000000000000000000e+00 1.928983552289680568e-03 1.291874358958196300e-01 4.901816761531690297e-02 0.000000000000000000e+00
2.655052997163345687e-04 0.000000000000000000e+00 1.160512820458762528e-01 0.000000000000000000e+00 0.000000000000000000e+00
1.556433718395718209e-03 0.000000000000000000e+00 5.507604008658222722e-02 0.000000000000000000e+00 3.783471801793996270e-03
1.084792624117876742e-03 0.000000000000000000e+00 2.245831536462437536e-02 0.000000000000000000e+00 2.569568748829755955e-03
5.230215018110391523e-04 0.000000000000000000e+00 9.159171051251111667e-03 0.000000000000000000e+00 1.694021842912864272e-03
4.883914635308449128e-04 0.000000000000000000e+00 5.106498713146505504e-03 0.000000000000000000e+00 2.020770502424842690e-04
5.045615124902771270e-05 3.251032253633629886e-04 1.015119853789430088e-03 0.000000000000000000e+00 0.000000000000000000e+00
0.000000000000000000e+00 1.176502711919791191e-03 0.000000000000000000e+00 5.894062374879016869e-05 4.917934668421999200e-05
0.000000000000000000e+00 4.816554726651490950e-04 0.000000000000000000e+00 2.413005401796118331e-05 2.013382649488195189e-05
0.000000000000000000e+00 0.000000000000000000e+00 0.000000000000000000e+00 0.000000000000000000e+00 0.000000000000000000e+00
0.000000000000000000e+00 0.000000000000000000e+00 0.000000000000000000e+00 0.000000000000000000e+00 0.000000000000000000e+00
0.000000000000000000e+00 0.000000000000000000e+00 0.000000000000000000e+00 0.000000000000000000e+00 0.000000000000000000e+00
0.000000000000000000e+00 0.000000000000000000e+00 0.000000000000000000e+00 0.000000000000000000e+00 0.000000000000000000e+00
0.000000000000000000e+00 0.000000000000000000e+00 0.000000000000000000e+00 0.000000000000000000e+00 0.000000000000000000e+00
0.000000000000000000e+00 0.000000000000000000e+00 0.000000000000000000e+00 0.000000000000000000e+00 0.000000000000000000e+00
0.000000000000000000e+00 0.000000000000000000e+00 0.000000000000000000e+00 0.000000000000000000e+00 0.000000000000000000e+00
0.000000000000000000e+00 0.000000000000000000e+00 0.000000000000000000e+00 0.000000000000000000e+00 0.000000000000000000e+00
0.000000000000000000e+00 0.000000000000000000e+00 0.000000000000000000e+00 0.000000000000000000e+00 0.000000000000000000e+00
0.000000000000000000e+00 2.309876736838030464e-03 0.000000000000000000e+00 2.657422889298961940e-04 1.685285791318566842e-04
0.000000000000000000e+00 8.387641542515904963e-03 0.000000000000000000e+00 8.354109950262569992e-04 5.412988232142923678e-04
0.000000000000000000e+00 1.992907669267481724e-02 0.000000000000000000e+00 1.265783822241438707e-03 0.000000000000000000e+00
9.440827911392416991e-03 2.266008620536849247e-02 0.000000000000000000e+00 0.000000000000000000e+00 0.000000000000000000e+00
3.975663309282131269e-02 1.277376730575063152e-02 1.148724939011466729e-03 0.000000000000000000e+00 0.000000000000000000e+00
5.767014636897158791e-02 0.000000000000000000e+00 3.945398110850633819e-04 0.000000000000000000e+00 0.000000000000000000e+00
4.246792413180851961e-02 0.000000000000000000e+00 0.000000000000000000e+00 3.724644300108301970e-03 5.182126848385491640e-03
2.001540686581347248e-02 0.000000000000000000e+00 0.000000000000000000e+00 2.248408897652824992e-02 8.006845256227289667e-03
4.637366175392735462e-03 0.000000000000000000e+00 0.000000000000000000e+00 4.613081794469221092e-02 0.000000000000000000e+00
0.000000000000000000e+00 9.863451873290518101e-04 9.084282118726430544e-03 3.874219646854411281e-02 0.000000000000000000e+00
0.000000000000000000e+00 4.593539229468935714e-04 3.164337213262170129e-02 1.094384894453621394e-02 0.000000000000000000e+00
1.000846499231588014e-04 0.000000000000000000e+00 2.613777050308983135e-02 0.000000000000000000e+00 0.000000000000000000e+00
0.000000000000000000e+00 0.000000000000000000e+00 9.653873041295392768e-03 0.000000000000000000e+00 1.955512991846892774e-03
6.386904253939408018e-04 0.000000000000000000e+00 6.736182731061124244e-03 0.000000000000000000e+00 8.351075768318666406e-05
0.000000000000000000e+00 0.000000000000000000e+00 2.760510484659342914e-03 0.000000000000000000e+00 1.963808016268928525e-03
9.513353725034199806e-06 0.000000000000000000e+00 7.162443477494418679e-04 0.000000000000000000e+00 2.543373323094228595e-04
0.000000000000000000e+00 0.000000000000000000e+00 0.000000000000000000e+00 0.000000000000000000e+00 0.000000000000000000e+00
6.969847805719264212e-06 0.000000000000000000e+00 3.216920117993277934e-07 0.000000000000000000e+00 0.000000000000000000e+00
1.219723366000871894e-04 0.000000000000000000e+00 5.629610206488229185e-06 0.000000000000000000e+00 0.000000000000000000e+00
0.000000000000000000e+00 0.000000000000000000e+00 0.000000000000000000e+00 0.000000000000000000e+00 0.000000000000000000e+00
0.000000000000000000e+00 0.000000000000000000e+00 0.000000000000000000e+00 0.000000000000000000e+00 0.000000000000000000e+00
0.000000000000000000e+00 0.000000000000000000e+00 0.000000000000000000e+00 0.000000000000000000e+00 0.000000000000000000e+00
0.000000000000000000e+00 0.000000000000000000e+00 0.000000000000000000e+00 0.000000000000000000e+00 0.000000000000000000e+00
0.000000000000000000e+00 0.000000000000000000e+00 0.000000000000000000e+00 0.000000000000000000e+00 0.000000000000000000e+00
0.000000000000000000e+00 0.000000000000000000e+00 0.000000000000000000e+00 0.000000000000000000e+00 0.000000000000000000e+00
0.000000000000000000e+00 0.000000000000000000e+00 0.000000000000000000e+00 0.000000000000000000e+00 0.000000000000000000e+00
0.000000000000000000e+00 0.000000000000000000e+00 0.000000000000000000e+00 0.000000000000000000e+00 0.000000000000000000e+00
0.000000000000000000e+00 0.000000000000000000e+00 0.000000000000000000e+00 0.000000000000000000e+00 0.000000000000000000e+00
0.000000000000000000e+00 0.000000000000000000e+00 0.000000000000000000e+00 0.000000000000000000e+00 0.000000000000000000e+00
0.000000000000000000e+00 0.000000000000000000e+00 0.000000000000000000e+00 0.000000000000000000e+00 0.000000000000000000e+00
0.000000000000000000e+00 0.000000000000000000e+00 0.000000000000000000e+00 0.000000000000000000e+00 0.000000000000000000e+00
4.005426059793833053e-04 3.019668150220365563e-05 1.402801165090895180e-04 0.000000000000000000e+00 0.000000000000000000e+00
1.221087452069422735e-03 4.549323120034276654e-04 2.157140612946578683e-04 8.421200522518540964e-05 0.000000000000000000e+00
1.198860160437537547e-03 3.156213521639383976e-04 1.432032781887224691e-04 1.644241466696464088e-04 0.000000000000000000e+00
8.063152908703785041e-04 4.010073922162618468e-05 0.000000000000000000e+00 3.686737154678711181e-04 0.000000000000000000e+00
1.118438002552506845e-03 0.000000000000000000e+00 0.000000000000000000e+00 1.178015504735127096e-03 0.000000000000000000e+00
7.282799971207552922e-04 0.000000000000000000e+00 0.000000000000000000e+00 2.517617526650122589e-03 0.000000000000000000e+00
5.614046341904702607e-04 0.000000000000000000e+00 0.000000000000000000e+00 2.318738050560487964e-03 0.000000000000000000e+00
5.757634272642821920e-04 0.000000000000000000e+00 9.331845933059927569e-04 3.929687744024928648e-04 0.000000000000000000e+00
5.886437658416850263e-05 0.000000000000000000e+00 1.320041983944915279e-04 0.000000000000000000e+00 0.000000000000000000e+00
0.000000000000000000e+00 0.000000000000000000e+00 0.000000000000000000e+00 0.000000000000000000e+00 0.000000000000000000e+00
0.000000000000000000e+00 0.000000000000000000e+00 0.000000000000000000e+00 0.000000000000000000e+00 0.000000000000000000e+00
0.000000000000000000e+00 0.000000000000000000e+00 0.000000000000000000e+00 0.000000000000000000e+00 0.000000000000000000e+00
0.000000000000000000e+00 0.000000000000000000e+00 0.000000000000000000e+00 0.000000000000000000e+00 0.000000000000000000e+00
0.000000000000000000e+00 0.000000000000000000e+00 0.000000000000000000e+00 0.000000000000000000e+00 0.000000000000000000e+00
0.000000000000000000e+00 0.000000000000000000e+00 0.000000000000000000e+00 0.000000000000000000e+00 0.000000000000000000e+00
0.000000000000000000e+00 0.000000000000000000e+00 0.000000000000000000e+00 0.000000000000000000e+00 0.000000000000000000e+00
0.000000000000000000e+00 0.000000000000000000e+00 0.000000000000000000e+00 0.000000000000000000e+00 0.000000000000000000e+00
0.000000000000000000e+00 0.000000000000000000e+00 0.000000000000000000e+00 0.000000000000000000e+00 0.000000000000000000e+00
0.000000000000000000e+00 0.000000000000000000e+00 0.000000000000000000e+00 0.000000000000000000e+00 0.000000000000000000e+00
0.000000000000000000e+00 0.000000000000000000e+00 0.000000000000000000e+00 0.000000000000000000e+00 0.000000000000000000e+00
0.000000000000000000e+00 0.000000000000000000e+00 0.000000000000000000e+00 0.000000000000000000e+00 0.000000000000000000e+00
0.000000000000000000e+00 0.000000000000000000e+00 0.000000000000000000e+00 0.000000000000000000e+00 0.000000000000000000e+00
0.000000000000000000e+00 0.000000000000000000e+00 0.000000000000000000e+00 0.000000000000000000e+00 0.000000000000000000e+00
0.000000000000000000e+00 0.000000000000000000e+00 0.000000000000000000e+00 0.000000000000000000e+00 0.000000000000000000e+00
0.000000000000000000e+00 0.000000000000000000e+00 0.000000000000000000e+00 0.000000000000000000e+00 0.000000000000000000e+00
0.000000000000000000e+00 0.000000000000000000e+00 0.000000000000000000e+00 0.000000000000000000e+00 0.000000000000000000e+00
0.000000000000000000e+00 0.000000000000000000e+00 0.000000000000000000e+00 0.000000000000000000e+00 0.000000000000000000e+00
0.000000000000000000e+00 0.000000000000000000e+00 0.000000000000000000e+00 0.000000000000000000e+00 0.000000000000000000e+00
0.000000000000000000e+00 0.000000000000000000e+00 0.000000000000000000e+00 0.000000000000000000e+00 0.000000000000000000e+00
0.000000000000000000e+00 0.000000000000000000e+00 0.000000000000000000e+00 0.000000000000000000e+00 0.000000000000000000e+00
0.000000000000000000e+00 0.000000000000000000e+00 0.000000000000000000e+00 0.000000000000000000e+00 0.000000000000000000e+00
0.000000000000000000e+00 0.000000000000000000e+00 0.000000000000000000e+00 0.000000000000000000e+00 0.000000000000000000e+00
0.000000000000000000e+00 0.000000000000000000e+00 0.000000000000000000e+00 0.000000000000000000e+00 0.000000000000000000e+00
0.000000000000000000e+00 0.000000000000000000e+00 0.000000000000000000e+00 0.000000000000000000e+00 0.000000000000000000e+00
0.000000000000000000e+00 0.000000000000000000e+00 0.000000000000000000e+00 0.000000000000000000e+00 0.000000000000000000e+00
0.000000000000000000e+00 0.000000000000000000e+00 0.000000000000000000e+00 0.000000000000000000e+00 0.000000000000000000e+00
0.000000000000000000e+00 0.000000000000000000e+00 0.000000000000000000e+00 0.000000000000000000e+00 0.000000000000000000e+00
0.000000000000000000e+00 0.000000000000000000e+00 0.000000000000000000e+00 0.000000000000000000e+00 0.000000000000000000e+00
0.000000000000000000e+00 0.000000000000000000e+00 0.000000000000000000e+00 0.000000000000000000e+00 0.000000000000000000e+00
0.000000000000000000e+00 0.000000000000000000e+00 0.000000000000000000e+00 0.000000000000000000e+00 0.000000000000000000e+00
0.000000000000000000e+00 0.000000000000000000e+00 0.000000000000000000e+00 0.000000000000000000e+00 0.000000000000000000e+00
0.000000000000000000e+00 0.000000000000000000e+00 0.000000000000000000e+00 0.000000000000000000e+00 0.000000000000000000e+00
0.000000000000000000e+00 0.000000000000000000e+00 0.000000000000000000e+00 0.000000000000000000e+00 0.000000000000000000e+00
0.000000000000000000e+00 0.000000000000000000e+00 0.000000000000000000e+00 0.000000000000000000e+00 0.000000000000000000e+00
0.000000000000000000e+00 0.000000000000000000e+00 0.000000000000000000e+00 0.000000000000000000e+00 0.000000000000000000e+00
0.000000000000000000e+00 0.000000000000000000e+00 0.000000000000000000e+00 0.000000000000000000e+00 0.000000000000000000e+00
0.000000000000000000e+00 0.000000000000000000e+00 0.000000000000000000e+00 0.000000000000000000e+00 0.000000000000000000e+00
0.000000000000000000e+00 0.000000000000000000e+00 0.000000000000000000e+00 0.000000000000000000e+00 0.000000000000000000e+00
0.000000000000000000e+00 0.000000000000000000e+00 0.000000000000000000e+00 0.000000000000000000e+00 0.000000000000000000e+00
0.000000000000000000e+00 0.000000000000000000e+00 0.000000000000000000e+00 0.000000000000000000e+00 0.000000000000000000e+00
0.000000000000000000e+00 0.000000000000000000e+00 0.000000000000000000e+00 0.000000000000000000e+00 0.000000000000000000e+00
0.000000000000000000e+00 0.000000000000000000e+00 0.000000000000000000e+00 0.000000000000000000e+00 0.000000000000000000e+00
0.000000000000000000e+00 0.000000000000000000e+00 0.000000000000000000e+00 0.000000000000000000e+00 0.000000000000000000e+00
0.000000000000000000e+00 0.000000000000000000e+00 0.000000000000000000e+00 0.000000000000000000e+00 0.000000000000000000e+00
0.000000000000000000e+00 0.000000000000000000e+00 0.000000000000000000e+00 0.000000000000000000e+00 0.000000000000000000e+00
0.000000000000000000e+00 0.000000000000000000e+00 0.000000000000000000e+00 0.000000000000000000e+00 0.000000000000000000e+00
0.000000000000000000e+00 0.000000000000000000e+00 0.000000000000000000e+00 0.000000000000000000e+00 0.000000000000000000e+00
0.000000000000000000e+00 0.000000000000000000e+00 0.000000000000000000e+00 0.000000000000000000e+00 0.000000000000000000e+00
0.000000000000000000e+00 0.000000000000000000e+00 0.000000000000000000e+00 0.000000000000000000e+00 0.000000000000000000e+00
0.000000000000000000e+00 0.000000000000000000e+00 0.000000000000000000e+00 0.000000000000000000e+00 0.000000000000000000e+00
0.000000000000000000e+00 0.000000000000000000e+00 0.000000000000000000e+00 0.000000000000000000e+00 0.000000000000000000e+00
0.000000000000000000e+00 0.000000000000000000e+00 0.000000000000000000e+00 0.000000000000000000e+00 0.000000000000000000e+00
0.000000000000000000e+00 0.000000000000000000e+00 0.000000000000000000e+00 0.000000000000000000e+00 0.000000000000000000e+00
0.000000000000000000e+00 0.000000000000000000e+00 0.000000000000000000e+00 0.000000000000000000e+00 0.000000000000000000e+00
0.000000000000000000e+00 0.000000000000000000e+00 0.000000000000000000e+00 0.000000000000000000e+00 0.000000000000000000e+00
0.000000000000000000e+00 0.000000000000000000e+00 0.000000000000000000e+00 0.000000000000000000e+00 0.000000000000000000e+00
0.000000000000000000e+00 0.000000000000000000e+00 0.000000000000000000e+00 0.000000000000000000e+00 0.000000000000000000e+00
0.000000000000000000e+00 0.000000000000000000e+00 0.000000000000000000e+00 0.000000000000000000e+00 0.000000000000000000e+00
0.000000000000000000e+00 0.000000000000000000e+00 0.000000000000000000e+00 0.000000000000000000e+00 0.000000000000000000e+00
0.000000000000000000e+00 0.000000000000000000e+00 0.000000000000000000e+00 0.000000000000000000e+00 0.000000000000000000e+00
0.000000000000000000e+00 0.000000000000000000e+00 0.000000000000000000e+00 0.000000000000000000e+00 0.000000000000000000e+00
0.000000000000000000e+00 0.000000000000000000e+00 0.000000000000000000e+00 0.000000000000000000e+00 0.000000000000000000e+00
0.000000000000000000e+00 0.000000000000000000e+00 0.000000000000000000e+00 0.000000000000000000e+00 0.000000000000000000e+00
0.000000000000000000e+00 0.000000000000000000e+00 0.000000000000000000e+00 0.000000000000000000e+00 0.000000000000000000e+00
0.000000000000000000e+00 0.000000000000000000e+00 0.000000000000000000e+00 0.000000000000000000e+00 0.000000000000000000e+00
0.000000000000000000e+00 0.000000000000000000e+00 0.000000000000000000e+00 0.000000000000000000e+00 0.000000000000000000e+00
