24.525409698486328
0.000000000000000000e+00 0.000000000000000000e+00 0.000000000000000000e+00 0.000000000000000000e+00 0.000000000000000000e+00
0.000000000000000000e+00 0.000000000000000000e+00 0.000000000000000000e+00 0.000000000000000000e+00 0.000000000000000000e+00
0.000000000000000000e+00 0.000000000000000000e+00 0.000000000000000000e+00 0.000000000000000000e+00 0.000000000000000000e+00
0.000000000000000000e+00 0.000000000000000000e+00 0.000000000000000000e+00 0.000000000000000000e+00 0.000000000000000000e+00
0.000000000000000000e+00 0.000000000000000000e+00 0.000000000000000000e+00 0.000000000000000000e+00 0.000000000000000000e+00
0.000000000000000000e+00 0.000000000000000000e+00 0.000000000000000000e+00 0.000000000000000000e+00 0.000000000000000000e+00
0.000000000000000000e+00 0.000000000000000000e+00 0.000000000000000000e+00 0.000000000000000000e+00 0.000000000000000000e+00
0.000000000000000000e+00 0.000000000000000000e+00 0.000000000000000000e+00 0.000000000000000000e+00 0.000000000000000000e+00
0.000000000000000000e+00 0.000000000000000000e+00 0.000000000000000000e+00 0.000000000000000000e+00 0.000000000000000000e+00
0.000000000000000000e+00 0.000000000000000000e+00 0.000000000000000000e+00 0.000000000000000000e+00 0.000000000000000000e+00
0.000000000000000000e+00 0.000000000000000000e+00 0.000000000000000000e+00 0.000000000000000000e+00 0.000000000000000000e+00
0.000000000000000000e+00 0.000000000000000000e+00 0.000000000000000000e+00 0.000000000000000000e+00 0.000000000000000000e+00
0.000000000000000000e+00 0.000000000000000000e+00 0.000000000000000000e+00 0.000000000000000000e+00 0.000000000000000000e+00
0.000000000000000000e+00 0.000000000000000000e+00 0.000000000000000000e+00 0.000000000000000000e+00 0.000000000000000000e+00
0.000000000000000000e+00 0.000000000000000000e+00 0.000000000000000000e+00 0.000000000000000000e+00 0.000000000000000000e+00
0.000000000000000000e+00 0.000000000000000000e+00 0.000000000000000000e+00 0.000000000000000000e+00 0.000000000000000000e+00
0.000000000000000000e+00 0.000000000000000000e+00 0.000000000000000000e+00 0.000000000000000000e+00 0.000000000000000000e+00
0.000000000000000000e+00 0.000000000000000000e+00 0.000000000000000000e+00 0.000000000000000000e+00 0.000000000000000000e+00
0.000000000000000000e+00 0.000000000000000000e+00 0.000000000000000000e+00 0.000000000000000000e+00 0.000000000000000000e+00
0.000000000000000000e+00 0.000000000000000000e+00 0.000000000000000000e+00 0.000000000000000000e+00 0.000000000000000000e+00
0.000000000000000000e+00 0.000000000000000000e+00 0.000000000000000000e+00 0.000000000000000000e+00 0.000000000000000000e+00
0.000000000000000000e+00 0.000000000000000000e+00 0.000000000000000000e+00 0.000000000000000000e+00 0.000000000000000000e+00
0.000000000000000000e+00 0.000000000000000000e+00 0.000000000000000000e+00 0.000000000000000000e+00 0.000000000000000000e+00
0.000000000000000000e+00 0.000000000000000000e+00 0.000000000000000000e+00 0.000000000000000000e+00 0.000000000000000000e+00
0.000000000000000000e+00 0.000000000000000000e+00 0.000000000000000000e+00 0.000000000000000000e+00 0.000000000000000000e+00
0.000000000000000000e+00 0.000000000000000000e+00 0.000000000000000000e+00 0.000000000000000000e+00 0.000000000000000000e+00
0.000000000000000000e+00 0.000000000000000000e+00 0.000000000000000000e+00 0.000000000000000000e+00 0.000000000000000000e+00
0.000000000000000000e+00 0.000000000000000000e+00 0.000000000000000000e+00 0.000000000000000000e+00 0.000000000000000000e+00
0.000000000000000000e+00 0.000000000000000000e+00 0.000000000000000000e+00 0.000000000000000000e+00 0.000000000000000000e+00
0.000000000000000000e+00 0.000000000000000000e+00 0.000000000000000000e+00 0.000000000000000000e+00 0.000000000000000000e+00
0.000000000000000000e+00 0.000000000000000000e+00 0.000000000000000000e+00 0.000000000000000000e+00 0.000000000000000000e+00
0.000000000000000000e+00 0.000000000000000000e+00 0.000000000000000000e+00 0.000000000000000000e+00 0.000000000000000000e+00
0.000000000000000000e+00 0.000000000000000000e+00 0.000000000000000000e+00 0.000000000000000000e+00 0.000000000000000000e+00
0.000000000000000000e+00 0.000000000000000000e+00 0.000000000000000000e+00 0.000000000000000000e+00 0.000000000000000000e+00
0.000000000000000000e+00 0.000000000000000000e+00 0.000000000000000000e+00 0.000000000000000000e+00 0.000000000000000000e+00
0.000000000000000000e+00 0.000000000000000000e+00 0.000000000000000000e+00 0.000000000000000000e+00 0.000000000000000000e+00
0.000000000000000000e+00 0.000000000000000000e+00 0.000000000000000000e+00 0.000000000000000000e+00 0.000000000000000000e+00
0.000000000000000000e+00 0.000000000000000000e+00 0.000000000000000000e+00 0.000000000000000000e+00 0.000000000000000000e+00
0.000000000000000000e+00 0.000000000000000000e+00 0.000000000000000000e+00 0.000000000000000000e+00 0.000000000000000000e+00
0.000000000000000000e+00 0.000000000000000000e+00 0.000000000000000000e+00 0.000000000000000000e+00 0.000000000000000000e+00
0.000000000000000000e+00 0.000000000000000000e+00 0.000000000000000000e+00 0.000000000000000000e+00 0.000000000000000000e+00
0.000000000000000000e+00 0.000000000000000000e+00 0.000000000000000000e+00 0.000000000000000000e+00 0.000000000000000000e+00
0.000000000000000000e+00 0.000000000000000000e+00 0.000000000000000000e+00 0.000000000000000000e+00 0.000000000000000000e+00
0.000000000000000000e+00 0.000000000000000000e+00 0.000000000000000000e+00 0.000000000000000000e+00 0.000000000000000000e+00
0.000000000000000000e+00 0.000000000000000000e+00 0.000000000000000000e+00 0.000000000000000000e+00 0.000000000000000000e+00
0.000000000000000000e+00 0.000000000000000000e+00 0.000000000000000000e+00 0.000000000000000000e+00 0.000000000000000000e+00
0.000000000000000000e+00 0.000000000000000000e+00 0.000000000000000000e+00 0.000000000000000000e+00 0.000000000000000000e+00
0.000000000000000000e+00 0.000000000000000000e+00 0.000000000000000000e+00 0.000000000000000000e+00 0.000000000000000000e+00
0.000000000000000000e+00 0.000000000000000000e+00 0.000000000000000000e+00 0.000000000000000000e+00 0.000000000000000000e+00
0.000000000000000000e+00 0.000000000000000000e+00 0.000000000000000000e+00 0.000000000000000000e+00 0.000000000000000000e+00
0.000000000000000000e+00 0.000000000000000000e+00 0.000000000000000000e+00 0.000000000000000000e+00 0.000000000000000000e+00
0.000000000000000000e+00 0.000000000000000000e+00 0.000000000000000000e+00 0.000000000000000000e+00 0.000000000000000000e+00
0.000000000000000000e+00 0.000000000000000000e+00 0.000000000000000000e+00 0.000000000000000000e+00 0.000000000000000000e+00
0.000000000000000000e+00 0.000000000000000000e+00 0.000000000000000000e+00 0.000000000000000000e+00 0.000000000000000000e+00
0.000000000000000000e+00 0.000000000000000000e+00 0.000000000000000000e+00 0.000000000000000000e+00 0.000000000000000000e+00
0.000000000000000000e+00 0.000000000000000000e+00 0.000000000000000000e+00 0.000000000000000000e+00 0.000000000000000000e+00
0.000000000000000000e+00 0.000000000000000000e+00 0.000000000000000000e+00 0.000000000000000000e+00 0.000000000000000000e+00
0.000000000000000000e+00 0.000000000000000000e+00 0.000000000000000000e+00 0.000000000000000000e+00 0.000000000000000000e+00
0.000000000000000000e+00 0.000000000000000000e+00 0.000000000000000000e+00 0.000000000000000000e+00 0.000000000000000000e+00
0.000000000000000000e+00 0.000000000000000000e+00 0.000000000000000000e+00 0.000000000000000000e+00 0.000000000000000000e+00
0.000000000000000000e+00 0.000000000000000000e+00 0.000000000000000000e+00 0.000000000000000000e+00 0.000000000000000000e+00
0.000000000000000000e+00 0.000000000000000000e+00 0.000000000000000000e+00 0.000000000000000000e+00 0.000000000000000000e+00
0.000000000000000000e+00 0.000000000000000000e+00 0.000000000000000000e+00 0.000000000000000000e+00 0.000000000000000000e+00
0.000000000000000000e+00 0.000000000000000000e+00 0.000000000000000000e+00 0.000000000000000000e+00 0.000000000000000000e+00
0.000000000000000000e+00 0.000000000000000000e+00 0.000000000000000000e+00 0.000000000000000000e+00 0.000000000000000000e+00
0.000000000000000000e+00 0.000000000000000000e+00 0.000000000000000000e+00 0.000000000000000000e+00 0.000000000000000000e+00
0.000000000000000000e+00 0.000000000000000000e+00 0.000000000000000000e+00 0.000000000000000000e+00 0.000000000000000000e+00
0.000000000000000000e+00 0.000000000000000000e+00 0.000000000000000000e+00 0.000000000000000000e+00 0.000000000000000000e+00
0.000000000000000000e+00 0.000000000000000000e+00 0.000000000000000000e+00 0.000000000000000000e+00 0.000000000000000000e+00
0.000000000000000000e+00 0.000000000000000000e+00 0.000000000000000000e+00 0.000000000000000000e+00 0.000000000000000000e+00
0.000000000000000000e+00 0.000000000000000000e+00 0.000000000000000000e+00 0.000000000000000000e+00 0.000000000000000000e+00
0.000000000000000000e+00 0.000000000000000000e+00 0.000000000000000000e+00 0.000000000000000000e+00 0.000000000000000000e+00
0.000000000000000000e+00 0.000000000000000000e+00 0.000000000000000000e+00 0.000000000000000000e+00 0.000000000000000000e+00
0.000000000000000000e+00 0.000000000000000000e+00 0.000000000000000000e+00 0.000000000000000000e+00 0.000000000000000000e+00
0.000000000000000000e+00 0.000000000000000000e+00 0.000000000000000000e+00 0.000000000000000000e+00 0.000000000000000000e+00
0.000000000000000000e+00 0.000000000000000000e+00 0.000000000000000000e+00 0.000000000000000000e+00 0.000000000000000000e+00
0.000000000000000000e+00 0.000000000000000000e+00 0.000000000000000000e+00 0.000000000000000000e+00 0.000000000000000000e+00
0.000000000000000000e+00 0.000000000000000000e+00 0.000000000000000000e+00 0.000000000000000000e+00 0.000000000000000000e+00
0.000000000000000000e+00 0.000000000000000000e+00 0.000000000000000000e+00 0.000000000000000000e+00 0.000000000000000000e+00
0.000000000000000000e+00 0.000000000000000000e+00 0.000000000000000000e+00 0.000000000000000000e+00 0.000000000000000000e+00
0.000000000000000000e+00 0.000000000000000000e+00 0.000000000000000000e+00 0.000000000000000000e+00 0.000000000000000000e+00
0.000000000000000000e+00 0.000000000000000000e+00 0.000000000000000000e+00 0.000000000000000000e+00 0.000000000000000000e+00
0.000000000000000000e+00 0.000000000000000000e+00 0.000000000000000000e+00 0.000000000000000000e+00 0.000000000000000000e+00
0.000000000000000000e+00 0.000000000000000000e+00 0.000000000000000000e+00 0.000000000000000000e+00 0.000000000000000000e+00
0.000000000000000000e+00 0.000000000000000000e+00 0.000000000000000000e+00 0.000000000000000000e+00 0.000000000000000000e+00
0.000000000000000000e+00 0.000000000000000000e+00 0.000000000000000000e+00 0.000000000000000000e+00 0.000000000000000000e+00
0.000000000000000000e+00 0.000000000000000000e+00 0.000000000000000000e+00 0.000000000000000000e+00 0.000000000000000000e+00
0.000000000000000000e+00 0.000000000000000000e+00 0.000000000000000000e+00 0.000000000000000000e+00 0.000000000000000000e+00
0.000000000000000000e+00 0.000000000000000000e+00 0.000000000000000000e+00 0.000000000000000000e+00 0.000000000000000000e+00
0.000000000000000000e+00 0.000000000000000000e+00 0.000000000000000000e+00 0.000000000000000000e+00 0.000000000000000000e+00
0.000000000000000000e+00 0.000000000000000000e+00 0.000000000000000000e+00 0.000000000000000000e+00 0.000000000000000000e+00
0.000000000000000000e+00 0.000000000000000000e+00 0.000000000000000000e+00 0.000000000000000000e+00 0.000000000000000000e+00
0.000000000000000000e+00 0.000000000000000000e+00 0.000000000000000000e+00 0.000000000000000000e+00 0.000000000000000000e+00
0.000000000000000000e+00 0.000000000000000000e+00 0.000000000000000000e+00 0.000000000000000000e+00 0.000000000000000000e+00
0.000000000000000000e+00 0.000000000000000000e+00 0.000000000000000000e+00 0.000000000000000000e+00 0.000000000000000000e+00
0.000000000000000000e+00 0.000000000000000000e+00 0.000000000000000000e+00 0.000000000000000000e+00 0.000000000000000000e+00
0.000000000000000000e+00 0.000000000000000000e+00 0.000000000000000000e+00 0.000000000000000000e+00 0.000000000000000000e+00
1.666351819589960946e-03 0.000000000000000000e+00 0.000000000000000000e+00 1.795535978421086297e-04 1.408228813434113987e-03
4.973018711588788818e-03 0.000000000000000000e+00 0.000000000000000000e+00 5.358552685600431395e-04 4.202682865092433571e-03
0.000000000000000000e+00 7.127623036098493150e-04 0.000000000000000000e+00 2.599081173759793060e-03 3.479638236316347916e-02
0.000000000000000000e+00 1.081108501992531206e-03 0.000000000000000000e+00 6.122212041877167672e-03 5.459877914252207060e-02
0.000000000000000000e+00 0.000000000000000000e+00 0.000000000000000000e+00 6.364378284325722217e-03 3.245122904527903557e-02
0.000000000000000000e+00 0.000000000000000000e+00 7.252251605618839072e-04 5.954965830575647320e-04 3.183466795883208109e-03
0.000000000000000000e+00 0.000000000000000000e+00 0.000000000000000000e+00 0.000000000000000000e+00 0.000000000000000000e+00
0.000000000000000000e+00 0.000000000000000000e+00 0.000000000000000000e+00 0.000000000000000000e+00 0.000000000000000000e+00
0.000000000000000000e+00 0.000000000000000000e+00 0.000000000000000000e+00 0.000000000000000000e+00 0.000000000000000000e+00
0.000000000000000000e+00 0.000000000000000000e+00 0.000000000000000000e+00 0.000000000000000000e+00 0.000000000000000000e+00
0.000000000000000000e+00 0.000000000000000000e+00 0.000000000000000000e+00 0.000000000000000000e+00 0.000000000000000000e+00
0.000000000000000000e+00 0.000000000000000000e+00 0.000000000000000000e+00 0.000000000000000000e+00 0.000000000000000000e+00
0.000000000000000000e+00 0.000000000000000000e+00 0.000000000000000000e+00 0.000000000000000000e+00 0.000000000000000000e+00
0.000000000000000000e+00 0.000000000000000000e+00 0.000000000000000000e+00 0.000000000000000000e+00 0.000000000000000000e+00
0.000000000000000000e+00 0.000000000000000000e+00 0.000000000000000000e+00 0.000000000000000000e+00 0.000000000000000000e+00
0.000000000000000000e+00 0.000000000000000000e+00 0.000000000000000000e+00 0.000000000000000000e+00 0.000000000000000000e+00
0.000000000000000000e+00 0.000000000000000000e+00 0.000000000000000000e+00 0.000000000000000000e+00 0.000000000000000000e+00
0.000000000000000000e+00 0.000000000000000000e+00 0.000000000000000000e+00 0.000000000000000000e+00 0.000000000000000000e+00
0.000000000000000000e+00 0.000000000000000000e+00 0.000000000000000000e+00 0.000000000000000000e+00 0.000000000000000000e+00
0.000000000000000000e+00 0.000000000000000000e+00 0.000000000000000000e+00 0.000000000000000000e+00 0.000000000000000000e+00
0.000000000000000000e+00 0.000000000000000000e+00 0.000000000000000000e+00 0.000000000000000000e+00 0.000000000000000000e+00
0.000000000000000000e+00 0.000000000000000000e+00 0.000000000000000000e+00 0.000000000000000000e+00 0.000000000000000000e+00
9.352778721578486917e-05 0.000000000000000000e+00 0.000000000000000000e+00 0.000000000000000000e+00 1.894918903949870462e-02
2.783827078305117927e-04 0.000000000000000000e+00 0.000000000000000000e+00 0.000000000000000000e+00 5.640170384697851952e-02
1.452431519115716246e-04 0.000000000000000000e+00 0.000000000000000000e+00 0.000000000000000000e+00 2.942697592016270056e-02
9.902942175788889088e-06 0.000000000000000000e+00 0.000000000000000000e+00 0.000000000000000000e+00 2.006384721829276418e-03
1.595079606607319525e-02 0.000000000000000000e+00 2.328770714738175192e-04 0.000000000000000000e+00 1.442148596834539557e-03
7.805537672849639785e-02 0.000000000000000000e+00 1.644432366581402094e-03 0.000000000000000000e+00 5.452594460460881073e-03
9.336398058292320890e-02 0.000000000000000000e+00 0.000000000000000000e+00 0.000000000000000000e+00 2.685673267541178848e-03
6.885640627879829889e-02 1.832391653650359805e-03 0.000000000000000000e+00 3.743716340559186811e-02 0.000000000000000000e+00
5.419802440361166408e-03 5.615663913392495224e-04 0.000000000000000000e+00 7.859537904743114922e-02 2.016213104431485367e-02
0.000000000000000000e+00 0.000000000000000000e+00 1.156907346789465794e-02 7.260746564853121088e-02 6.084640957523204663e-02
0.000000000000000000e+00 0.000000000000000000e+00 6.442642260530530296e-02 2.875716459114335821e-02 7.944779140280117113e-02
0.000000000000000000e+00 0.000000000000000000e+00 8.234662502898804082e-02 0.000000000000000000e+00 2.663409231764547747e-02
1.148485713132136980e-03 1.938961687590433271e-03 4.575111543789873308e-02 0.000000000000000000e+00 3.040046451147315407e-02
1.375242867831165698e-03 2.468254022064758288e-02 1.297487091388364704e-02 0.000000000000000000e+00 0.000000000000000000e+00
0.000000000000000000e+00 5.919509605512133371e-02 0.000000000000000000e+00 5.340447040497633795e-04 0.000000000000000000e+00
0.000000000000000000e+00 4.133141536960745904e-02 0.000000000000000000e+00 4.076436708116164460e-04 0.000000000000000000e+00
0.000000000000000000e+00 1.361045650444236846e-03 0.000000000000000000e+00 0.000000000000000000e+00 0.000000000000000000e+00
0.000000000000000000e+00 0.000000000000000000e+00 0.000000000000000000e+00 0.000000000000000000e+00 0.000000000000000000e+00
0.000000000000000000e+00 0.000000000000000000e+00 0.000000000000000000e+00 0.000000000000000000e+00 0.000000000000000000e+00
0.000000000000000000e+00 0.000000000000000000e+00 0.000000000000000000e+00 0.000000000000000000e+00 0.000000000000000000e+00
0.000000000000000000e+00 0.000000000000000000e+00 0.000000000000000000e+00 0.000000000000000000e+00 0.000000000000000000e+00
0.000000000000000000e+00 0.000000000000000000e+00 0.000000000000000000e+00 0.000000000000000000e+00 0.000000000000000000e+00
0.000000000000000000e+00 0.000000000000000000e+00 0.000000000000000000e+00 0.000000000000000000e+00 0.000000000000000000e+00
0.000000000000000000e+00 0.000000000000000000e+00 0.000000000000000000e+00 0.000000000000000000e+00 0.000000000000000000e+00
0.000000000000000000e+00 0.000000000000000000e+00 0.000000000000000000e+00 0.000000000000000000e+00 0.000000000000000000e+00
0.000000000000000000e+00 0.000000000000000000e+00 0.000000000000000000e+00 0.000000000000000000e+00 0.000000000000000000e+00
0.000000000000000000e+00 0.000000000000000000e+00 0.000000000000000000e+00 0.000000000000000000e+00 0.000000000000000000e+00
9.022680649052124320e-05 0.000000000000000000e+00 0.000000000000000000e+00 0.000000000000000000e+00 1.828039413222229403e-02
2.651787849294600535e-04 0.000000000000000000e+00 0.000000000000000000e+00 0.000000000000000000e+00 5.372652421787281474e-02
2.761820540136696554e-04 0.000000000000000000e+00 0.000000000000000000e+00 0.000000000000000000e+00 5.595584057546092865e-02
2.761820540136696554e-04 0.000000000000000000e+00 0.000000000000000000e+00 0.000000000000000000e+00 5.595584057546092865e-02
4.247950455856566157e-04 0.000000000000000000e+00 0.000000000000000000e+00 0.000000000000000000e+00 2.763645983208888601e-02
2.475010068645015424e-02 0.000000000000000000e+00 8.067008436026228005e-04 0.000000000000000000e+00 9.207827585866470380e-04
1.126699355932057195e-01 0.000000000000000000e+00 2.930172380089007562e-03 0.000000000000000000e+00 0.000000000000000000e+00
1.461845087743385008e-01 0.000000000000000000e+00 0.000000000000000000e+00 4.238160918228988869e-03 0.000000000000000000e+00
9.991558217544740939e-02 4.143976603173451026e-03 0.000000000000000000e+00 6.592940406274733212e-02 0.000000000000000000e+00
8.259410217612827079e-03 4.392727215387875854e-03 0.000000000000000000e+00 1.427809720005430993e-01 1.413193809439874070e-02
0.000000000000000000e+00 0.000000000000000000e+00 3.314197918359620271e-02 1.272540012679984067e-01 6.052717566472445160e-02
0.000000000000000000e+00 0.000000000000000000e+00 1.094523578631636518e-01 4.810329272451040888e-02 1.213764417198239798e-01
0.000000000000000000e+00 0.000000000000000000e+00 1.330672508869460147e-01 0.000000000000000000e+00 4.592845023050801112e-02
3.663325973603871830e-03 5.833237189905960546e-02 9.787924409766826650e-02 0.000000000000000000e+00 3.170525324146227647e-02
2.253255425188185456e-03 1.330627784129813640e-01 2.530608547766382763e-02 0.000000000000000000e+00 0.000000000000000000e+00
0.000000000000000000e+00 1.178991730438547075e-01 0.000000000000000000e+00 0.000000000000000000e+00 0.000000000000000000e+00
0.000000000000000000e+00 7.197577073685364202e-02 0.000000000000000000e+00 2.550815772055006845e-03 0.000000000000000000e+00
0.000000000000000000e+00 2.328194111360177079e-02 0.000000000000000000e+00 1.878330643362243141e-03 0.000000000000000000e+00
0.000000000000000000e+00 3.308311540550963343e-03 0.000000000000000000e+00 3.084371760563464236e-04 0.000000000000000000e+00
0.000000000000000000e+00 0.000000000000000000e+00 0.000000000000000000e+00 0.000000000000000000e+00 0.000000000000000000e+00
2.778495307961769659e-04 8.610697896881459347e-04 6.109621465427614827e-04 0.000000000000000000e+00 0.000000000000000000e+00
0.000000000000000000e+00 0.000000000000000000e+00 0.000000000000000000e+00 0.000000000000000000e+00 0.000000000000000000e+00
0.000000000000000000e+00 0.000000000000000000e+00 0.000000000000000000e+00 0.000000000000000000e+00 0.000000000000000000e+00
0.000000000000000000e+00 0.000000000000000000e+00 0.000000000000000000e+00 0.000000000000000000e+00 0.000000000000000000e+00
0.000000000000000000e+00 0.000000000000000000e+00 0.000000000000000000e+00 0.000000000000000000e+00 0.000000000000000000e+00
0.000000000000000000e+00 0.000000000000000000e+00 0.000000000000000000e+00 0.000000000000000000e+00 0.000000000000000000e+00
0.000000000000000000e+00 0.000000000000000000e+00 0.000000000000000000e+00 0.000000000000000000e+00 0.000000000000000000e+00
0.000000000000000000e+00 0.000000000000000000e+00 0.000000000000000000e+00 0.000000000000000000e+00 0.000000000000000000e+00
1.925572089736742683e-04 0.000000000000000000e+00 0.000000000000000000e+00 0.000000000000000000e+00 3.901303625779147660e-02
2.761820540136696554e-04 0.000000000000000000e+00 0.000000000000000000e+00 0.000000000000000000e+00 5.595584057546092865e-02
2.761820540136696554e-04 0.000000000000000000e+00 0.000000000000000000e+00 0.000000000000000000e+00 5.595584057546092865e-02
2.761820540136696554e-04 0.000000000000000000e+00 0.000000000000000000e+00 0.000000000000000000e+00 5.595584057546092865e-02
2.170262636782945443e-03 0.000000000000000000e+00 0.000000000000000000e+00 0.000000000000000000e+00 5.622451175123131806e-02
3.317761970201193317e-02 0.000000000000000000e+00 0.000000000000000000e+00 0.000000000000000000e+00 3.101639539999734990e-02
1.177315508116386494e-01 0.000000000000000000e+00 1.449724562525793632e-03 0.000000000000000000e+00 0.000000000000000000e+00
1.662524537431641358e-01 0.000000000000000000e+00 0.000000000000000000e+00 0.000000000000000000e+00 0.000000000000000000e+00
1.207381716003306238e-01 5.203260185770297065e-03 0.000000000000000000e+00 9.296178960754981901e-02 0.000000000000000000e+00
1.163556909200002924e-02 4.158518743791016561e-03 0.000000000000000000e+00 1.608431832313384491e-01 3.996079557392100134e-02
0.000000000000000000e+00 0.000000000000000000e+00 6.954365958654776247e-02 1.352738512257935510e-01 8.752566696194638562e-02
0.000000000000000000e+00 0.000000000000000000e+00 1.351513339769280508e-01 4.930016838799013146e-02 1.009175900045351237e-01
0.000000000000000000e+00 1.753481585904092740e-02 1.421848631006214780e-01 0.000000000000000000e+00 5.532841691453897065e-02
3.927562726952397477e-03 1.110721281448759229e-01 9.274570984264587925e-02 0.000000000000000000e+00 2.860701679068751099e-02
1.703074747541923496e-03 1.521726733219777583e-01 2.328402169369528721e-02 0.000000000000000000e+00 0.000000000000000000e+00
0.000000000000000000e+00 1.280312318072270028e-01 0.000000000000000000e+00 1.408538323595023388e-05 0.000000000000000000e+00
0.000000000000000000e+00 5.280548451255649006e-02 0.000000000000000000e+00 1.974091425408019441e-03 0.000000000000000000e+00
0.000000000000000000e+00 1.926638978617077613e-02 0.000000000000000000e+00 1.724823469582627018e-03 0.000000000000000000e+00
0.000000000000000000e+00 2.205541027033976285e-03 0.000000000000000000e+00 2.056247840375642101e-04 0.000000000000000000e+00
0.000000000000000000e+00 0.000000000000000000e+00 0.000000000000000000e+00 0.000000000000000000e+00 0.000000000000000000e+00
0.000000000000000000e+00 0.000000000000000000e+00 0.000000000000000000e+00 0.000000000000000000e+00 0.000000000000000000e+00
0.000000000000000000e+00 0.000000000000000000e+00 0.000000000000000000e+00 0.000000000000000000e+00 0.000000000000000000e+00
0.000000000000000000e+00 0.000000000000000000e+00 0.000000000000000000e+00 0.000000000000000000e+00 0.000000000000000000e+00
0.000000000000000000e+00 0.000000000000000000e+00 0.000000000000000000e+00 0.000000000000000000e+00 0.000000000000000000e+00
0.000000000000000000e+00 0.000000000000000000e+00 0.000000000000000000e+00 0.000000000000000000e+00 0.000000000000000000e+00
0.000000000000000000e+00 0.000000000000000000e+00 0.000000000000000000e+00 0.000000000000000000e+00 0.000000000000000000e+00
0.000000000000000000e+00 0.000000000000000000e+00 0.000000000000000000e+00 0.000000000000000000e+00 0.000000000000000000e+00
0.000000000000000000e+00 0.000000000000000000e+00 0.000000000000000000e+00 0.000000000000000000e+00 0.000000000000000000e+00
1.430424980947299075e-05 0.000000000000000000e+00 0.000000000000000000e+00 0.000000000000000000e+00 2.898111264864508888e-03
2.244666893178830355e-04 0.000000000000000000e+00 0.000000000000000000e+00 0.000000000000000000e+00 4.547805369479691190e-02
2.761820540136696554e-04 0.000000000000000000e+00 0.000000000000000000e+00 0.000000000000000000e+00 5.595584057546092865e-02
2.176864598233466813e-03 0.000000000000000000e+00 0.000000000000000000e+00 0.000000000000000000e+00 5.756210156578422249e-02
6.420854388751649940e-03 0.000000000000000000e+00 0.000000000000000000e+00 0.000000000000000000e+00 6.114868432499922374e-02
3.113455142560164757e-02 0.000000000000000000e+00 0.000000000000000000e+00 0.000000000000000000e+00 5.999821265737949327e-02
1.231737535595612137e-01 0.000000000000000000e+00 1.068801893992761412e-03 0.000000000000000000e+00 2.326757815544847063e-02
1.654142204232933178e-01 0.000000000000000000e+00 0.000000000000000000e+00 6.814973720970832725e-03 5.806507494076359500e-03
1.193217415269792331e-01 8.679745053928093756e-03 0.000000000000000000e+00 1.053809935714771079e-01 2.594166352014820251e-02
1.259349444144414534e-02 0.000000000000000000e+00 1.683992556536327220e-02 1.674259177670154308e-01 3.176552747334632221e-02
0.000000000000000000e+00 0.000000000000000000e+00 1.057100919719486803e-01 1.272162012960839084e-01 7.205849384228743548e-02
0.000000000000000000e+00 0.000000000000000000e+00 1.526779716006061993e-01 3.290765877130270162e-02 4.472341843527627425e-02
0.000000000000000000e+00 6.661774560105203358e-02 1.317436065695749003e-01 0.000000000000000000e+00 5.538155137670915107e-02
9.138843979945538787e-04 1.457251523228388079e-01 7.183936802460130777e-02 0.000000000000000000e+00 3.282625841135099198e-02
0.000000000000000000e+00 1.650514255093432914e-01 3.007843426045745620e-03 0.000000000000000000e+00 2.207116140048699660e-02
0.000000000000000000e+00 1.119540665027332627e-01 0.000000000000000000e+00 2.910005149869521971e-03 3.226870832777348208e-02
0.000000000000000000e+00 3.536847854627079429e-02 0.000000000000000000e+00 2.225600821084020107e-03 9.850842317968490358e-03
0.000000000000000000e+00 1.047890420426617931e-02 0.000000000000000000e+00 9.468572216100836414e-04 0.000000000000000000e+00
0.000000000000000000e+00 0.000000000000000000e+00 0.000000000000000000e+00 0.000000000000000000e+00 0.000000000000000000e+00
0.000000000000000000e+00 0.000000000000000000e+00 0.000000000000000000e+00 0.000000000000000000e+00 0.000000000000000000e+00
0.000000000000000000e+00 0.000000000000000000e+00 0.000000000000000000e+00 0.000000000000000000e+00 0.000000000000000000e+00
0.000000000000000000e+00 0.000000000000000000e+00 0.000000000000000000e+00 0.000000000000000000e+00 0.000000000000000000e+00
0.000000000000000000e+00 0.000000000000000000e+00 0.000000000000000000e+00 0.000000000000000000e+00 0.000000000000000000e+00
0.000000000000000000e+00 0.000000000000000000e+00 0.000000000000000000e+00 0.000000000000000000e+00 0.000000000000000000e+00
0.000000000000000000e+00 0.000000000000000000e+00 0.000000000000000000e+00 0.000000000000000000e+00 0.000000000000000000e+00
0.000000000000000000e+00 0.000000000000000000e+00 0.000000000000000000e+00 0.000000000000000000e+00 0.000000000000000000e+00
0.000000000000000000e+00 0.000000000000000000e+00 0.000000000000000000e+00 0.000000000000000000e+00 0.000000000000000000e+00
0.000000000000000000e+00 0.000000000000000000e+00 0.000000000000000000e+00 0.000000000000000000e+00 0.000000000000000000e+00
0.000000000000000000e+00 0.000000000000000000e+00 0.000000000000000000e+00 0.000000000000000000e+00 0.000000000000000000e+00
4.291274942841904680e-05 0.000000000000000000e+00 0.000000000000000000e+00 0.000000000000000000e+00 8.694333794593524928e-03
2.761820540136696554e-04 0.000000000000000000e+00 0.000000000000000000e+00 0.000000000000000000e+00 5.595584057546092865e-02
5.014870040972620527e-03 0.000000000000000000e+00 0.000000000000000000e+00 0.000000000000000000e+00 5.996049126366420623e-02
6.814722325655879487e-03 0.000000000000000000e+00 0.000000000000000000e+00 0.000000000000000000e+00 6.199667983926520493e-02
2.525836526661630332e-02 0.000000000000000000e+00 0.000000000000000000e+00 0.000000000000000000e+00 7.996231726263927642e-02
1.138092474949640026e-01 0.000000000000000000e+00 0.000000000000000000e+00 0.000000000000000000e+00 7.385469593505304686e-02
1.617711956911812576e-01 2.090017453483881255e-04 0.000000000000000000e+00 1.105379070191205709e-02 5.813649359318100174e-02
1.235315585757471718e-01 7.371754888788520756e-04 0.000000000000000000e+00 1.226394394967844081e-01 3.041795677938850459e-02
2.404356952506267811e-02 0.000000000000000000e+00 5.291943993433718268e-02 1.705368013976128472e-01 1.683731595978420204e-02
0.000000000000000000e+00 0.000000000000000000e+00 1.342441221646225036e-01 1.120480100974817761e-01 4.097971994104392113e-02
0.000000000000000000e+00 4.618888687604547072e-02 1.516675792131928491e-01 1.289261241632151146e-02 4.570557900805327645e-02
0.000000000000000000e+00 1.241292679579347469e-01 1.068826629315962201e-01 0.000000000000000000e+00 5.948599700655299999e-02
0.000000000000000000e+00 1.667052326089204228e-01 2.904935688407203620e-02 0.000000000000000000e+00 3.258781411724406829e-02
0.000000000000000000e+00 1.246224188655625648e-01 0.000000000000000000e+00 1.244631853509162384e-03 3.049686015272746326e-02
0.000000000000000000e+00 5.092522519666341230e-02 0.000000000000000000e+00 2.668726976467247942e-03 2.722712366688660734e-02
0.000000000000000000e+00 1.385307187329178416e-02 0.000000000000000000e+00 1.124874164929522613e-03 1.576018629805672408e-02
0.000000000000000000e+00 0.000000000000000000e+00 0.000000000000000000e+00 0.000000000000000000e+00 0.000000000000000000e+00
0.000000000000000000e+00 0.000000000000000000e+00 0.000000000000000000e+00 0.000000000000000000e+00 0.000000000000000000e+00
0.000000000000000000e+00 0.000000000000000000e+00 0.000000000000000000e+00 0.000000000000000000e+00 0.000000000000000000e+00
0.000000000000000000e+00 0.000000000000000000e+00 0.000000000000000000e+00 0.000000000000000000e+00 0.000000000000000000e+00
0.000000000000000000e+00 0.000000000000000000e+00 0.000000000000000000e+00 0.000000000000000000e+00 0.000000000000000000e+00
0.000000000000000000e+00 0.000000000000000000e+00 0.000000000000000000e+00 0.000000000000000000e+00 0.000000000000000000e+00
0.000000000000000000e+00 0.000000000000000000e+00 0.000000000000000000e+00 0.000000000000000000e+00 0.000000000000000000e+00
0.000000000000000000e+00 0.000000000000000000e+00 0.000000000000000000e+00 0.000000000000000000e+00 0.000000000000000000e+00
0.000000000000000000e+00 0.000000000000000000e+00 0.000000000000000000e+00 0.000000000000000000e+00 0.000000000000000000e+00
0.000000000000000000e+00 0.000000000000000000e+00 0.000000000000000000e+00 0.000000000000000000e+00 0.000000000000000000e+00
0.000000000000000000e+00 0.000000000000000000e+00 0.000000000000000000e+00 0.000000000000000000e+00 0.000000000000000000e+00
0.000000000000000000e+00 0.000000000000000000e+00 0.000000000000000000e+00 0.000000000000000000e+00 0.000000000000000000e+00
1.650490362631478239e-05 0.000000000000000000e+00 0.000000000000000000e+00 0.000000000000000000e+00 3.343974536382127941e-03
1.705506708052553896e-04 0.000000000000000000e+00 0.000000000000000000e+00 0.000000000000000000e+00 3.455440354261529734e-02
3.199759673874346885e-03 3.439327198419642341e-05 0.000000000000000000e+00 0.000000000000000000e+00 6.632534396075404071e-02
3.255478467927908678e-03 4.722404246995881572e-03 0.000000000000000000e+00 0.000000000000000000e+00 9.659391554518795275e-02
1.789154147062992431e-02 3.751197067932106940e-03 0.000000000000000000e+00 0.000000000000000000e+00 1.031910978485306579e-01
1.001738222460305250e-01 0.000000000000000000e+00 0.000000000000000000e+00 0.000000000000000000e+00 1.276100566551330029e-01
1.656411964879804799e-01 0.000000000000000000e+00 0.000000000000000000e+00 1.275732341655673799e-02 1.001408716509620822e-01
1.335721238505467034e-01 0.000000000000000000e+00 9.210235171986302580e-03 1.316046688838527212e-01 0.000000000000000000e+00
3.497709892888035271e-02 0.000000000000000000e+00 8.989576483313821420e-02 1.618467493601490337e-01 0.000000000000000000e+00
0.000000000000000000e+00 2.762400018291688575e-02 1.469677591507048686e-01 9.692088886919478230e-02 2.928064217545599951e-02
0.000000000000000000e+00 9.698182368134575237e-02 1.324576985103921301e-01 0.000000000000000000e+00 6.204455952076750463e-02
0.000000000000000000e+00 1.536877889041235457e-01 7.240278185163871727e-02 0.000000000000000000e+00 5.995876925034184651e-02
0.000000000000000000e+00 1.463888991152796915e-01 3.620053291195203179e-03 0.000000000000000000e+00 3.293196629794571673e-02
0.000000000000000000e+00 7.668999234524269404e-02 0.000000000000000000e+00 4.495654981009336235e-03 2.071199032225065281e-02
0.000000000000000000e+00 7.641960100897494945e-03 0.000000000000000000e+00 6.806021098630753293e-04 8.580892088914250215e-04
0.000000000000000000e+00 3.150772895762822567e-04 0.000000000000000000e+00 2.937496914822347214e-05 0.000000000000000000e+00
0.000000000000000000e+00 0.000000000000000000e+00 0.000000000000000000e+00 0.000000000000000000e+00 0.000000000000000000e+00
0.000000000000000000e+00 0.000000000000000000e+00 0.000000000000000000e+00 0.000000000000000000e+00 0.000000000000000000e+00
0.000000000000000000e+00 0.000000000000000000e+00 0.000000000000000000e+00 0.000000000000000000e+00 0.000000000000000000e+00
0.000000000000000000e+00 0.000000000000000000e+00 0.000000000000000000e+00 0.000000000000000000e+00 0.000000000000000000e+00
0.000000000000000000e+00 0.000000000000000000e+00 0.000000000000000000e+00 0.000000000000000000e+00 0.000000000000000000e+00
0.000000000000000000e+00 0.000000000000000000e+00 0.000000000000000000e+00 0.000000000000000000e+00 0.000000000000000000e+00
0.000000000000000000e+00 0.000000000000000000e+00 0.000000000000000000e+00 0.000000000000000000e+00 0.000000000000000000e+00
0.000000000000000000e+00 0.000000000000000000e+00 0.000000000000000000e+00 0.000000000000000000e+00 0.000000000000000000e+00
0.000000000000000000e+00 0.000000000000000000e+00 0.000000000000000000e+00 0.000000000000000000e+00 0.000000000000000000e+00
0.000000000000000000e+00 0.000000000000000000e+00 0.000000000000000000e+00 0.000000000000000000e+00 0.000000000000000000e+00
0.000000000000000000e+00 0.000000000000000000e+00 0.000000000000000000e+00 0.000000000000000000e+00 0.000000000000000000e+00
0.000000000000000000e+00 0.000000000000000000e+00 0.000000000000000000e+00 0.000000000000000000e+00 0.000000000000000000e+00
0.000000000000000000e+00 5.755246554437079494e-05 0.000000000000000000e+00 4.533898357919723392e-06 3.159564904650477481e-04
0.000000000000000000e+00 4.123837015458187670e-03 0.000000000000000000e+00 0.000000000000000000e+00 2.625082009509810410e-02
0.000000000000000000e+00 6.596340903805872173e-03 0.000000000000000000e+00 0.000000000000000000e+00 7.437690380868802742e-02
0.000000000000000000e+00 6.382661154237631758e-03 0.000000000000000000e+00 0.000000000000000000e+00 9.620564866480224575e-02
1.425527518860349348e-02 2.439137052973224841e-03 0.000000000000000000e+00 0.000000000000000000e+00 1.127386914626179459e-01
8.992633874596413224e-02 0.000000000000000000e+00 0.000000000000000000e+00 0.000000000000000000e+00 1.312706749766548442e-01
1.623597843658489692e-01 0.000000000000000000e+00 0.000000000000000000e+00 2.396306435314066521e-02 8.347398781125273115e-02
1.348586480010000865e-01 0.000000000000000000e+00 4.915927343947323197e-02 1.399333360498898338e-01 5.639859473680933558e-03
4.721533663542498011e-02 2.602316386918170424e-02 1.209926254724712352e-01 1.478894306416199678e-01 0.000000000000000000e+00
0.000000000000000000e+00 7.886933500840719036e-02 1.403994058429554048e-01 8.531124537159202881e-02 3.830033261232346220e-02
0.000000000000000000e+00 1.429532605483625207e-01 1.041140286210082144e-01 0.000000000000000000e+00 8.099799441750771267e-02
0.000000000000000000e+00 1.528063532083554776e-01 3.397968929054404758e-02 0.000000000000000000e+00 5.444445071446183532e-02
0.000000000000000000e+00 8.812424253401975049e-02 0.000000000000000000e+00 3.446353299376966883e-03 2.994602052574885445e-02
0.000000000000000000e+00 1.965059120043707516e-02 0.000000000000000000e+00 1.639908218492474364e-03 2.545790484156761481e-04
0.000000000000000000e+00 0.000000000000000000e+00 0.000000000000000000e+00 0.000000000000000000e+00 0.000000000000000000e+00
0.000000000000000000e+00 0.000000000000000000e+00 0.000000000000000000e+00 0.000000000000000000e+00 0.000000000000000000e+00
0.000000000000000000e+00 0.000000000000000000e+00 0.000000000000000000e+00 0.000000000000000000e+00 0.000000000000000000e+00
0.000000000000000000e+00 0.000000000000000000e+00 0.000000000000000000e+00 0.000000000000000000e+00 0.000000000000000000e+00
0.000000000000000000e+00 0.000000000000000000e+00 0.000000000000000000e+00 0.000000000000000000e+00 0.000000000000000000e+00
0.000000000000000000e+00 0.000000000000000000e+00 0.000000000000000000e+00 0.000000000000000000e+00 0.000000000000000000e+00
0.000000000000000000e+00 0.000000000000000000e+00 0.000000000000000000e+00 0.000000000000000000e+00 0.000000000000000000e+00
0.000000000000000000e+00 0.000000000000000000e+00 0.000000000000000000e+00 0.000000000000000000e+00 0.000000000000000000e+00
0.000000000000000000e+00 0.000000000000000000e+00 0.000000000000000000e+00 0.000000000000000000e+00 0.000000000000000000e+00
0.000000000000000000e+00 0.000000000000000000e+00 0.000000000000000000e+00 0.000000000000000000e+00 0.000000000000000000e+00
0.000000000000000000e+00 0.000000000000000000e+00 0.000000000000000000e+00 0.000000000000000000e+00 0.000000000000000000e+00
0.000000000000000000e+00 0.000000000000000000e+00 0.000000000000000000e+00 0.000000000000000000e+00 0.000000000000000000e+00
0.000000000000000000e+00 0.000000000000000000e+00 0.000000000000000000e+00 0.000000000000000000e+00 0.000000000000000000e+00
0.000000000000000000e+00 2.435834808449157936e-04 0.000000000000000000e+00 7.880933538184849727e-05 2.980928844278643401e-03
0.000000000000000000e+00 4.492497433236063153e-03 0.000000000000000000e+00 6.470449132849916260e-04 3.274474256349400175e-02
0.000000000000000000e+00 7.888392811864819443e-03 0.000000000000000000e+00 1.108334153971864871e-03 5.672979250094301734e-02
0.000000000000000000e+00 8.201649683800285584e-03 0.000000000000000000e+00 1.396334565332593182e-03 6.570913806451181283e-02
0.000000000000000000e+00 5.626500526369423300e-03 0.000000000000000000e+00 0.000000000000000000e+00 1.148745726015957258e-01
1.047719446589216556e-02 0.000000000000000000e+00 0.000000000000000000e+00 0.000000000000000000e+00 1.143834734229365463e-01
7.263981929292774586e-02 0.000000000000000000e+00 0.000000000000000000e+00 0.000000000000000000e+00 1.115151685765152084e-01
1.625327523774077743e-01 0.000000000000000000e+00 2.239920917623660149e-02 4.297868637073215536e-02 3.168456444091869578e-02
1.435905765098026698e-01 0.000000000000000000e+00 8.879900884644399695e-02 1.403714012481411810e-01 0.000000000000000000e+00
4.905306305482640822e-02 6.633265094440728149e-02 1.303304272980274348e-01 1.374795062076013819e-01 1.842347501005261665e-02
0.000000000000000000e+00 1.215214902693869531e-01 1.227652666862318193e-01 5.749376947044356617e-02 8.401730583826388932e-02
0.000000000000000000e+00 1.509262858761231951e-01 7.672199909061332146e-02 0.000000000000000000e+00 9.158694409269280134e-02
0.000000000000000000e+00 1.025645369372398946e-01 5.011722273308781561e-03 0.000000000000000000e+00 5.651441783821468251e-02
0.000000000000000000e+00 3.310619146481610930e-02 0.000000000000000000e+00 2.353086641452044152e-03 1.208387775228423645e-02
0.000000000000000000e+00 0.000000000000000000e+00 0.000000000000000000e+00 0.000000000000000000e+00 0.000000000000000000e+00
0.000000000000000000e+00 0.000000000000000000e+00 0.000000000000000000e+00 0.000000000000000000e+00 0.000000000000000000e+00
0.000000000000000000e+00 0.000000000000000000e+00 0.000000000000000000e+00 0.000000000000000000e+00 0.000000000000000000e+00
0.000000000000000000e+00 0.000000000000000000e+00 0.000000000000000000e+00 0.000000000000000000e+00 0.000000000000000000e+00
0.000000000000000000e+00 0.000000000000000000e+00 0.000000000000000000e+00 0.000000000000000000e+00 0.000000000000000000e+00
0.000000000000000000e+00 0.000000000000000000e+00 0.000000000000000000e+00 0.000000000000000000e+00 0.000000000000000000e+00
0.000000000000000000e+00 0.000000000000000000e+00 0.000000000000000000e+00 0.000000000000000000e+00 0.000000000000000000e+00
0.000000000000000000e+00 0.000000000000000000e+00 0.000000000000000000e+00 0.000000000000000000e+00 0.000000000000000000e+00
0.000000000000000000e+00 0.000000000000000000e+00 0.000000000000000000e+00 0.000000000000000000e+00 0.000000000000000000e+00
0.000000000000000000e+00 0.000000000000000000e+00 0.000000000000000000e+00 0.000000000000000000e+00 0.000000000000000000e+00
0.000000000000000000e+00 0.000000000000000000e+00 0.000000000000000000e+00 0.000000000000000000e+00 0.000000000000000000e+00
0.000000000000000000e+00 0.000000000000000000e+00 0.000000000000000000e+00 0.000000000000000000e+00 0.000000000000000000e+00
0.000000000000000000e+00 0.000000000000000000e+00 0.000000000000000000e+00 0.000000000000000000e+00 0.000000000000000000e+00
0.000000000000000000e+00 1.726573966331123374e-04 0.000000000000000000e+00 1.360169507375906345e-05 9.478694713951441118e-04
0.000000000000000000e+00 4.328555841373989133e-03 0.000000000000000000e+00 5.446995544649354962e-04 2.937919701370370062e-02
0.000000000000000000e+00 8.585832639947554856e-03 0.000000000000000000e+00 1.749542617001410881e-03 7.672154300096410695e-02
0.000000000000000000e+00 6.652214448704357568e-03 0.000000000000000000e+00 1.786012289555037732e-03 7.131119595598921224e-02
0.000000000000000000e+00 4.235010895840784356e-03 0.000000000000000000e+00 1.595588558522412995e-03 5.804102335645717342e-02
0.000000000000000000e+00 1.173707823010637251e-03 0.000000000000000000e+00 0.000000000000000000e+00 6.542322712190323797e-02
7.634209256130962233e-03 0.000000000000000000e+00 0.000000000000000000e+00 0.000000000000000000e+00 7.971864278924412073e-02
7.072204140021608187e-02 0.000000000000000000e+00 5.132728771677003143e-03 0.000000000000000000e+00 5.781363916637780043e-02
1.588539808289923805e-01 0.000000000000000000e+00 5.410016858111681842e-02 5.817439303402621026e-02 0.000000000000000000e+00
1.430073763058578584e-01 5.341489710560481247e-02 1.130492284175075163e-01 1.335829959231765174e-01 0.000000000000000000e+00
4.785753480754715433e-02 1.179403367383863727e-01 1.193469355633167417e-01 1.323414270787334757e-01 7.006471247416434789e-02
0.000000000000000000e+00 1.358799861109880325e-01 1.069950613854956378e-01 3.701428425282273643e-02 1.474618702143796201e-01
0.000000000000000000e+00 1.099309131743090168e-01 4.288416268504326861e-02 0.000000000000000000e+00 1.057268235886749536e-01
0.000000000000000000e+00 3.623822660851214877e-02 0.000000000000000000e+00 1.497628705339115653e-03 3.799599541827643895e-02
0.000000000000000000e+00 3.150772895762822567e-04 0.000000000000000000e+00 2.937496914822347214e-05 0.000000000000000000e+00
0.000000000000000000e+00 0.000000000000000000e+00 0.000000000000000000e+00 0.000000000000000000e+00 0.000000000000000000e+00
0.000000000000000000e+00 0.000000000000000000e+00 0.000000000000000000e+00 0.000000000000000000e+00 0.000000000000000000e+00
0.000000000000000000e+00 0.000000000000000000e+00 0.000000000000000000e+00 0.000000000000000000e+00 0.000000000000000000e+00
0.000000000000000000e+00 0.000000000000000000e+00 0.000000000000000000e+00 0.000000000000000000e+00 0.000000000000000000e+00
0.000000000000000000e+00 0.000000000000000000e+00 0.000000000000000000e+00 0.000000000000000000e+00 0.000000000000000000e+00
0.000000000000000000e+00 0.000000000000000000e+00 0.000000000000000000e+00 0.000000000000000000e+00 0.000000000000000000e+00
0.000000000000000000e+00 0.000000000000000000e+00 0.000000000000000000e+00 0.000000000000000000e+00 0.000000000000000000e+00
0.000000000000000000e+00 0.000000000000000000e+00 0.000000000000000000e+00 0.000000000000000000e+00 0.000000000000000000e+00
0.000000000000000000e+00 0.000000000000000000e+00 0.000000000000000000e+00 0.000000000000000000e+00 0.000000000000000000e+00
0.000000000000000000e+00 0.000000000000000000e+00 0.000000000000000000e+00 0.000000000000000000e+00 0.000000000000000000e+00
0.000000000000000000e+00 0.000000000000000000e+00 0.000000000000000000e+00 0.000000000000000000e+00 0.000000000000000000e+00
0.000000000000000000e+00 0.000000000000000000e+00 0.000000000000000000e+00 0.000000000000000000e+00 0.000000000000000000e+00
0.000000000000000000e+00 0.000000000000000000e+00 0.000000000000000000e+00 0.000000000000000000e+00 0.000000000000000000e+00
0.000000000000000000e+00 1.841678897419865438e-03 0.000000000000000000e+00 1.450847474534311485e-04 1.011060769488152794e-02
0.000000000000000000e+00 7.309163124135090693e-03 0.000000000000000000e+00 5.758050914558005950e-04 4.012647428906111063e-02
0.000000000000000000e+00 5.134766749800365702e-03 0.000000000000000000e+00 4.392877948556109745e-04 2.914810070700545389e-02
0.000000000000000000e+00 6.629295675872081718e-04 0.000000000000000000e+00 2.708319696350990698e-04 9.666246467161498587e-03
0.000000000000000000e+00 2.600623087766127089e-04 0.000000000000000000e+00 2.390946811296617853e-04 7.454551033906161098e-03
0.000000000000000000e+00 1.610762983599433196e-04 0.000000000000000000e+00 4.968158838442971408e-05 6.197306611002794015e-03
1.046916930592740012e-02 0.000000000000000000e+00 4.819116629410472334e-04 0.000000000000000000e+00 1.000414014793269031e-02
6.941099252679160114e-02 1.009731556338123613e-03 2.672681913915397542e-02 1.034251940667918696e-03 2.092403947054135085e-02
1.497153192904460139e-01 3.955988543512449496e-02 9.633853811521823907e-02 7.772858145128098972e-02 0.000000000000000000e+00
1.367214987921226976e-01 1.075082714832300973e-01 1.180997125306407214e-01 1.384675083557380948e-01 0.000000000000000000e+00
5.342072436263799878e-02 1.249630590276010478e-01 1.122412108143116816e-01 1.299497002656390676e-01 8.169536791053881586e-02
0.000000000000000000e+00 1.257096252245127055e-01 7.450157403847909587e-02 2.523472579179189546e-02 1.932487946997328288e-01
0.000000000000000000e+00 4.596932175557039840e-02 1.307099789276181673e-02 4.372297483165278435e-03 1.033050656210426493e-01
0.000000000000000000e+00 2.306063185625878507e-03 1.170599355963273212e-03 7.401372553200275765e-04 1.259911448342549735e-02
0.000000000000000000e+00 0.000000000000000000e+00 0.000000000000000000e+00 0.000000000000000000e+00 0.000000000000000000e+00
0.000000000000000000e+00 0.000000000000000000e+00 0.000000000000000000e+00 0.000000000000000000e+00 0.000000000000000000e+00
0.000000000000000000e+00 0.000000000000000000e+00 0.000000000000000000e+00 0.000000000000000000e+00 0.000000000000000000e+00
0.000000000000000000e+00 0.000000000000000000e+00 0.000000000000000000e+00 0.000000000000000000e+00 0.000000000000000000e+00
0.000000000000000000e+00 0.000000000000000000e+00 0.000000000000000000e+00 0.000000000000000000e+00 0.000000000000000000e+00
0.000000000000000000e+00 0.000000000000000000e+00 0.000000000000000000e+00 0.000000000000000000e+00 0.000000000000000000e+00
0.000000000000000000e+00 0.000000000000000000e+00 0.000000000000000000e+00 0.000000000000000000e+00 0.000000000000000000e+00
0.000000000000000000e+00 0.000000000000000000e+00 0.000000000000000000e+00 0.000000000000000000e+00 0.000000000000000000e+00
0.000000000000000000e+00 0.000000000000000000e+00 0.000000000000000000e+00 0.000000000000000000e+00 0.000000000000000000e+00
0.000000000000000000e+00 0.000000000000000000e+00 0.000000000000000000e+00 0.000000000000000000e+00 0.000000000000000000e+00
0.000000000000000000e+00 0.000000000000000000e+00 0.000000000000000000e+00 0.000000000000000000e+00 0.000000000000000000e+00
0.000000000000000000e+00 0.000000000000000000e+00 0.000000000000000000e+00 0.000000000000000000e+00 0.000000000000000000e+00
0.000000000000000000e+00 0.000000000000000000e+00 0.000000000000000000e+00 0.000000000000000000e+00 0.000000000000000000e+00
0.000000000000000000e+00 0.000000000000000000e+00 0.000000000000000000e+00 0.000000000000000000e+00 0.000000000000000000e+00
0.000000000000000000e+00 3.107833139396021585e-03 0.000000000000000000e+00 2.448305113276627457e-04 1.706165048511259358e-02
0.000000000000000000e+00 2.791294578901982494e-03 0.000000000000000000e+00 2.198940703591033285e-04 1.532388978755483411e-02
0.000000000000000000e+00 4.316434915827807757e-04 0.000000000000000000e+00 3.400423768439769166e-05 2.369673678487860171e-03
0.000000000000000000e+00 0.000000000000000000e+00 0.000000000000000000e+00 0.000000000000000000e+00 0.000000000000000000e+00
0.000000000000000000e+00 0.000000000000000000e+00 0.000000000000000000e+00 0.000000000000000000e+00 0.000000000000000000e+00
0.000000000000000000e+00 0.000000000000000000e+00 0.000000000000000000e+00 0.000000000000000000e+00 0.000000000000000000e+00
1.129283297300785402e-02 2.442694936672369036e-03 4.246048894470896319e-03 0.000000000000000000e+00 0.000000000000000000e+00
7.381757661695378947e-02 3.689384538785527023e-02 5.542947633267306801e-02 0.000000000000000000e+00 0.000000000000000000e+00
1.418462075776819598e-01 1.025431685494207074e-01 1.156929357266082842e-01 8.733981737124978106e-02 0.000000000000000000e+00
1.355066976119384259e-01 1.133556911372626957e-01 1.207193899579709073e-01 1.390322317564897103e-01 0.000000000000000000e+00
6.102137268157388494e-02 1.189014041053204906e-01 9.799489914850013916e-02 1.137563879531233862e-01 1.121593785267113313e-01
0.000000000000000000e+00 5.710030911682854871e-02 3.873749467184117723e-02 1.887506262717072308e-02 2.145836536583413112e-01
0.000000000000000000e+00 0.000000000000000000e+00 5.237309548584516243e-03 0.000000000000000000e+00 1.265652083594600019e-01
0.000000000000000000e+00 0.000000000000000000e+00 3.021771502341179965e-04 2.481235762739854495e-04 1.326444498284670443e-03
0.000000000000000000e+00 0.000000000000000000e+00 0.000000000000000000e+00 0.000000000000000000e+00 0.000000000000000000e+00
0.000000000000000000e+00 0.000000000000000000e+00 0.000000000000000000e+00 0.000000000000000000e+00 0.000000000000000000e+00
0.000000000000000000e+00 0.000000000000000000e+00 0.000000000000000000e+00 0.000000000000000000e+00 0.000000000000000000e+00
0.000000000000000000e+00 0.000000000000000000e+00 0.000000000000000000e+00 0.000000000000000000e+00 0.000000000000000000e+00
0.000000000000000000e+00 0.000000000000000000e+00 0.000000000000000000e+00 0.000000000000000000e+00 0.000000000000000000e+00
0.000000000000000000e+00 0.000000000000000000e+00 0.000000000000000000e+00 0.000000000000000000e+00 0.000000000000000000e+00
0.000000000000000000e+00 0.000000000000000000e+00 0.000000000000000000e+00 0.000000000000000000e+00 0.000000000000000000e+00
0.000000000000000000e+00 0.000000000000000000e+00 0.000000000000000000e+00 0.000000000000000000e+00 0.000000000000000000e+00
0.000000000000000000e+00 0.000000000000000000e+00 0.000000000000000000e+00 0.000000000000000000e+00 0.000000000000000000e+00
0.000000000000000000e+00 0.000000000000000000e+00 0.000000000000000000e+00 0.000000000000000000e+00 0.000000000000000000e+00
0.000000000000000000e+00 0.000000000000000000e+00 0.000000000000000000e+00 0.000000000000000000e+00 0.000000000000000000e+00
0.000000000000000000e+00 0.000000000000000000e+00 0.000000000000000000e+00 0.000000000000000000e+00 0.000000000000000000e+00
0.000000000000000000e+00 0.000000000000000000e+00 0.000000000000000000e+00 0.000000000000000000e+00 0.000000000000000000e+00
0.000000000000000000e+00 0.000000000000000000e+00 0.000000000000000000e+00 0.000000000000000000e+00 0.000000000000000000e+00
0.000000000000000000e+00 0.000000000000000000e+00 0.000000000000000000e+00 0.000000000000000000e+00 0.000000000000000000e+00
0.000000000000000000e+00 2.095589621176559595e-04 3.699785044359249296e-05 0.000000000000000000e+00 0.000000000000000000e+00
0.000000000000000000e+00 1.646534702353010882e-03 2.906973963425123295e-04 0.000000000000000000e+00 0.000000000000000000e+00
0.000000000000000000e+00 0.000000000000000000e+00 0.000000000000000000e+00 0.000000000000000000e+00 0.000000000000000000e+00
0.000000000000000000e+00 0.000000000000000000e+00 0.000000000000000000e+00 0.000000000000000000e+00 0.000000000000000000e+00
2.023368676082602823e-04 1.883308379043444405e-03 8.913223173422892215e-04 0.000000000000000000e+00 0.000000000000000000e+00
1.418884655604095782e-02 3.446730911638880984e-02 1.891158194991712088e-02 0.000000000000000000e+00 0.000000000000000000e+00
7.370867740238952470e-02 1.026845737996597147e-01 9.150438266044295943e-02 9.158567328577674888e-03 0.000000000000000000e+00
1.343866072489871277e-01 1.102969005452446721e-01 1.254237585298967894e-01 1.084804557660575819e-01 0.000000000000000000e+00
1.332728135498337796e-01 1.085244276538710195e-01 1.168931946954672729e-01 1.346889040005546101e-01 2.319511698216353626e-02
6.653379288524015334e-02 6.248985618615668369e-02 7.199773712240536971e-02 9.100207870003383659e-02 1.491163044902313051e-01
0.000000000000000000e+00 2.131141789341298946e-03 1.645399038508098960e-02 9.547802820161098089e-03 1.996604677136832595e-01
0.000000000000000000e+00 0.000000000000000000e+00 5.275320120029172591e-04 0.000000000000000000e+00 8.477806433725036672e-02
7.922353740631111270e-05 0.000000000000000000e+00 0.000000000000000000e+00 0.000000000000000000e+00 1.605107777463421134e-02
0.000000000000000000e+00 0.000000000000000000e+00 0.000000000000000000e+00 0.000000000000000000e+00 0.000000000000000000e+00
0.000000000000000000e+00 0.000000000000000000e+00 0.000000000000000000e+00 0.000000000000000000e+00 0.000000000000000000e+00
0.000000000000000000e+00 0.000000000000000000e+00 0.000000000000000000e+00 0.000000000000000000e+00 0.000000000000000000e+00
0.000000000000000000e+00 0.000000000000000000e+00 0.000000000000000000e+00 0.000000000000000000e+00 0.000000000000000000e+00
0.000000000000000000e+00 0.000000000000000000e+00 0.000000000000000000e+00 0.000000000000000000e+00 0.000000000000000000e+00
0.000000000000000000e+00 0.000000000000000000e+00 0.000000000000000000e+00 0.000000000000000000e+00 0.000000000000000000e+00
0.000000000000000000e+00 0.000000000000000000e+00 0.000000000000000000e+00 0.000000000000000000e+00 0.000000000000000000e+00
0.000000000000000000e+00 0.000000000000000000e+00 0.000000000000000000e+00 0.000000000000000000e+00 0.000000000000000000e+00
0.000000000000000000e+00 0.000000000000000000e+00 0.000000000000000000e+00 0.000000000000000000e+00 0.000000000000000000e+00
0.000000000000000000e+00 0.000000000000000000e+00 0.000000000000000000e+00 0.000000000000000000e+00 0.000000000000000000e+00
0.000000000000000000e+00 0.000000000000000000e+00 0.000000000000000000e+00 0.000000000000000000e+00 0.000000000000000000e+00
0.000000000000000000e+00 0.000000000000000000e+00 0.000000000000000000e+00 0.000000000000000000e+00 0.000000000000000000e+00
0.000000000000000000e+00 0.000000000000000000e+00 0.000000000000000000e+00 0.000000000000000000e+00 0.000000000000000000e+00
0.000000000000000000e+00 0.000000000000000000e+00 0.000000000000000000e+00 0.000000000000000000e+00 0.000000000000000000e+00
0.000000000000000000e+00 4.490549188235483879e-04 7.928110809341246460e-05 0.000000000000000000e+00 0.000000000000000000e+00
0.000000000000000000e+00 7.184878701176777458e-04 1.268497729494600301e-04 0.000000000000000000e+00 0.000000000000000000e+00
0.000000000000000000e+00 6.885508755294408433e-04 1.215643657432324566e-04 0.000000000000000000e+00 0.000000000000000000e+00
0.000000000000000000e+00 0.000000000000000000e+00 0.000000000000000000e+00 0.000000000000000000e+00 0.000000000000000000e+00
5.832808312398168120e-06 3.176616154310741430e-03 0.000000000000000000e+00 0.000000000000000000e+00 0.000000000000000000e+00
1.248732593224927308e-03 1.892820561329411344e-02 5.942360108826241251e-03 0.000000000000000000e+00 0.000000000000000000e+00
1.545008890431566646e-02 1.104446807171119427e-01 4.794934472361907229e-02 0.000000000000000000e+00 0.000000000000000000e+00
5.032905780244689709e-02 1.152030958871155669e-01 1.239393709301015167e-01 2.265936654684317514e-02 0.000000000000000000e+00
1.254472494618501521e-01 1.065724702458938633e-01 1.274852600776280320e-01 1.190153775362674526e-01 0.000000000000000000e+00
1.317576922534283435e-01 6.957574060492670298e-02 1.007088759074449419e-01 1.375196035240230930e-01 4.163759136811492206e-02
8.274907788875518477e-02 5.241767670791424617e-03 3.559726515919800494e-02 8.043587626151092740e-02 1.747943667489552932e-01
9.781714955196599282e-03 0.000000000000000000e+00 4.891377990603708141e-03 6.076363777008300139e-03 1.630443847937987356e-01
0.000000000000000000e+00 0.000000000000000000e+00 0.000000000000000000e+00 0.000000000000000000e+00 7.106327627116433565e-02
2.431722467610392504e-04 0.000000000000000000e+00 0.000000000000000000e+00 0.000000000000000000e+00 4.926789150269666323e-02
1.101929960623313073e-03 0.000000000000000000e+00 0.000000000000000000e+00 0.000000000000000000e+00 1.533645491552399105e-02
3.124409661731177316e-04 0.000000000000000000e+00 0.000000000000000000e+00 3.366629959539537315e-05 2.640429025188962371e-04
0.000000000000000000e+00 0.000000000000000000e+00 0.000000000000000000e+00 0.000000000000000000e+00 0.000000000000000000e+00
0.000000000000000000e+00 0.000000000000000000e+00 0.000000000000000000e+00 0.000000000000000000e+00 0.000000000000000000e+00
0.000000000000000000e+00 0.000000000000000000e+00 0.000000000000000000e+00 0.000000000000000000e+00 0.000000000000000000e+00
0.000000000000000000e+00 0.000000000000000000e+00 0.000000000000000000e+00 0.000000000000000000e+00 0.000000000000000000e+00
0.000000000000000000e+00 0.000000000000000000e+00 0.000000000000000000e+00 0.000000000000000000e+00 0.000000000000000000e+00
0.000000000000000000e+00 0.000000000000000000e+00 0.000000000000000000e+00 0.000000000000000000e+00 0.000000000000000000e+00
0.000000000000000000e+00 0.000000000000000000e+00 0.000000000000000000e+00 0.000000000000000000e+00 0.000000000000000000e+00
0.000000000000000000e+00 0.000000000000000000e+00 0.000000000000000000e+00 0.000000000000000000e+00 0.000000000000000000e+00
0.000000000000000000e+00 0.000000000000000000e+00 0.000000000000000000e+00 0.000000000000000000e+00 0.000000000000000000e+00
0.000000000000000000e+00 0.000000000000000000e+00 0.000000000000000000e+00 0.000000000000000000e+00 0.000000000000000000e+00
0.000000000000000000e+00 0.000000000000000000e+00 0.000000000000000000e+00 0.000000000000000000e+00 0.000000000000000000e+00
0.000000000000000000e+00 0.000000000000000000e+00 0.000000000000000000e+00 0.000000000000000000e+00 0.000000000000000000e+00
0.000000000000000000e+00 1.706408691529484470e-03 3.012682107549671784e-04 0.000000000000000000e+00 0.000000000000000000e+00
0.000000000000000000e+00 2.484770550823635262e-03 4.386887981168823827e-04 0.000000000000000000e+00 0.000000000000000000e+00
0.000000000000000000e+00 0.000000000000000000e+00 0.000000000000000000e+00 0.000000000000000000e+00 0.000000000000000000e+00
0.000000000000000000e+00 0.000000000000000000e+00 0.000000000000000000e+00 0.000000000000000000e+00 0.000000000000000000e+00
0.000000000000000000e+00 1.070337451087246920e-02 0.000000000000000000e+00 6.437179643693362453e-07 0.000000000000000000e+00
1.997209930516233301e-03 8.735305407585217119e-02 2.142688236746471617e-02 0.000000000000000000e+00 0.000000000000000000e+00
6.607056750008928267e-03 1.283978552896437031e-01 9.838082052842879455e-02 0.000000000000000000e+00 0.000000000000000000e+00
2.113953461702530387e-02 1.044981007608856011e-01 1.389939239139351135e-01 4.428874220096960801e-02 0.000000000000000000e+00
1.167952878996789956e-01 6.639410039426282828e-02 1.332959539224999046e-01 1.259266387904634521e-01 0.000000000000000000e+00
1.335084900419109821e-01 1.571283778117255753e-02 7.047216293714080038e-02 1.391968733498677724e-01 2.726044221991299338e-02
9.710317984732975971e-02 0.000000000000000000e+00 3.967008587285125211e-03 5.792325498890982249e-02 1.801162976886541978e-01
3.440984996876004370e-02 0.000000000000000000e+00 0.000000000000000000e+00 0.000000000000000000e+00 1.361330428182779551e-01
1.103000808931813058e-03 0.000000000000000000e+00 0.000000000000000000e+00 0.000000000000000000e+00 6.787139657066534881e-02
4.090322060149738891e-03 0.000000000000000000e+00 0.000000000000000000e+00 0.000000000000000000e+00 5.871025844260492621e-02
6.606474843109115709e-03 0.000000000000000000e+00 2.845886372766496435e-04 0.000000000000000000e+00 2.515365075257755545e-02
3.801365088439598652e-03 0.000000000000000000e+00 0.000000000000000000e+00 4.096066450773102751e-04 3.212521980646572493e-03
0.000000000000000000e+00 0.000000000000000000e+00 0.000000000000000000e+00 0.000000000000000000e+00 0.000000000000000000e+00
0.000000000000000000e+00 0.000000000000000000e+00 0.000000000000000000e+00 0.000000000000000000e+00 0.000000000000000000e+00
0.000000000000000000e+00 0.000000000000000000e+00 0.000000000000000000e+00 0.000000000000000000e+00 0.000000000000000000e+00
0.000000000000000000e+00 0.000000000000000000e+00 0.000000000000000000e+00 0.000000000000000000e+00 0.000000000000000000e+00
0.000000000000000000e+00 0.000000000000000000e+00 0.000000000000000000e+00 0.000000000000000000e+00 0.000000000000000000e+00
0.000000000000000000e+00 0.000000000000000000e+00 0.000000000000000000e+00 0.000000000000000000e+00 0.000000000000000000e+00
0.000000000000000000e+00 0.000000000000000000e+00 0.000000000000000000e+00 0.000000000000000000e+00 0.000000000000000000e+00
0.000000000000000000e+00 0.000000000000000000e+00 0.000000000000000000e+00 0.000000000000000000e+00 0.000000000000000000e+00
0.000000000000000000e+00 0.000000000000000000e+00 0.000000000000000000e+00 0.000000000000000000e+00 0.000000000000000000e+00
0.000000000000000000e+00 0.000000000000000000e+00 0.000000000000000000e+00 0.000000000000000000e+00 0.000000000000000000e+00
0.000000000000000000e+00 0.000000000000000000e+00 0.000000000000000000e+00 0.000000000000000000e+00 0.000000000000000000e+00
0.000000000000000000e+00 0.000000000000000000e+00 0.000000000000000000e+00 0.000000000000000000e+00 0.000000000000000000e+00
0.000000000000000000e+00 0.000000000000000000e+00 0.000000000000000000e+00 0.000000000000000000e+00 0.000000000000000000e+00
0.000000000000000000e+00 0.000000000000000000e+00 0.000000000000000000e+00 0.000000000000000000e+00 0.000000000000000000e+00
0.000000000000000000e+00 0.000000000000000000e+00 0.000000000000000000e+00 0.000000000000000000e+00 0.000000000000000000e+00
0.000000000000000000e+00 8.276453237123214748e-03 0.000000000000000000e+00 1.498033498598531400e-04 0.000000000000000000e+00
0.000000000000000000e+00 7.556795193583916437e-02 0.000000000000000000e+00 0.000000000000000000e+00 0.000000000000000000e+00
3.489704632788516621e-03 1.472948699775566972e-01 5.166642470626701955e-02 0.000000000000000000e+00 0.000000000000000000e+00
0.000000000000000000e+00 1.233608937082064233e-01 1.232735997492354352e-01 0.000000000000000000e+00 0.000000000000000000e+00
1.610690663967897368e-02 6.850190823738853962e-02 1.470888059301852235e-01 6.275205862313916472e-02 0.000000000000000000e+00
9.772395533002890822e-02 1.797962348982321294e-03 1.172084269218758856e-01 1.441501308070542442e-01 0.000000000000000000e+00
1.386727212696787781e-01 0.000000000000000000e+00 2.999773321522643602e-02 1.405064666515531968e-01 4.319763897532576113e-02
1.109422360888533132e-01 0.000000000000000000e+00 0.000000000000000000e+00 4.695663078690169578e-02 1.338998460871061447e-01
5.871655787706175911e-02 0.000000000000000000e+00 0.000000000000000000e+00 0.000000000000000000e+00 1.147978487375820728e-01
1.138520305232941336e-02 0.000000000000000000e+00 0.000000000000000000e+00 0.000000000000000000e+00 7.758766149749643515e-02
6.639573504724735273e-03 0.000000000000000000e+00 0.000000000000000000e+00 0.000000000000000000e+00 6.455189927373813918e-02
6.560746602976943662e-03 0.000000000000000000e+00 0.000000000000000000e+00 0.000000000000000000e+00 4.417058622618318803e-02
1.687320599995832497e-03 3.035257689155616118e-04 0.000000000000000000e+00 1.045285100932757125e-03 3.475091960809281733e-02
0.000000000000000000e+00 4.610195473767225737e-04 0.000000000000000000e+00 4.238496620025814562e-04 1.321488592374274636e-02
0.000000000000000000e+00 0.000000000000000000e+00 0.000000000000000000e+00 0.000000000000000000e+00 0.000000000000000000e+00
0.000000000000000000e+00 0.000000000000000000e+00 0.000000000000000000e+00 0.000000000000000000e+00 0.000000000000000000e+00
0.000000000000000000e+00 0.000000000000000000e+00 0.000000000000000000e+00 0.000000000000000000e+00 0.000000000000000000e+00
0.000000000000000000e+00 0.000000000000000000e+00 0.000000000000000000e+00 0.000000000000000000e+00 0.000000000000000000e+00
0.000000000000000000e+00 0.000000000000000000e+00 0.000000000000000000e+00 0.000000000000000000e+00 0.000000000000000000e+00
0.000000000000000000e+00 0.000000000000000000e+00 0.000000000000000000e+00 0.000000000000000000e+00 0.000000000000000000e+00
0.000000000000000000e+00 0.000000000000000000e+00 0.000000000000000000e+00 0.000000000000000000e+00 0.000000000000000000e+00
0.000000000000000000e+00 0.000000000000000000e+00 0.000000000000000000e+00 0.000000000000000000e+00 0.000000000000000000e+00
0.000000000000000000e+00 0.000000000000000000e+00 0.000000000000000000e+00 0.000000000000000000e+00 0.000000000000000000e+00
0.000000000000000000e+00 0.000000000000000000e+00 0.000000000000000000e+00 0.000000000000000000e+00 0.000000000000000000e+00
0.000000000000000000e+00 0.000000000000000000e+00 0.000000000000000000e+00 0.000000000000000000e+00 0.000000000000000000e+00
0.000000000000000000e+00 0.000000000000000000e+00 0.000000000000000000e+00 0.000000000000000000e+00 0.000000000000000000e+00
0.000000000000000000e+00 0.000000000000000000e+00 0.000000000000000000e+00 0.000000000000000000e+00 0.000000000000000000e+00
0.000000000000000000e+00 1.030949096157801788e-02 0.000000000000000000e+00 5.757467756625164485e-04 1.082457461154193818e-03
0.000000000000000000e+00 5.069621787812469277e-02 0.000000000000000000e+00 1.278223535345209124e-03 5.311705212245723499e-03
0.000000000000000000e+00 1.307478579373596017e-01 1.229422443615567871e-02 0.000000000000000000e+00 8.958641544685022606e-03
0.000000000000000000e+00 1.471736818692303272e-01 9.092406018512858012e-02 0.000000000000000000e+00 2.817919718600963089e-02
0.000000000000000000e+00 9.537108974808922168e-02 1.388964883561205899e-01 0.000000000000000000e+00 3.545901108440558530e-02
1.766497422785222966e-03 1.813485686087492124e-02 1.464982718693283448e-01 7.588664672750473905e-02 2.392543241912328117e-02
6.959181460435330535e-02 0.000000000000000000e+00 7.459532639792910980e-02 1.621746931531962421e-01 2.663453914951011831e-02
1.367764477809875756e-01 0.000000000000000000e+00 1.151189559793014405e-03 1.351858658490223408e-01 6.604236276102636027e-02
1.316227876451042667e-01 9.505825672998466933e-04 0.000000000000000000e+00 5.228599226933855482e-02 9.365434305323784570e-02
7.601822125890876636e-02 0.000000000000000000e+00 0.000000000000000000e+00 0.000000000000000000e+00 1.159095212020840177e-01
1.857872709350079019e-02 0.000000000000000000e+00 0.000000000000000000e+00 0.000000000000000000e+00 1.120201672360780498e-01
1.973246731536519843e-03 6.062983974553503306e-04 0.000000000000000000e+00 0.000000000000000000e+00 1.073284335395588013e-01
2.748307654071282125e-03 0.000000000000000000e+00 0.000000000000000000e+00 0.000000000000000000e+00 1.009571114820794341e-01
0.000000000000000000e+00 5.206094492426423291e-04 0.000000000000000000e+00 0.000000000000000000e+00 8.111385740288745705e-02
0.000000000000000000e+00 8.156499684357391500e-04 0.000000000000000000e+00 7.498878635430279629e-04 2.338018278816025863e-02
0.000000000000000000e+00 0.000000000000000000e+00 0.000000000000000000e+00 0.000000000000000000e+00 0.000000000000000000e+00
0.000000000000000000e+00 0.000000000000000000e+00 0.000000000000000000e+00 0.000000000000000000e+00 0.000000000000000000e+00
0.000000000000000000e+00 0.000000000000000000e+00 0.000000000000000000e+00 0.000000000000000000e+00 0.000000000000000000e+00
0.000000000000000000e+00 0.000000000000000000e+00 0.000000000000000000e+00 0.000000000000000000e+00 0.000000000000000000e+00
0.000000000000000000e+00 0.000000000000000000e+00 0.000000000000000000e+00 0.000000000000000000e+00 0.000000000000000000e+00
0.000000000000000000e+00 0.000000000000000000e+00 0.000000000000000000e+00 0.000000000000000000e+00 0.000000000000000000e+00
0.000000000000000000e+00 0.000000000000000000e+00 0.000000000000000000e+00 0.000000000000000000e+00 0.000000000000000000e+00
0.000000000000000000e+00 0.000000000000000000e+00 0.000000000000000000e+00 0.000000000000000000e+00 0.000000000000000000e+00
0.000000000000000000e+00 0.000000000000000000e+00 0.000000000000000000e+00 0.000000000000000000e+00 0.000000000000000000e+00
0.000000000000000000e+00 0.000000000000000000e+00 0.000000000000000000e+00 0.000000000000000000e+00 0.000000000000000000e+00
0.000000000000000000e+00 0.000000000000000000e+00 0.000000000000000000e+00 0.000000000000000000e+00 0.000000000000000000e+00
0.000000000000000000e+00 0.000000000000000000e+00 0.000000000000000000e+00 0.000000000000000000e+00 0.000000000000000000e+00
0.000000000000000000e+00 5.164910134922535805e-03 0.000000000000000000e+00 3.701061979782840862e-04 3.889803165476960964e-03
0.000000000000000000e+00 4.197743015646026449e-02 0.000000000000000000e+00 2.723298699323629252e-03 2.811045286870780119e-02
0.000000000000000000e+00 1.035423098742211251e-01 0.000000000000000000e+00 6.930514099592933758e-04 3.990181195876722070e-02
0.000000000000000000e+00 1.571042975358918903e-01 4.567420880554751150e-02 0.000000000000000000e+00 3.456619490068148920e-02
0.000000000000000000e+00 1.210854614984225724e-01 1.119585333310794129e-01 0.000000000000000000e+00 5.574738749796980669e-02
0.000000000000000000e+00 4.140841137217662893e-02 1.521915842854111856e-01 2.119793863853350335e-02 5.725523959934122886e-02
0.000000000000000000e+00 0.000000000000000000e+00 1.183343387291473786e-01 1.004495323650594907e-01 4.134175237900421240e-02
4.628052460997832129e-02 0.000000000000000000e+00 3.145007320862511224e-02 1.712477104182743570e-01 3.586259498072603968e-02
1.292152437143937738e-01 8.569011863182337749e-03 0.000000000000000000e+00 1.338680960908114614e-01 4.167540450073637520e-02
1.512381168622899397e-01 5.543459226675694421e-04 0.000000000000000000e+00 4.993937296695391548e-02 2.947921762031481888e-02
8.594842699353824611e-02 0.000000000000000000e+00 0.000000000000000000e+00 1.980069854379018588e-03 1.011348493519237529e-01
3.657083388219874859e-02 0.000000000000000000e+00 0.000000000000000000e+00 0.000000000000000000e+00 1.328478649540987544e-01
1.182812115579042790e-02 4.203876017421505698e-03 0.000000000000000000e+00 0.000000000000000000e+00 1.308072639075380794e-01
9.640790108358080097e-04 0.000000000000000000e+00 0.000000000000000000e+00 0.000000000000000000e+00 8.230201130778326546e-02
0.000000000000000000e+00 0.000000000000000000e+00 0.000000000000000000e+00 0.000000000000000000e+00 7.886526063323393010e-02
0.000000000000000000e+00 0.000000000000000000e+00 0.000000000000000000e+00 0.000000000000000000e+00 4.022550149045100304e-02
0.000000000000000000e+00 0.000000000000000000e+00 0.000000000000000000e+00 0.000000000000000000e+00 0.000000000000000000e+00
0.000000000000000000e+00 0.000000000000000000e+00 0.000000000000000000e+00 0.000000000000000000e+00 0.000000000000000000e+00
0.000000000000000000e+00 0.000000000000000000e+00 0.000000000000000000e+00 0.000000000000000000e+00 0.000000000000000000e+00
0.000000000000000000e+00 0.000000000000000000e+00 0.000000000000000000e+00 0.000000000000000000e+00 0.000000000000000000e+00
0.000000000000000000e+00 0.000000000000000000e+00 0.000000000000000000e+00 0.000000000000000000e+00 0.000000000000000000e+00
0.000000000000000000e+00 0.000000000000000000e+00 0.000000000000000000e+00 0.000000000000000000e+00 0.000000000000000000e+00
0.000000000000000000e+00 0.000000000000000000e+00 0.000000000000000000e+00 0.000000000000000000e+00 0.000000000000000000e+00
0.000000000000000000e+00 0.000000000000000000e+00 0.000000000000000000e+00 0.000000000000000000e+00 0.000000000000000000e+00
0.000000000000000000e+00 0.000000000000000000e+00 0.000000000000000000e+00 0.000000000000000000e+00 0.000000000000000000e+00
0.000000000000000000e+00 0.000000000000000000e+00 0.000000000000000000e+00 0.000000000000000000e+00 0.000000000000000000e+00
0.000000000000000000e+00 0.000000000000000000e+00 0.000000000000000000e+00 0.000000000000000000e+00 0.000000000000000000e+00
0.000000000000000000e+00 0.000000000000000000e+00 0.000000000000000000e+00 0.000000000000000000e+00 0.000000000000000000e+00
0.000000000000000000e+00 2.454497873574556024e-02 0.000000000000000000e+00 2.533588434111452327e-03 4.043647260793190035e-02
0.000000000000000000e+00 8.947845288857679547e-02 0.000000000000000000e+00 6.867831907313211130e-03 7.850317635541061156e-02
0.000000000000000000e+00 1.406569598351469219e-01 8.648224617572449271e-03 0.000000000000000000e+00 6.116630864336619622e-02
0.000000000000000000e+00 1.450859205874509006e-01 8.095555653360510251e-02 0.000000000000000000e+00 6.479940238701686894e-02
2.932675541855631583e-04 6.720893753436910090e-02 1.357141613249358558e-01 0.000000000000000000e+00 6.748454533089415230e-02
0.000000000000000000e+00 0.000000000000000000e+00 1.477251958905620444e-01 3.596686180832393137e-02 4.746458985838609285e-02
0.000000000000000000e+00 0.000000000000000000e+00 9.339435996592150568e-02 1.106220278323610112e-01 2.744326864472553321e-02
2.557984089942800382e-02 0.000000000000000000e+00 9.132727882209380407e-03 1.728944470370523678e-01 2.570542057742863755e-03
1.119761913940395676e-01 1.424673961436295766e-02 0.000000000000000000e+00 1.340447831426287151e-01 0.000000000000000000e+00
1.533938522878988686e-01 6.447210811118572575e-03 0.000000000000000000e+00 5.197296673055720739e-02 1.776281139908626391e-02
1.038986221771903140e-01 0.000000000000000000e+00 0.000000000000000000e+00 2.745800181262572290e-03 6.445616257262878901e-02
4.597416896435520955e-02 0.000000000000000000e+00 0.000000000000000000e+00 0.000000000000000000e+00 1.067628743138040875e-01
1.945161195622446132e-02 7.967704226312417740e-04 0.000000000000000000e+00 0.000000000000000000e+00 9.356043334785837939e-02
9.905966616217452489e-03 0.000000000000000000e+00 0.000000000000000000e+00 0.000000000000000000e+00 6.453472171632686216e-02
2.126941335980615539e-03 0.000000000000000000e+00 0.000000000000000000e+00 0.000000000000000000e+00 5.779550209735581645e-02
1.903565551568343537e-04 0.000000000000000000e+00 0.000000000000000000e+00 0.000000000000000000e+00 3.856717298627383023e-02
0.000000000000000000e+00 0.000000000000000000e+00 0.000000000000000000e+00 0.000000000000000000e+00 0.000000000000000000e+00
0.000000000000000000e+00 0.000000000000000000e+00 0.000000000000000000e+00 0.000000000000000000e+00 0.000000000000000000e+00
0.000000000000000000e+00 0.000000000000000000e+00 0.000000000000000000e+00 0.000000000000000000e+00 0.000000000000000000e+00
0.000000000000000000e+00 0.000000000000000000e+00 0.000000000000000000e+00 0.000000000000000000e+00 0.000000000000000000e+00
0.000000000000000000e+00 0.000000000000000000e+00 6.899316927741549826e-05 4.074371173310045377e-03 2.781994307421294024e-03
0.000000000000000000e+00 0.000000000000000000e+00 0.000000000000000000e+00 0.000000000000000000e+00 0.000000000000000000e+00
0.000000000000000000e+00 0.000000000000000000e+00 0.000000000000000000e+00 0.000000000000000000e+00 0.000000000000000000e+00
0.000000000000000000e+00 0.000000000000000000e+00 0.000000000000000000e+00 0.000000000000000000e+00 0.000000000000000000e+00
0.000000000000000000e+00 0.000000000000000000e+00 0.000000000000000000e+00 0.000000000000000000e+00 0.000000000000000000e+00
0.000000000000000000e+00 0.000000000000000000e+00 0.000000000000000000e+00 0.000000000000000000e+00 0.000000000000000000e+00
0.000000000000000000e+00 0.000000000000000000e+00 0.000000000000000000e+00 0.000000000000000000e+00 0.000000000000000000e+00
0.000000000000000000e+00 5.896804036005231196e-03 0.000000000000000000e+00 5.004063057121791022e-04 0.000000000000000000e+00
0.000000000000000000e+00 4.916984085553289391e-02 0.000000000000000000e+00 3.914152794423947368e-03 3.133816655616099983e-02
0.000000000000000000e+00 1.093329602724299743e-01 0.000000000000000000e+00 4.011458428005827692e-03 7.193035100337584475e-02
0.000000000000000000e+00 1.496649792492082409e-01 3.089418611375668172e-02 0.000000000000000000e+00 7.442924328153337210e-02
0.000000000000000000e+00 1.060986785999661897e-01 1.044768182127776418e-01 0.000000000000000000e+00 7.502156255635904214e-02
0.000000000000000000e+00 3.684123226483719538e-02 1.430316720999554869e-01 0.000000000000000000e+00 6.331680615963272696e-02
0.000000000000000000e+00 0.000000000000000000e+00 1.260115685400765850e-01 5.602147977296790399e-02 6.162646581943610757e-02
0.000000000000000000e+00 0.000000000000000000e+00 5.880547108298263964e-02 1.098621516517031965e-01 4.978654051718550688e-02
2.271494505432829908e-02 7.428777781735551415e-03 0.000000000000000000e+00 1.640191089531141955e-01 0.000000000000000000e+00
8.004856839207447061e-02 1.773545583103783643e-02 0.000000000000000000e+00 1.424824097934545564e-01 0.000000000000000000e+00
1.396918262358735063e-01 9.293843917365204182e-03 0.000000000000000000e+00 4.331834017334679904e-02 1.981172346224874519e-03
1.090476126862880563e-01 0.000000000000000000e+00 0.000000000000000000e+00 2.138260006545289818e-03 2.524766149222167425e-02
5.976683651340498199e-02 0.000000000000000000e+00 0.000000000000000000e+00 0.000000000000000000e+00 7.590519209233595466e-02
3.894865883940383522e-02 0.000000000000000000e+00 2.592750339449081368e-04 0.000000000000000000e+00 6.593485774676351163e-02
2.960167832815293817e-02 0.000000000000000000e+00 0.000000000000000000e+00 0.000000000000000000e+00 6.510253264591343847e-02
4.903080258931031762e-03 0.000000000000000000e+00 0.000000000000000000e+00 0.000000000000000000e+00 6.055499438019822794e-02
1.903565551568343537e-04 0.000000000000000000e+00 0.000000000000000000e+00 0.000000000000000000e+00 3.856717298627383023e-02
0.000000000000000000e+00 0.000000000000000000e+00 0.000000000000000000e+00 0.000000000000000000e+00 0.000000000000000000e+00
0.000000000000000000e+00 0.000000000000000000e+00 0.000000000000000000e+00 0.000000000000000000e+00 0.000000000000000000e+00
0.000000000000000000e+00 0.000000000000000000e+00 0.000000000000000000e+00 0.000000000000000000e+00 0.000000000000000000e+00
0.000000000000000000e+00 0.000000000000000000e+00 0.000000000000000000e+00 0.000000000000000000e+00 0.000000000000000000e+00
0.000000000000000000e+00 0.000000000000000000e+00 0.000000000000000000e+00 0.000000000000000000e+00 0.000000000000000000e+00
0.000000000000000000e+00 0.000000000000000000e+00 0.000000000000000000e+00 0.000000000000000000e+00 0.000000000000000000e+00
0.000000000000000000e+00 0.000000000000000000e+00 0.000000000000000000e+00 0.000000000000000000e+00 0.000000000000000000e+00
0.000000000000000000e+00 0.000000000000000000e+00 0.000000000000000000e+00 0.000000000000000000e+00 0.000000000000000000e+00
0.000000000000000000e+00 0.000000000000000000e+00 0.000000000000000000e+00 0.000000000000000000e+00 0.000000000000000000e+00
0.000000000000000000e+00 0.000000000000000000e+00 0.000000000000000000e+00 0.000000000000000000e+00 0.000000000000000000e+00
0.000000000000000000e+00 0.000000000000000000e+00 0.000000000000000000e+00 0.000000000000000000e+00 0.000000000000000000e+00
0.000000000000000000e+00 1.455053435580292397e-02 0.000000000000000000e+00 1.257843591471315093e-03 0.000000000000000000e+00
0.000000000000000000e+00 4.757370426469649527e-02 0.000000000000000000e+00 3.954222857784057618e-03 9.465482095886841541e-04
0.000000000000000000e+00 1.093987365029664566e-01 0.000000000000000000e+00 6.761926245260060442e-04 8.662215980336838636e-03
8.214226842375486296e-05 1.181333405297175648e-01 3.565623771341427245e-02 0.000000000000000000e+00 1.319586096028757538e-02
2.244195514801896902e-03 7.936756910899979423e-02 1.025724223461036144e-01 0.000000000000000000e+00 4.568250595835025851e-02
6.412976867009210439e-05 7.933034795600119038e-03 1.244117079773962853e-01 0.000000000000000000e+00 4.308336386109038602e-02
0.000000000000000000e+00 0.000000000000000000e+00 8.816156540365156780e-02 4.145596100296917996e-02 2.341294282497555918e-02
0.000000000000000000e+00 0.000000000000000000e+00 2.434722642061688119e-02 8.720506742407063694e-02 1.035908291533664885e-02
0.000000000000000000e+00 6.847248533127461671e-03 0.000000000000000000e+00 1.182378907444866373e-01 0.000000000000000000e+00
5.859880760338152805e-02 1.650201827075917574e-02 0.000000000000000000e+00 9.565327619722820141e-02 0.000000000000000000e+00
9.422225390672517298e-02 2.967800460399164144e-03 0.000000000000000000e+00 3.350257705697066990e-02 0.000000000000000000e+00
7.710857881644128664e-02 0.000000000000000000e+00 0.000000000000000000e+00 0.000000000000000000e+00 1.777203035332171419e-03
5.637055421855358822e-02 0.000000000000000000e+00 1.381199154127471258e-03 0.000000000000000000e+00 2.657312300989085260e-02
3.627177967263835873e-02 0.000000000000000000e+00 1.000911268105284663e-03 0.000000000000000000e+00 3.761786877450373073e-02
8.603338793655362221e-03 0.000000000000000000e+00 0.000000000000000000e+00 0.000000000000000000e+00 5.814553406266588509e-02
1.201561694997144115e-03 0.000000000000000000e+00 0.000000000000000000e+00 0.000000000000000000e+00 5.687567133640835521e-02
1.903565551568343537e-04 0.000000000000000000e+00 0.000000000000000000e+00 0.000000000000000000e+00 3.856717298627383023e-02
0.000000000000000000e+00 0.000000000000000000e+00 0.000000000000000000e+00 0.000000000000000000e+00 0.000000000000000000e+00
0.000000000000000000e+00 0.000000000000000000e+00 0.000000000000000000e+00 0.000000000000000000e+00 0.000000000000000000e+00
0.000000000000000000e+00 0.000000000000000000e+00 0.000000000000000000e+00 0.000000000000000000e+00 0.000000000000000000e+00
0.000000000000000000e+00 0.000000000000000000e+00 0.000000000000000000e+00 0.000000000000000000e+00 0.000000000000000000e+00
0.000000000000000000e+00 0.000000000000000000e+00 0.000000000000000000e+00 0.000000000000000000e+00 0.000000000000000000e+00
0.000000000000000000e+00 0.000000000000000000e+00 0.000000000000000000e+00 0.000000000000000000e+00 0.000000000000000000e+00
0.000000000000000000e+00 0.000000000000000000e+00 0.000000000000000000e+00 0.000000000000000000e+00 0.000000000000000000e+00
0.000000000000000000e+00 0.000000000000000000e+00 0.000000000000000000e+00 0.000000000000000000e+00 0.000000000000000000e+00
0.000000000000000000e+00 0.000000000000000000e+00 0.000000000000000000e+00 0.000000000000000000e+00 0.000000000000000000e+00
0.000000000000000000e+00 0.000000000000000000e+00 0.000000000000000000e+00 0.000000000000000000e+00 0.000000000000000000e+00
0.000000000000000000e+00 0.000000000000000000e+00 0.000000000000000000e+00 0.000000000000000000e+00 0.000000000000000000e+00
0.000000000000000000e+00 1.455053435580292397e-02 0.000000000000000000e+00 1.257843591471315093e-03 0.000000000000000000e+00
0.000000000000000000e+00 4.342826811997007458e-02 0.000000000000000000e+00 3.763466205084582163e-03 0.000000000000000000e+00
0.000000000000000000e+00 5.343843284217096590e-02 0.000000000000000000e+00 6.803197405688943787e-04 0.000000000000000000e+00
1.315306570290057609e-03 3.844544007823310489e-02 1.393983445384800249e-02 0.000000000000000000e+00 0.000000000000000000e+00
3.128146050675954370e-03 2.828650537613806859e-02 3.850936811065520937e-02 0.000000000000000000e+00 1.577086344067796068e-03
3.206207635731435357e-03 1.362892078412725715e-02 4.179299481576980585e-02 0.000000000000000000e+00 0.000000000000000000e+00
0.000000000000000000e+00 0.000000000000000000e+00 2.606114484070740089e-02 7.307453181103013874e-03 0.000000000000000000e+00
0.000000000000000000e+00 0.000000000000000000e+00 7.753981421339982937e-03 1.399414315509244118e-02 0.000000000000000000e+00
0.000000000000000000e+00 9.794354308090265446e-04 1.444249254546767225e-03 1.277599160789037562e-02 0.000000000000000000e+00
1.126252464398305730e-02 3.278858203803191283e-03 0.000000000000000000e+00 2.464137351996951303e-02 0.000000000000000000e+00
1.743812846973723241e-02 9.913766076095344940e-04 0.000000000000000000e+00 1.268700689239640050e-02 0.000000000000000000e+00
1.134674021515982671e-02 0.000000000000000000e+00 0.000000000000000000e+00 4.351174542084753033e-04 0.000000000000000000e+00
9.374716303902692893e-03 0.000000000000000000e+00 4.134319229795554345e-04 0.000000000000000000e+00 0.000000000000000000e+00
1.269986556177311312e-03 0.000000000000000000e+00 6.932969551680072807e-05 0.000000000000000000e+00 0.000000000000000000e+00
0.000000000000000000e+00 0.000000000000000000e+00 0.000000000000000000e+00 0.000000000000000000e+00 0.000000000000000000e+00
0.000000000000000000e+00 0.000000000000000000e+00 0.000000000000000000e+00 0.000000000000000000e+00 0.000000000000000000e+00
0.000000000000000000e+00 0.000000000000000000e+00 0.000000000000000000e+00 0.000000000000000000e+00 0.000000000000000000e+00
0.000000000000000000e+00 0.000000000000000000e+00 0.000000000000000000e+00 0.000000000000000000e+00 0.000000000000000000e+00
0.000000000000000000e+00 0.000000000000000000e+00 0.000000000000000000e+00 0.000000000000000000e+00 0.000000000000000000e+00
0.000000000000000000e+00 0.000000000000000000e+00 0.000000000000000000e+00 0.000000000000000000e+00 0.000000000000000000e+00
0.000000000000000000e+00 0.000000000000000000e+00 0.000000000000000000e+00 0.000000000000000000e+00 0.000000000000000000e+00
0.000000000000000000e+00 0.000000000000000000e+00 0.000000000000000000e+00 0.000000000000000000e+00 0.000000000000000000e+00
0.000000000000000000e+00 0.000000000000000000e+00 0.000000000000000000e+00 0.000000000000000000e+00 0.000000000000000000e+00
0.000000000000000000e+00 0.000000000000000000e+00 0.000000000000000000e+00 0.000000000000000000e+00 0.000000000000000000e+00
0.000000000000000000e+00 0.000000000000000000e+00 0.000000000000000000e+00 0.000000000000000000e+00 0.000000000000000000e+00
0.000000000000000000e+00 0.000000000000000000e+00 0.000000000000000000e+00 0.000000000000000000e+00 0.000000000000000000e+00
0.000000000000000000e+00 0.000000000000000000e+00 0.000000000000000000e+00 0.000000000000000000e+00 0.000000000000000000e+00
0.000000000000000000e+00 0.000000000000000000e+00 0.000000000000000000e+00 0.000000000000000000e+00 0.000000000000000000e+00
0.000000000000000000e+00 0.000000000000000000e+00 0.000000000000000000e+00 0.000000000000000000e+00 0.000000000000000000e+00
0.000000000000000000e+00 0.000000000000000000e+00 0.000000000000000000e+00 0.000000000000000000e+00 0.000000000000000000e+00
0.000000000000000000e+00 0.000000000000000000e+00 0.000000000000000000e+00 0.000000000000000000e+00 0.000000000000000000e+00
0.000000000000000000e+00 0.000000000000000000e+00 0.000000000000000000e+00 0.000000000000000000e+00 0.000000000000000000e+00
0.000000000000000000e+00 0.000000000000000000e+00 0.000000000000000000e+00 0.000000000000000000e+00 0.000000000000000000e+00
0.000000000000000000e+00 0.000000000000000000e+00 0.000000000000000000e+00 0.000000000000000000e+00 0.000000000000000000e+00
0.000000000000000000e+00 0.000000000000000000e+00 0.000000000000000000e+00 0.000000000000000000e+00 0.000000000000000000e+00
0.000000000000000000e+00 0.000000000000000000e+00 0.000000000000000000e+00 0.000000000000000000e+00 0.000000000000000000e+00
0.000000000000000000e+00 0.000000000000000000e+00 0.000000000000000000e+00 0.000000000000000000e+00 0.000000000000000000e+00
0.000000000000000000e+00 0.000000000000000000e+00 0.000000000000000000e+00 0.000000000000000000e+00 0.000000000000000000e+00
0.000000000000000000e+00 0.000000000000000000e+00 0.000000000000000000e+00 0.000000000000000000e+00 0.000000000000000000e+00
0.000000000000000000e+00 0.000000000000000000e+00 0.000000000000000000e+00 0.000000000000000000e+00 0.000000000000000000e+00
0.000000000000000000e+00 0.000000000000000000e+00 0.000000000000000000e+00 0.000000000000000000e+00 0.000000000000000000e+00
0.000000000000000000e+00 0.000000000000000000e+00 0.000000000000000000e+00 0.000000000000000000e+00 0.000000000000000000e+00
0.000000000000000000e+00 0.000000000000000000e+00 0.000000000000000000e+00 0.000000000000000000e+00 0.000000000000000000e+00
0.000000000000000000e+00 0.000000000000000000e+00 0.000000000000000000e+00 0.000000000000000000e+00 0.000000000000000000e+00
0.000000000000000000e+00 0.000000000000000000e+00 0.000000000000000000e+00 0.000000000000000000e+00 0.000000000000000000e+00
0.000000000000000000e+00 0.000000000000000000e+00 0.000000000000000000e+00 0.000000000000000000e+00 0.000000000000000000e+00
0.000000000000000000e+00 0.000000000000000000e+00 0.000000000000000000e+00 0.000000000000000000e+00 0.000000000000000000e+00
0.000000000000000000e+00 0.000000000000000000e+00 0.000000000000000000e+00 0.000000000000000000e+00 0.000000000000000000e+00
0.000000000000000000e+00 0.000000000000000000e+00 0.000000000000000000e+00 0.000000000000000000e+00 0.000000000000000000e+00
0.000000000000000000e+00 0.000000000000000000e+00 0.000000000000000000e+00 0.000000000000000000e+00 0.000000000000000000e+00
0.000000000000000000e+00 0.000000000000000000e+00 0.000000000000000000e+00 0.000000000000000000e+00 0.000000000000000000e+00
0.000000000000000000e+00 0.000000000000000000e+00 0.000000000000000000e+00 0.000000000000000000e+00 0.000000000000000000e+00
0.000000000000000000e+00 0.000000000000000000e+00 0.000000000000000000e+00 0.000000000000000000e+00 0.000000000000000000e+00
0.000000000000000000e+00 0.000000000000000000e+00 0.000000000000000000e+00 0.000000000000000000e+00 0.000000000000000000e+00
0.000000000000000000e+00 0.000000000000000000e+00 0.000000000000000000e+00 0.000000000000000000e+00 0.000000000000000000e+00
0.000000000000000000e+00 0.000000000000000000e+00 0.000000000000000000e+00 0.000000000000000000e+00 0.000000000000000000e+00
0.000000000000000000e+00 0.000000000000000000e+00 0.000000000000000000e+00 0.000000000000000000e+00 0.000000000000000000e+00
0.000000000000000000e+00 0.000000000000000000e+00 0.000000000000000000e+00 0.000000000000000000e+00 0.000000000000000000e+00
0.000000000000000000e+00 0.000000000000000000e+00 0.000000000000000000e+00 0.000000000000000000e+00 0.000000000000000000e+00
0.000000000000000000e+00 0.000000000000000000e+00 0.000000000000000000e+00 0.000000000000000000e+00 0.000000000000000000e+00
0.000000000000000000e+00 0.000000000000000000e+00 0.000000000000000000e+00 0.000000000000000000e+00 0.000000000000000000e+00
0.000000000000000000e+00 0.000000000000000000e+00 0.000000000000000000e+00 0.000000000000000000e+00 0.000000000000000000e+00
0.000000000000000000e+00 0.000000000000000000e+00 0.000000000000000000e+00 0.000000000000000000e+00 0.000000000000000000e+00
0.000000000000000000e+00 0.000000000000000000e+00 0.000000000000000000e+00 0.000000000000000000e+00 0.000000000000000000e+00
0.000000000000000000e+00 0.000000000000000000e+00 0.000000000000000000e+00 0.000000000000000000e+00 0.000000000000000000e+00
0.000000000000000000e+00 0.000000000000000000e+00 0.000000000000000000e+00 0.000000000000000000e+00 0.000000000000000000e+00
0.000000000000000000e+00 0.000000000000000000e+00 0.000000000000000000e+00 0.000000000000000000e+00 0.000000000000000000e+00
0.000000000000000000e+00 0.000000000000000000e+00 0.000000000000000000e+00 0.000000000000000000e+00 0.000000000000000000e+00
0.000000000000000000e+00 0.000000000000000000e+00 0.000000000000000000e+00 0.000000000000000000e+00 0.000000000000000000e+00
0.000000000000000000e+00 0.000000000000000000e+00 0.000000000000000000e+00 0.000000000000000000e+00 0.000000000000000000e+00
0.000000000000000000e+00 0.000000000000000000e+00 0.000000000000000000e+00 0.000000000000000000e+00 0.000000000000000000e+00
0.000000000000000000e+00 0.000000000000000000e+00 0.000000000000000000e+00 0.000000000000000000e+00 0.000000000000000000e+00
0.000000000000000000e+00 0.000000000000000000e+00 0.000000000000000000e+00 0.000000000000000000e+00 0.000000000000000000e+00
0.000000000000000000e+00 0.000000000000000000e+00 0.000000000000000000e+00 0.000000000000000000e+00 0.000000000000000000e+00
0.000000000000000000e+00 0.000000000000000000e+00 0.000000000000000000e+00 0.000000000000000000e+00 0.000000000000000000e+00
0.000000000000000000e+00 0.000000000000000000e+00 0.000000000000000000e+00 0.000000000000000000e+00 0.000000000000000000e+00
0.000000000000000000e+00 0.000000000000000000e+00 0.000000000000000000e+00 0.000000000000000000e+00 0.000000000000000000e+00
0.000000000000000000e+00 0.000000000000000000e+00 0.000000000000000000e+00 0.000000000000000000e+00 0.000000000000000000e+00
0.000000000000000000e+00 0.000000000000000000e+00 0.000000000000000000e+00 0.000000000000000000e+00 0.000000000000000000e+00
0.000000000000000000e+00 0.000000000000000000e+00 0.000000000000000000e+00 0.000000000000000000e+00 0.000000000000000000e+00
0.000000000000000000e+00 0.000000000000000000e+00 0.000000000000000000e+00 0.000000000000000000e+00 0.000000000000000000e+00
0.000000000000000000e+00 0.000000000000000000e+00 0.000000000000000000e+00 0.000000000000000000e+00 0.000000000000000000e+00
0.000000000000000000e+00 0.000000000000000000e+00 0.000000000000000000e+00 0.000000000000000000e+00 0.000000000000000000e+00
0.000000000000000000e+00 0.000000000000000000e+00 0.000000000000000000e+00 0.000000000000000000e+00 0.000000000000000000e+00
0.000000000000000000e+00 0.000000000000000000e+00 0.000000000000000000e+00 0.000000000000000000e+00 0.000000000000000000e+00
0.000000000000000000e+00 0.000000000000000000e+00 0.000000000000000000e+00 0.000000000000000000e+00 0.000000000000000000e+00
0.000000000000000000e+00 0.000000000000000000e+00 0.000000000000000000e+00 0.000000000000000000e+00 0.000000000000000000e+00
0.000000000000000000e+00 0.000000000000000000e+00 0.000000000000000000e+00 0.000000000000000000e+00 0.000000000000000000e+00
0.000000000000000000e+00 0.000000000000000000e+00 0.000000000000000000e+00 0.000000000000000000e+00 0.000000000000000000e+00
0.000000000000000000e+00 0.000000000000000000e+00 0.000000000000000000e+00 0.000000000000000000e+00 0.000000000000000000e+00
0.000000000000000000e+00 0.000000000000000000e+00 0.000000000000000000e+00 0.000000000000000000e+00 0.000000000000000000e+00
0.000000000000000000e+00 0.000000000000000000e+00 0.000000000000000000e+00 0.000000000000000000e+00 0.000000000000000000e+00
0.000000000000000000e+00 0.000000000000000000e+00 0.000000000000000000e+00 0.000000000000000000e+00 0.000000000000000000e+00
0.000000000000000000e+00 0.000000000000000000e+00 0.000000000000000000e+00 0.000000000000000000e+00 0.000000000000000000e+00
0.000000000000000000e+00 0.000000000000000000e+00 0.000000000000000000e+00 0.000000000000000000e+00 0.000000000000000000e+00
0.000000000000000000e+00 0.000000000000000000e+00 0.000000000000000000e+00 0.000000000000000000e+00 0.000000000000000000e+00
0.000000000000000000e+00 0.000000000000000000e+00 0.000000000000000000e+00 0.000000000000000000e+00 0.000000000000000000e+00
0.000000000000000000e+00 0.000000000000000000e+00 0.000000000000000000e+00 0.000000000000000000e+00 0.000000000000000000e+00
0.000000000000000000e+00 0.000000000000000000e+00 0.000000000000000000e+00 0.000000000000000000e+00 0.000000000000000000e+00
0.000000000000000000e+00 0.000000000000000000e+00 0.000000000000000000e+00 0.000000000000000000e+00 0.000000000000000000e+00
0.000000000000000000e+00 0.000000000000000000e+00 0.000000000000000000e+00 0.000000000000000000e+00 0.000000000000000000e+00
0.000000000000000000e+00 0.000000000000000000e+00 0.000000000000000000e+00 0.000000000000000000e+00 0.000000000000000000e+00
0.000000000000000000e+00 0.000000000000000000e+00 0.000000000000000000e+00 0.000000000000000000e+00 0.000000000000000000e+00
0.000000000000000000e+00 0.000000000000000000e+00 0.000000000000000000e+00 0.000000000000000000e+00 0.000000000000000000e+00
0.000000000000000000e+00 0.000000000000000000e+00 0.000000000000000000e+00 0.000000000000000000e+00 0.000000000000000000e+00
0.000000000000000000e+00 0.000000000000000000e+00 0.000000000000000000e+00 0.000000000000000000e+00 0.000000000000000000e+00
0.000000000000000000e+00 0.000000000000000000e+00 0.000000000000000000e+00 0.000000000000000000e+00 0.000000000000000000e+00
