24.66503405570984
0.000000000000000000e+00 0.000000000000000000e+00 0.000000000000000000e+00 0.000000000000000000e+00 0.000000000000000000e+00
0.000000000000000000e+00 0.000000000000000000e+00 0.000000000000000000e+00 0.000000000000000000e+00 0.000000000000000000e+00
0.000000000000000000e+00 0.000000000000000000e+00 0.000000000000000000e+00 0.000000000000000000e+00 0.000000000000000000e+00
0.000000000000000000e+00 0.000000000000000000e+00 0.000000000000000000e+00 0.000000000000000000e+00 0.000000000000000000e+00
0.000000000000000000e+00 0.000000000000000000e+00 0.000000000000000000e+00 0.000000000000000000e+00 0.000000000000000000e+00
0.000000000000000000e+00 0.000000000000000000e+00 0.000000000000000000e+00 0.000000000000000000e+00 0.000000000000000000e+00
0.000000000000000000e+00 0.000000000000000000e+00 0.000000000000000000e+00 0.000000000000000000e+00 0.000000000000000000e+00
0.000000000000000000e+00 0.000000000000000000e+00 0.000000000000000000e+00 0.000000000000000000e+00 0.000000000000000000e+00
0.000000000000000000e+00 0.000000000000000000e+00 0.000000000000000000e+00 0.000000000000000000e+00 0.000000000000000000e+00
0.000000000000000000e+00 0.000000000000000000e+00 0.000000000000000000e+00 0.000000000000000000e+00 0.000000000000000000e+00
0.000000000000000000e+00 0.000000000000000000e+00 0.000000000000000000e+00 0.000000000000000000e+00 0.000000000000000000e+00
0.000000000000000000e+00 0.000000000000000000e+00 0.000000000000000000e+00 0.000000000000000000e+00 0.000000000000000000e+00
0.000000000000000000e+00 0.000000000000000000e+00 0.000000000000000000e+00 0.000000000000000000e+00 0.000000000000000000e+00
0.000000000000000000e+00 0.000000000000000000e+00 0.000000000000000000e+00 0.000000000000000000e+00 0.000000000000000000e+00
0.000000000000000000e+00 0.000000000000000000e+00 0.000000000000000000e+00 0.000000000000000000e+00 0.000000000000000000e+00
0.000000000000000000e+00 0.000000000000000000e+00 0.000000000000000000e+00 0.000000000000000000e+00 0.000000000000000000e+00
0.000000000000000000e+00 0.000000000000000000e+00 0.000000000000000000e+00 0.000000000000000000e+00 0.000000000000000000e+00
0.000000000000000000e+00 0.000000000000000000e+00 0.000000000000000000e+00 0.000000000000000000e+00 0.000000000000000000e+00
0.000000000000000000e+00 0.000000000000000000e+00 0.000000000000000000e+00 0.000000000000000000e+00 0.000000000000000000e+00
0.000000000000000000e+00 0.000000000000000000e+00 0.000000000000000000e+00 0.000000000000000000e+00 0.000000000000000000e+00
0.000000000000000000e+00 0.000000000000000000e+00 0.000000000000000000e+00 0.000000000000000000e+00 0.000000000000000000e+00
0.000000000000000000e+00 0.000000000000000000e+00 0.000000000000000000e+00 0.000000000000000000e+00 0.000000000000000000e+00
0.000000000000000000e+00 0.000000000000000000e+00 0.000000000000000000e+00 0.000000000000000000e+00 0.000000000000000000e+00
0.000000000000000000e+00 0.000000000000000000e+00 0.000000000000000000e+00 0.000000000000000000e+00 0.000000000000000000e+00
0.000000000000000000e+00 0.000000000000000000e+00 0.000000000000000000e+00 0.000000000000000000e+00 0.000000000000000000e+00
0.000000000000000000e+00 0.000000000000000000e+00 0.000000000000000000e+00 0.000000000000000000e+00 0.000000000000000000e+00
0.000000000000000000e+00 0.000000000000000000e+00 0.000000000000000000e+00 0.000000000000000000e+00 0.000000000000000000e+00
0.000000000000000000e+00 0.000000000000000000e+00 0.000000000000000000e+00 0.000000000000000000e+00 0.000000000000000000e+00
0.000000000000000000e+00 0.000000000000000000e+00 0.000000000000000000e+00 0.000000000000000000e+00 0.000000000000000000e+00
0.000000000000000000e+00 0.000000000000000000e+00 0.000000000000000000e+00 0.000000000000000000e+00 0.000000000000000000e+00
0.000000000000000000e+00 0.000000000000000000e+00 0.000000000000000000e+00 0.000000000000000000e+00 0.000000000000000000e+00
0.000000000000000000e+00 0.000000000000000000e+00 0.000000000000000000e+00 0.000000000000000000e+00 0.000000000000000000e+00
0.000000000000000000e+00 0.000000000000000000e+00 0.000000000000000000e+00 0.000000000000000000e+00 0.000000000000000000e+00
0.000000000000000000e+00 0.000000000000000000e+00 0.000000000000000000e+00 0.000000000000000000e+00 0.000000000000000000e+00
0.000000000000000000e+00 0.000000000000000000e+00 0.000000000000000000e+00 0.000000000000000000e+00 0.000000000000000000e+00
0.000000000000000000e+00 0.000000000000000000e+00 0.000000000000000000e+00 0.000000000000000000e+00 0.000000000000000000e+00
0.000000000000000000e+00 0.000000000000000000e+00 0.000000000000000000e+00 0.000000000000000000e+00 0.000000000000000000e+00
0.000000000000000000e+00 0.000000000000000000e+00 0.000000000000000000e+00 0.000000000000000000e+00 0.000000000000000000e+00
0.000000000000000000e+00 0.000000000000000000e+00 0.000000000000000000e+00 0.000000000000000000e+00 0.000000000000000000e+00
0.000000000000000000e+00 0.000000000000000000e+00 0.000000000000000000e+00 0.000000000000000000e+00 0.000000000000000000e+00
0.000000000000000000e+00 0.000000000000000000e+00 0.000000000000000000e+00 0.000000000000000000e+00 0.000000000000000000e+00
0.000000000000000000e+00 0.000000000000000000e+00 0.000000000000000000e+00 0.000000000000000000e+00 0.000000000000000000e+00
0.000000000000000000e+00 0.000000000000000000e+00 0.000000000000000000e+00 0.000000000000000000e+00 0.000000000000000000e+00
0.000000000000000000e+00 0.000000000000000000e+00 0.000000000000000000e+00 0.000000000000000000e+00 0.000000000000000000e+00
0.000000000000000000e+00 0.000000000000000000e+00 0.000000000000000000e+00 0.000000000000000000e+00 0.000000000000000000e+00
0.000000000000000000e+00 0.000000000000000000e+00 0.000000000000000000e+00 0.000000000000000000e+00 0.000000000000000000e+00
0.000000000000000000e+00 0.000000000000000000e+00 0.000000000000000000e+00 0.000000000000000000e+00 0.000000000000000000e+00
0.000000000000000000e+00 0.000000000000000000e+00 0.000000000000000000e+00 0.000000000000000000e+00 0.000000000000000000e+00
0.000000000000000000e+00 0.000000000000000000e+00 0.000000000000000000e+00 0.000000000000000000e+00 0.000000000000000000e+00
0.000000000000000000e+00 0.000000000000000000e+00 0.000000000000000000e+00 0.000000000000000000e+00 0.000000000000000000e+00
0.000000000000000000e+00 0.000000000000000000e+00 0.000000000000000000e+00 0.000000000000000000e+00 0.000000000000000000e+00
0.000000000000000000e+00 0.000000000000000000e+00 0.000000000000000000e+00 0.000000000000000000e+00 0.000000000000000000e+00
0.000000000000000000e+00 0.000000000000000000e+00 0.000000000000000000e+00 0.000000000000000000e+00 0.000000000000000000e+00
0.000000000000000000e+00 0.000000000000000000e+00 0.000000000000000000e+00 0.000000000000000000e+00 0.000000000000000000e+00
0.000000000000000000e+00 0.000000000000000000e+00 0.000000000000000000e+00 0.000000000000000000e+00 0.000000000000000000e+00
0.000000000000000000e+00 0.000000000000000000e+00 0.000000000000000000e+00 0.000000000000000000e+00 0.000000000000000000e+00
0.000000000000000000e+00 0.000000000000000000e+00 0.000000000000000000e+00 0.000000000000000000e+00 0.000000000000000000e+00
0.000000000000000000e+00 0.000000000000000000e+00 0.000000000000000000e+00 0.000000000000000000e+00 0.000000000000000000e+00
0.000000000000000000e+00 0.000000000000000000e+00 0.000000000000000000e+00 0.000000000000000000e+00 0.000000000000000000e+00
0.000000000000000000e+00 0.000000000000000000e+00 0.000000000000000000e+00 0.000000000000000000e+00 0.000000000000000000e+00
0.000000000000000000e+00 0.000000000000000000e+00 0.000000000000000000e+00 0.000000000000000000e+00 0.000000000000000000e+00
0.000000000000000000e+00 0.000000000000000000e+00 0.000000000000000000e+00 0.000000000000000000e+00 0.000000000000000000e+00
0.000000000000000000e+00 0.000000000000000000e+00 0.000000000000000000e+00 0.000000000000000000e+00 0.000000000000000000e+00
0.000000000000000000e+00 0.000000000000000000e+00 0.000000000000000000e+00 0.000000000000000000e+00 0.000000000000000000e+00
0.000000000000000000e+00 0.000000000000000000e+00 0.000000000000000000e+00 0.000000000000000000e+00 0.000000000000000000e+00
0.000000000000000000e+00 0.000000000000000000e+00 0.000000000000000000e+00 0.000000000000000000e+00 0.000000000000000000e+00
0.000000000000000000e+00 0.000000000000000000e+00 0.000000000000000000e+00 0.000000000000000000e+00 0.000000000000000000e+00
0.000000000000000000e+00 4.064505302422033754e-04 0.000000000000000000e+00 2.487641783852099294e-04 5.153125762524721470e-04
0.000000000000000000e+00 1.872395965452110624e-03 0.000000000000000000e+00 2.557644820536608254e-03 4.283063356368377664e-03
0.000000000000000000e+00 1.886556363871686641e-03 0.000000000000000000e+00 2.945160593508770828e-03 4.823492254564811475e-03
0.000000000000000000e+00 4.163605989153010278e-03 0.000000000000000000e+00 1.929793810593249384e-03 5.603406677517163044e-03
0.000000000000000000e+00 2.426810924762900102e-03 0.000000000000000000e+00 1.383924089048136946e-04 2.267335282016786756e-03
0.000000000000000000e+00 3.610058250414778947e-03 0.000000000000000000e+00 0.000000000000000000e+00 2.102731124270174924e-03
0.000000000000000000e+00 3.956787008929192259e-03 0.000000000000000000e+00 0.000000000000000000e+00 2.304688350894995401e-03
0.000000000000000000e+00 7.138533263532050640e-04 0.000000000000000000e+00 0.000000000000000000e+00 4.157942901099219630e-04
0.000000000000000000e+00 0.000000000000000000e+00 0.000000000000000000e+00 0.000000000000000000e+00 0.000000000000000000e+00
0.000000000000000000e+00 0.000000000000000000e+00 0.000000000000000000e+00 0.000000000000000000e+00 0.000000000000000000e+00
0.000000000000000000e+00 0.000000000000000000e+00 0.000000000000000000e+00 0.000000000000000000e+00 0.000000000000000000e+00
0.000000000000000000e+00 0.000000000000000000e+00 0.000000000000000000e+00 0.000000000000000000e+00 0.000000000000000000e+00
0.000000000000000000e+00 0.000000000000000000e+00 0.000000000000000000e+00 0.000000000000000000e+00 0.000000000000000000e+00
0.000000000000000000e+00 0.000000000000000000e+00 0.000000000000000000e+00 0.000000000000000000e+00 0.000000000000000000e+00
0.000000000000000000e+00 0.000000000000000000e+00 0.000000000000000000e+00 0.000000000000000000e+00 0.000000000000000000e+00
0.000000000000000000e+00 0.000000000000000000e+00 0.000000000000000000e+00 0.000000000000000000e+00 0.000000000000000000e+00
0.000000000000000000e+00 0.000000000000000000e+00 0.000000000000000000e+00 0.000000000000000000e+00 0.000000000000000000e+00
0.000000000000000000e+00 0.000000000000000000e+00 0.000000000000000000e+00 0.000000000000000000e+00 0.000000000000000000e+00
0.000000000000000000e+00 0.000000000000000000e+00 0.000000000000000000e+00 0.000000000000000000e+00 0.000000000000000000e+00
0.000000000000000000e+00 0.000000000000000000e+00 0.000000000000000000e+00 0.000000000000000000e+00 0.000000000000000000e+00
0.000000000000000000e+00 0.000000000000000000e+00 0.000000000000000000e+00 0.000000000000000000e+00 0.000000000000000000e+00
0.000000000000000000e+00 0.000000000000000000e+00 0.000000000000000000e+00 0.000000000000000000e+00 0.000000000000000000e+00
0.000000000000000000e+00 0.000000000000000000e+00 0.000000000000000000e+00 0.000000000000000000e+00 0.000000000000000000e+00
0.000000000000000000e+00 0.000000000000000000e+00 5.567056185174750881e-04 3.121097310008797039e-04 8.519694189194127777e-04
0.000000000000000000e+00 0.000000000000000000e+00 1.186917489225523380e-03 8.195519680334565227e-04 4.004737838398496862e-03
0.000000000000000000e+00 0.000000000000000000e+00 0.000000000000000000e+00 1.478361380811090591e-04 1.908143673455663450e-02
0.000000000000000000e+00 0.000000000000000000e+00 0.000000000000000000e+00 3.245354971844130335e-04 2.843452153569063501e-02
0.000000000000000000e+00 0.000000000000000000e+00 0.000000000000000000e+00 1.901562741804084392e-03 3.203168545085300495e-02
0.000000000000000000e+00 0.000000000000000000e+00 0.000000000000000000e+00 6.534530150474658107e-03 4.555100494618780776e-02
0.000000000000000000e+00 0.000000000000000000e+00 0.000000000000000000e+00 8.272337855112187055e-03 4.826880767735837463e-02
0.000000000000000000e+00 0.000000000000000000e+00 0.000000000000000000e+00 1.803229649486377123e-02 4.403874312310213784e-02
0.000000000000000000e+00 0.000000000000000000e+00 0.000000000000000000e+00 2.874131032623397641e-02 4.190017404197603212e-02
0.000000000000000000e+00 0.000000000000000000e+00 0.000000000000000000e+00 4.038780139513965112e-02 2.976436909058034763e-02
0.000000000000000000e+00 0.000000000000000000e+00 0.000000000000000000e+00 5.194922746147934145e-02 1.409025127489645438e-02
0.000000000000000000e+00 0.000000000000000000e+00 1.444815169506068154e-03 6.496322774884161211e-02 0.000000000000000000e+00
0.000000000000000000e+00 0.000000000000000000e+00 7.404141382602928657e-04 6.171108903272987112e-02 0.000000000000000000e+00
0.000000000000000000e+00 0.000000000000000000e+00 2.405277315164620899e-03 4.093234850514988060e-02 0.000000000000000000e+00
0.000000000000000000e+00 0.000000000000000000e+00 3.608292000723723955e-03 2.633547660470008864e-02 0.000000000000000000e+00
3.441818141216542934e-03 0.000000000000000000e+00 1.986934397997994263e-05 6.546779632983361005e-03 0.000000000000000000e+00
0.000000000000000000e+00 3.007833023462034628e-04 0.000000000000000000e+00 6.971504393307307625e-04 0.000000000000000000e+00
0.000000000000000000e+00 0.000000000000000000e+00 0.000000000000000000e+00 0.000000000000000000e+00 0.000000000000000000e+00
0.000000000000000000e+00 0.000000000000000000e+00 0.000000000000000000e+00 0.000000000000000000e+00 0.000000000000000000e+00
0.000000000000000000e+00 0.000000000000000000e+00 0.000000000000000000e+00 0.000000000000000000e+00 0.000000000000000000e+00
0.000000000000000000e+00 0.000000000000000000e+00 0.000000000000000000e+00 0.000000000000000000e+00 0.000000000000000000e+00
0.000000000000000000e+00 0.000000000000000000e+00 0.000000000000000000e+00 0.000000000000000000e+00 0.000000000000000000e+00
0.000000000000000000e+00 0.000000000000000000e+00 0.000000000000000000e+00 0.000000000000000000e+00 0.000000000000000000e+00
0.000000000000000000e+00 0.000000000000000000e+00 0.000000000000000000e+00 0.000000000000000000e+00 0.000000000000000000e+00
0.000000000000000000e+00 0.000000000000000000e+00 0.000000000000000000e+00 0.000000000000000000e+00 0.000000000000000000e+00
0.000000000000000000e+00 0.000000000000000000e+00 0.000000000000000000e+00 0.000000000000000000e+00 0.000000000000000000e+00
9.530681052042068945e-05 0.000000000000000000e+00 1.500399135647034747e-05 1.007078404439882175e-04 2.134300672014454391e-04
1.710275583223983030e-03 0.000000000000000000e+00 5.467484376430500927e-06 1.518456888261861043e-03 4.914625333804014534e-03
0.000000000000000000e+00 0.000000000000000000e+00 2.104814961614015403e-03 3.346762953534656703e-03 1.097157161950528675e-02
0.000000000000000000e+00 0.000000000000000000e+00 0.000000000000000000e+00 3.386625455308031173e-03 1.901145652737555938e-02
0.000000000000000000e+00 0.000000000000000000e+00 0.000000000000000000e+00 3.594035618024225311e-03 4.450514150428280108e-02
0.000000000000000000e+00 0.000000000000000000e+00 0.000000000000000000e+00 5.362061826398368571e-03 6.002167351140202251e-02
0.000000000000000000e+00 0.000000000000000000e+00 0.000000000000000000e+00 1.031481677995601219e-02 6.797829456166566697e-02
3.734039910264253491e-03 0.000000000000000000e+00 0.000000000000000000e+00 1.711432257750914593e-02 8.500496497031745369e-02
6.138248621289307989e-03 0.000000000000000000e+00 0.000000000000000000e+00 3.610036102301128480e-02 9.766269645258673915e-02
5.620129645090284759e-03 0.000000000000000000e+00 0.000000000000000000e+00 5.586297030481311016e-02 1.144386159894483362e-01
0.000000000000000000e+00 0.000000000000000000e+00 0.000000000000000000e+00 7.379622482176473319e-02 1.078311032927211921e-01
9.056326231104470589e-03 0.000000000000000000e+00 0.000000000000000000e+00 9.248233330368542393e-02 8.613163542348431512e-02
1.730295990990342661e-02 3.049708041687174045e-03 0.000000000000000000e+00 1.000125050622215905e-01 6.586219806143028821e-02
2.962721229811410284e-02 8.542187732678955397e-03 0.000000000000000000e+00 1.032434989070655645e-01 2.268899294726106630e-02
4.197389022774802858e-02 7.839153750932697715e-03 0.000000000000000000e+00 9.863040435426657926e-02 0.000000000000000000e+00
3.549285365758554633e-02 4.454299234699395441e-03 0.000000000000000000e+00 8.825765072995031546e-02 0.000000000000000000e+00
2.696629057974024232e-02 0.000000000000000000e+00 0.000000000000000000e+00 5.806841834108721068e-02 0.000000000000000000e+00
1.662727803498936785e-02 0.000000000000000000e+00 0.000000000000000000e+00 2.948780262742102878e-02 0.000000000000000000e+00
4.522398284785396176e-03 4.728383908500749630e-04 0.000000000000000000e+00 4.474980546470518940e-03 0.000000000000000000e+00
0.000000000000000000e+00 0.000000000000000000e+00 0.000000000000000000e+00 0.000000000000000000e+00 0.000000000000000000e+00
0.000000000000000000e+00 0.000000000000000000e+00 0.000000000000000000e+00 0.000000000000000000e+00 0.000000000000000000e+00
0.000000000000000000e+00 0.000000000000000000e+00 0.000000000000000000e+00 0.000000000000000000e+00 0.000000000000000000e+00
0.000000000000000000e+00 0.000000000000000000e+00 0.000000000000000000e+00 0.000000000000000000e+00 0.000000000000000000e+00
0.000000000000000000e+00 0.000000000000000000e+00 0.000000000000000000e+00 0.000000000000000000e+00 0.000000000000000000e+00
0.000000000000000000e+00 0.000000000000000000e+00 0.000000000000000000e+00 0.000000000000000000e+00 0.000000000000000000e+00
0.000000000000000000e+00 0.000000000000000000e+00 0.000000000000000000e+00 0.000000000000000000e+00 0.000000000000000000e+00
0.000000000000000000e+00 0.000000000000000000e+00 0.000000000000000000e+00 0.000000000000000000e+00 0.000000000000000000e+00
0.000000000000000000e+00 0.000000000000000000e+00 0.000000000000000000e+00 0.000000000000000000e+00 0.000000000000000000e+00
4.507129242768225137e-03 0.000000000000000000e+00 7.740349674283899433e-04 0.000000000000000000e+00 3.398815954433889036e-03
1.086898905504057877e-02 0.000000000000000000e+00 6.525913473804748413e-03 1.466964672703491724e-03 1.828738679226786512e-02
1.097942436312786610e-02 0.000000000000000000e+00 9.195599501143188192e-03 1.482459675373902410e-03 3.431396851258584901e-02
9.521358001598277665e-03 0.000000000000000000e+00 8.059119303041607438e-03 2.165362379744633411e-03 4.697624359236303448e-02
5.036554986545890497e-03 0.000000000000000000e+00 7.181876482920886672e-03 3.526262438594098599e-03 6.394754155598580958e-02
6.093320380696686141e-03 0.000000000000000000e+00 2.864068462537409411e-03 5.099054743513493394e-03 8.616649528099189215e-02
1.015126736247108120e-02 0.000000000000000000e+00 4.551484987115037018e-03 1.300128700921941542e-02 1.180983640436016474e-01
2.557747611157530285e-02 0.000000000000000000e+00 3.375022634695724454e-03 3.191500404718750072e-02 1.371236641118045441e-01
3.297857353053672974e-02 0.000000000000000000e+00 3.659734725927386661e-04 5.437904555493242031e-02 1.399910356645536202e-01
3.651266324574738847e-02 0.000000000000000000e+00 0.000000000000000000e+00 7.188519863933691412e-02 1.380867416899764777e-01
4.440238833766414067e-02 3.218746191058763188e-03 0.000000000000000000e+00 8.343998018208598211e-02 1.360624276940842203e-01
6.619123384504949081e-02 2.387225831659739797e-02 0.000000000000000000e+00 8.043488172420855398e-02 1.164530477298489491e-01
8.856587949117059044e-02 4.747316329193655704e-02 0.000000000000000000e+00 7.653224790584597925e-02 9.405917978239916599e-02
9.326583825831327723e-02 4.599763335432326128e-02 0.000000000000000000e+00 8.613222626530966930e-02 6.420125301231263681e-02
8.280252947987887246e-02 3.283272711748040640e-02 0.000000000000000000e+00 9.530104940145139869e-02 2.787585805297495417e-02
7.574037377393916248e-02 1.972438056219320487e-02 0.000000000000000000e+00 9.519843197257149559e-02 0.000000000000000000e+00
7.240531665110555570e-02 8.729222802920549515e-03 0.000000000000000000e+00 8.160768022003310473e-02 0.000000000000000000e+00
6.076399109827405193e-02 1.193637020938747911e-03 0.000000000000000000e+00 4.458057660284184265e-02 0.000000000000000000e+00
2.460246076593151573e-02 3.268220980355937121e-03 0.000000000000000000e+00 1.074398681836197071e-02 0.000000000000000000e+00
1.094196766858375382e-03 3.875273412937495329e-04 0.000000000000000000e+00 0.000000000000000000e+00 8.464870932545496055e-05
0.000000000000000000e+00 0.000000000000000000e+00 0.000000000000000000e+00 0.000000000000000000e+00 0.000000000000000000e+00
0.000000000000000000e+00 0.000000000000000000e+00 0.000000000000000000e+00 0.000000000000000000e+00 0.000000000000000000e+00
0.000000000000000000e+00 0.000000000000000000e+00 0.000000000000000000e+00 0.000000000000000000e+00 0.000000000000000000e+00
0.000000000000000000e+00 0.000000000000000000e+00 0.000000000000000000e+00 0.000000000000000000e+00 0.000000000000000000e+00
0.000000000000000000e+00 0.000000000000000000e+00 0.000000000000000000e+00 0.000000000000000000e+00 0.000000000000000000e+00
0.000000000000000000e+00 0.000000000000000000e+00 0.000000000000000000e+00 0.000000000000000000e+00 0.000000000000000000e+00
0.000000000000000000e+00 0.000000000000000000e+00 0.000000000000000000e+00 0.000000000000000000e+00 0.000000000000000000e+00
0.000000000000000000e+00 0.000000000000000000e+00 0.000000000000000000e+00 0.000000000000000000e+00 0.000000000000000000e+00
8.334844614694920939e-03 0.000000000000000000e+00 4.344657076745416478e-03 0.000000000000000000e+00 4.756162735417169413e-03
1.262402873887805664e-02 0.000000000000000000e+00 2.139302148771777753e-02 8.084767634392787299e-04 2.049917781424956051e-02
9.553044450008671071e-03 0.000000000000000000e+00 2.135926464760691534e-02 0.000000000000000000e+00 4.250898482522794120e-02
4.728579191590429401e-03 0.000000000000000000e+00 2.866728228769075890e-02 0.000000000000000000e+00 5.804979868833017725e-02
0.000000000000000000e+00 0.000000000000000000e+00 3.409737374854201336e-02 0.000000000000000000e+00 7.341799566103394958e-02
2.251400731035947244e-03 0.000000000000000000e+00 4.111271159189883173e-02 1.145890394868287303e-02 8.762690478346414624e-02
1.845220779959754961e-02 0.000000000000000000e+00 4.141980315411475377e-02 2.187819263898987954e-02 1.022773998638130122e-01
3.526547474266280430e-02 0.000000000000000000e+00 4.349316424432983497e-02 4.243184435677608418e-02 1.058254287534880628e-01
5.491259044394426747e-02 0.000000000000000000e+00 3.434779832622429641e-02 5.773178559082279421e-02 9.980845344068974001e-02
7.644090635691581925e-02 3.234111754682072321e-02 2.301520324512221910e-02 5.181943688616129362e-02 8.503166857447785887e-02
9.339232476655962012e-02 5.819954512023861604e-02 2.274769587625255149e-02 2.863106927918543723e-02 7.597359137197104428e-02
1.020484365058913073e-01 7.606235766841414059e-02 1.664352023472468953e-02 1.069406239469491288e-02 8.730605849158756815e-02
1.030220768392055564e-01 8.796630988714571053e-02 3.683138681245058058e-03 7.348456032877588411e-03 9.231937683647901960e-02
1.036519682759167033e-01 8.910366460928029197e-02 0.000000000000000000e+00 2.848313803833604774e-02 7.755048131601938177e-02
1.021956426538831453e-01 7.840334251330090265e-02 0.000000000000000000e+00 4.640667614658283702e-02 5.349206097279733674e-02
9.133669234935444525e-02 5.265590475079274385e-02 0.000000000000000000e+00 8.077298262073165369e-02 1.480392386294711315e-02
8.515989668840133475e-02 2.475203333930946215e-02 0.000000000000000000e+00 9.010945653761436025e-02 0.000000000000000000e+00
8.379448686412616087e-02 7.548278534863365682e-03 0.000000000000000000e+00 5.651499704602185037e-02 0.000000000000000000e+00
4.724544530555848526e-02 8.882703096456365938e-03 0.000000000000000000e+00 2.094153762220658452e-02 0.000000000000000000e+00
1.614926199497858372e-02 3.461997417652866796e-03 0.000000000000000000e+00 0.000000000000000000e+00 0.000000000000000000e+00
0.000000000000000000e+00 0.000000000000000000e+00 0.000000000000000000e+00 0.000000000000000000e+00 0.000000000000000000e+00
0.000000000000000000e+00 0.000000000000000000e+00 0.000000000000000000e+00 0.000000000000000000e+00 0.000000000000000000e+00
0.000000000000000000e+00 0.000000000000000000e+00 0.000000000000000000e+00 0.000000000000000000e+00 0.000000000000000000e+00
0.000000000000000000e+00 0.000000000000000000e+00 0.000000000000000000e+00 0.000000000000000000e+00 0.000000000000000000e+00
0.000000000000000000e+00 0.000000000000000000e+00 0.000000000000000000e+00 0.000000000000000000e+00 0.000000000000000000e+00
0.000000000000000000e+00 0.000000000000000000e+00 0.000000000000000000e+00 0.000000000000000000e+00 0.000000000000000000e+00
0.000000000000000000e+00 0.000000000000000000e+00 0.000000000000000000e+00 0.000000000000000000e+00 0.000000000000000000e+00
0.000000000000000000e+00 0.000000000000000000e+00 0.000000000000000000e+00 0.000000000000000000e+00 0.000000000000000000e+00
5.456566113293144331e-03 0.000000000000000000e+00 1.416806362202244034e-02 0.000000000000000000e+00 3.232824020068173279e-03
4.666982516519885965e-03 0.000000000000000000e+00 4.017853443658161994e-02 0.000000000000000000e+00 1.720467188060674502e-02
0.000000000000000000e+00 0.000000000000000000e+00 5.830285434162719299e-02 0.000000000000000000e+00 3.948976410267455994e-02
0.000000000000000000e+00 0.000000000000000000e+00 6.619246192033156895e-02 0.000000000000000000e+00 4.634278128251467094e-02
0.000000000000000000e+00 0.000000000000000000e+00 7.009766527586563933e-02 0.000000000000000000e+00 4.877705336937853547e-02
7.175106688375559351e-03 0.000000000000000000e+00 8.123299029954267336e-02 2.170932771631859954e-03 5.611506458119697865e-02
3.335353649590676317e-02 0.000000000000000000e+00 7.742555591108962743e-02 7.617376098479519166e-03 5.826270200290811080e-02
5.567274650212677284e-02 1.796257889601432858e-02 7.631212696143971352e-02 9.626538415454560099e-03 3.919537611321296383e-02
6.660779990158928465e-02 3.987317996007549298e-02 8.718507076914940035e-02 2.652405382758449628e-02 1.694218561251353145e-02
6.997349756482493244e-02 6.646020896016514856e-02 9.934227918758134490e-02 1.665497713856588929e-02 5.513809686678511519e-03
6.916183235805047069e-02 8.346152802923585690e-02 9.598014692475081988e-02 3.268740805935335843e-03 5.988156810166032039e-03
5.226669948826945938e-02 7.988156986451333541e-02 9.963407346360503292e-02 0.000000000000000000e+00 2.605970247697156697e-02
4.884472435737054891e-02 9.139522513355799460e-02 8.074289686029856306e-02 0.000000000000000000e+00 6.502481422177935899e-02
5.216355887478949654e-02 9.966847322674524112e-02 4.718551651508023914e-02 0.000000000000000000e+00 8.083590433720820589e-02
5.731519882402776739e-02 9.396833397802463461e-02 6.404924039358715279e-03 1.627080681823235564e-02 7.379894572224499072e-02
8.045981900847141988e-02 7.929966356556691909e-02 0.000000000000000000e+00 5.278740297893266126e-02 2.894406059421273866e-02
9.221045889688554709e-02 3.235194282665281029e-02 0.000000000000000000e+00 8.866530349820857249e-02 0.000000000000000000e+00
9.970794595517665226e-02 1.388767569425458648e-02 0.000000000000000000e+00 6.092405335212615347e-02 0.000000000000000000e+00
7.008952912187779716e-02 9.289483091484836488e-03 0.000000000000000000e+00 2.461836846034594350e-02 0.000000000000000000e+00
2.324911854736918387e-02 4.538917219416307124e-03 0.000000000000000000e+00 0.000000000000000000e+00 0.000000000000000000e+00
0.000000000000000000e+00 0.000000000000000000e+00 0.000000000000000000e+00 0.000000000000000000e+00 0.000000000000000000e+00
0.000000000000000000e+00 0.000000000000000000e+00 0.000000000000000000e+00 0.000000000000000000e+00 0.000000000000000000e+00
0.000000000000000000e+00 0.000000000000000000e+00 0.000000000000000000e+00 0.000000000000000000e+00 0.000000000000000000e+00
0.000000000000000000e+00 0.000000000000000000e+00 0.000000000000000000e+00 0.000000000000000000e+00 0.000000000000000000e+00
0.000000000000000000e+00 0.000000000000000000e+00 0.000000000000000000e+00 0.000000000000000000e+00 0.000000000000000000e+00
0.000000000000000000e+00 0.000000000000000000e+00 0.000000000000000000e+00 0.000000000000000000e+00 0.000000000000000000e+00
0.000000000000000000e+00 0.000000000000000000e+00 0.000000000000000000e+00 0.000000000000000000e+00 0.000000000000000000e+00
0.000000000000000000e+00 0.000000000000000000e+00 0.000000000000000000e+00 0.000000000000000000e+00 0.000000000000000000e+00
4.231421322806630352e-03 0.000000000000000000e+00 4.727625174682648784e-02 0.000000000000000000e+00 4.640595795630416548e-03
0.000000000000000000e+00 0.000000000000000000e+00 6.028553481646375944e-02 0.000000000000000000e+00 1.752199707837555007e-02
0.000000000000000000e+00 0.000000000000000000e+00 7.121850029780422975e-02 0.000000000000000000e+00 2.316911134933057753e-02
0.000000000000000000e+00 0.000000000000000000e+00 8.378911570154651267e-02 0.000000000000000000e+00 2.296273986094089087e-02
0.000000000000000000e+00 7.741109933553142267e-03 9.854677888620710924e-02 0.000000000000000000e+00 1.538508579343654016e-02
2.167005777729569260e-02 1.976838749335063997e-02 1.067937052528505626e-01 0.000000000000000000e+00 1.168537362995220388e-02
3.759226466786592946e-02 3.084402437420817947e-02 1.129437856768211457e-01 0.000000000000000000e+00 4.546301948997517710e-03
5.045805485704597804e-02 4.541303574831526829e-02 1.233274844903591710e-01 0.000000000000000000e+00 0.000000000000000000e+00
5.033615483121903211e-02 4.936433294512238695e-02 1.281759097230820987e-01 6.601035666956260942e-03 0.000000000000000000e+00
4.536784868050668801e-02 5.182258131714394950e-02 1.251015120075746889e-01 2.049854844436943373e-05 0.000000000000000000e+00
1.738742998460282921e-02 4.011723769063670064e-02 1.399600913119897760e-01 5.005764216378921945e-03 0.000000000000000000e+00
0.000000000000000000e+00 2.722842811071026978e-02 1.422992766736718706e-01 8.470340275356950596e-03 2.046395127332182803e-02
0.000000000000000000e+00 5.467793949806423748e-02 1.148653588272526976e-01 0.000000000000000000e+00 5.810821528898722083e-02
0.000000000000000000e+00 8.908149204576433500e-02 7.155669057296329405e-02 0.000000000000000000e+00 9.005764989376228991e-02
9.735444432019036212e-03 1.101454414194501241e-01 4.249979430287963850e-02 1.468467813758374610e-02 6.782362767324907893e-02
4.153225275372806474e-02 8.535315291193516785e-02 1.278114948982400113e-02 4.886328482848455862e-02 3.025274757726776134e-02
9.280046551033252489e-02 4.111779201036054598e-02 0.000000000000000000e+00 8.248979943488085609e-02 0.000000000000000000e+00
1.170307415158933495e-01 7.115244493654989018e-03 0.000000000000000000e+00 5.860434097943355986e-02 0.000000000000000000e+00
7.956336337552426252e-02 4.329412708597706050e-03 0.000000000000000000e+00 2.195759527186242482e-02 0.000000000000000000e+00
2.551163512073083631e-02 4.515689002775691817e-03 0.000000000000000000e+00 0.000000000000000000e+00 0.000000000000000000e+00
0.000000000000000000e+00 0.000000000000000000e+00 0.000000000000000000e+00 0.000000000000000000e+00 0.000000000000000000e+00
0.000000000000000000e+00 0.000000000000000000e+00 0.000000000000000000e+00 0.000000000000000000e+00 0.000000000000000000e+00
0.000000000000000000e+00 0.000000000000000000e+00 0.000000000000000000e+00 0.000000000000000000e+00 0.000000000000000000e+00
0.000000000000000000e+00 0.000000000000000000e+00 0.000000000000000000e+00 0.000000000000000000e+00 0.000000000000000000e+00
0.000000000000000000e+00 0.000000000000000000e+00 0.000000000000000000e+00 0.000000000000000000e+00 0.000000000000000000e+00
0.000000000000000000e+00 0.000000000000000000e+00 0.000000000000000000e+00 0.000000000000000000e+00 0.000000000000000000e+00
0.000000000000000000e+00 0.000000000000000000e+00 0.000000000000000000e+00 0.000000000000000000e+00 0.000000000000000000e+00
0.000000000000000000e+00 0.000000000000000000e+00 0.000000000000000000e+00 0.000000000000000000e+00 0.000000000000000000e+00
1.076489572485502064e-03 0.000000000000000000e+00 4.359409276819295465e-02 4.068693509733814040e-04 4.049684523282321563e-03
0.000000000000000000e+00 0.000000000000000000e+00 6.408281227470354058e-02 0.000000000000000000e+00 1.199945629445053549e-02
0.000000000000000000e+00 1.516686865069565840e-03 9.054143137787740159e-02 0.000000000000000000e+00 4.024453226594281743e-04
0.000000000000000000e+00 1.030377932481207730e-02 9.002118908133688313e-02 0.000000000000000000e+00 0.000000000000000000e+00
0.000000000000000000e+00 1.150361314008390909e-02 9.927582375798298109e-02 0.000000000000000000e+00 0.000000000000000000e+00
2.100138530769591824e-02 2.374541787026841072e-02 1.056015797814294360e-01 0.000000000000000000e+00 0.000000000000000000e+00
3.298196681627390409e-02 3.355685694418023696e-02 1.118600429421295200e-01 0.000000000000000000e+00 0.000000000000000000e+00
3.675594003925690412e-02 2.939603480776301070e-02 1.153524941527643982e-01 0.000000000000000000e+00 0.000000000000000000e+00
3.347354426450523807e-02 2.180295227044767511e-02 1.053057466914276152e-01 0.000000000000000000e+00 0.000000000000000000e+00
2.063377256840112639e-02 1.121441071501385126e-02 1.069762760633011928e-01 1.336800370006729650e-03 0.000000000000000000e+00
0.000000000000000000e+00 0.000000000000000000e+00 1.083448968111673655e-01 1.297392656120841849e-02 6.490093705528838207e-03
0.000000000000000000e+00 0.000000000000000000e+00 1.095845546689936806e-01 1.033287399273443222e-02 4.535177052992958591e-02
0.000000000000000000e+00 2.072643568899803709e-02 9.346121913540321458e-02 0.000000000000000000e+00 7.602813214606390924e-02
0.000000000000000000e+00 8.613055085441448377e-02 7.326316044603459199e-02 0.000000000000000000e+00 9.576801902853679382e-02
0.000000000000000000e+00 1.032614664498085200e-01 4.281840609533498626e-02 2.385800452903689625e-02 6.711348917810842918e-02
2.808556242617945078e-02 6.636208063993014050e-02 4.407873514146948973e-02 6.661888187155970420e-02 2.180345534784188660e-02
9.329400190093473100e-02 3.916922735950889578e-02 2.801247920776727416e-04 8.140301972416828791e-02 0.000000000000000000e+00
1.170513326699706563e-01 0.000000000000000000e+00 0.000000000000000000e+00 6.197161888858165879e-02 0.000000000000000000e+00
8.097441176328179502e-02 0.000000000000000000e+00 0.000000000000000000e+00 1.562448360976904059e-02 0.000000000000000000e+00
2.541394236290627981e-02 5.403137510637826858e-03 0.000000000000000000e+00 0.000000000000000000e+00 0.000000000000000000e+00
0.000000000000000000e+00 0.000000000000000000e+00 0.000000000000000000e+00 0.000000000000000000e+00 0.000000000000000000e+00
0.000000000000000000e+00 0.000000000000000000e+00 0.000000000000000000e+00 0.000000000000000000e+00 0.000000000000000000e+00
0.000000000000000000e+00 0.000000000000000000e+00 0.000000000000000000e+00 0.000000000000000000e+00 0.000000000000000000e+00
0.000000000000000000e+00 0.000000000000000000e+00 0.000000000000000000e+00 0.000000000000000000e+00 0.000000000000000000e+00
0.000000000000000000e+00 0.000000000000000000e+00 0.000000000000000000e+00 0.000000000000000000e+00 0.000000000000000000e+00
0.000000000000000000e+00 0.000000000000000000e+00 0.000000000000000000e+00 0.000000000000000000e+00 0.000000000000000000e+00
0.000000000000000000e+00 0.000000000000000000e+00 0.000000000000000000e+00 0.000000000000000000e+00 0.000000000000000000e+00
0.000000000000000000e+00 0.000000000000000000e+00 0.000000000000000000e+00 0.000000000000000000e+00 0.000000000000000000e+00
1.103143490132509020e-03 0.000000000000000000e+00 2.876910051768044596e-02 0.000000000000000000e+00 0.000000000000000000e+00
0.000000000000000000e+00 0.000000000000000000e+00 5.815605990396430919e-02 1.880346323623319519e-03 0.000000000000000000e+00
0.000000000000000000e+00 5.988931547813870077e-03 7.480787570301769551e-02 0.000000000000000000e+00 0.000000000000000000e+00
0.000000000000000000e+00 1.204374021601422109e-02 6.942740916636967741e-02 0.000000000000000000e+00 0.000000000000000000e+00
5.310866004386981254e-03 4.846327783598630527e-03 6.733213307694893568e-02 0.000000000000000000e+00 0.000000000000000000e+00
9.860442886547351668e-03 8.269058211028523786e-03 5.879205650196014238e-02 0.000000000000000000e+00 0.000000000000000000e+00
1.448875705147697167e-02 1.946825125612503329e-02 5.527147712697928067e-02 0.000000000000000000e+00 0.000000000000000000e+00
1.635022665828070668e-02 1.909272647824314037e-02 3.948742721941594230e-02 0.000000000000000000e+00 0.000000000000000000e+00
2.147069213716764052e-03 8.965948417944492876e-03 2.547756521637364879e-02 3.431002846085375209e-03 0.000000000000000000e+00
0.000000000000000000e+00 0.000000000000000000e+00 4.139357466282633097e-02 6.971136215868443085e-03 3.075374908950514216e-04
0.000000000000000000e+00 0.000000000000000000e+00 5.289974257318681011e-02 7.991683206290112890e-03 1.542723871296611433e-02
0.000000000000000000e+00 0.000000000000000000e+00 7.336950949755738360e-02 4.649525490760921323e-03 6.092605390905628249e-02
0.000000000000000000e+00 6.596030606720945655e-02 5.358586184026697258e-02 0.000000000000000000e+00 9.785976967711959573e-02
0.000000000000000000e+00 9.470619710724412221e-02 6.715333698276412799e-02 0.000000000000000000e+00 9.498772034455844893e-02
0.000000000000000000e+00 9.108922361387114530e-02 6.213838895955833136e-02 4.847114791357672731e-02 4.878632036319558579e-02
3.535686916789092249e-02 4.598194939230950545e-02 5.904564192766823677e-02 8.846745582904386174e-02 8.775101857137927036e-03
1.065881551492452589e-01 1.512452235364712336e-02 1.415279966194235226e-02 8.222061157567178702e-02 0.000000000000000000e+00
1.251174862441050417e-01 0.000000000000000000e+00 0.000000000000000000e+00 4.793675503528284365e-02 0.000000000000000000e+00
7.382033503339828495e-02 0.000000000000000000e+00 0.000000000000000000e+00 8.449299711480184188e-03 0.000000000000000000e+00
1.325698884507896594e-02 4.238530870481689236e-03 0.000000000000000000e+00 0.000000000000000000e+00 0.000000000000000000e+00
0.000000000000000000e+00 0.000000000000000000e+00 0.000000000000000000e+00 0.000000000000000000e+00 0.000000000000000000e+00
0.000000000000000000e+00 0.000000000000000000e+00 0.000000000000000000e+00 0.000000000000000000e+00 0.000000000000000000e+00
0.000000000000000000e+00 0.000000000000000000e+00 0.000000000000000000e+00 0.000000000000000000e+00 0.000000000000000000e+00
0.000000000000000000e+00 0.000000000000000000e+00 0.000000000000000000e+00 0.000000000000000000e+00 0.000000000000000000e+00
0.000000000000000000e+00 0.000000000000000000e+00 0.000000000000000000e+00 0.000000000000000000e+00 0.000000000000000000e+00
0.000000000000000000e+00 0.000000000000000000e+00 0.000000000000000000e+00 0.000000000000000000e+00 0.000000000000000000e+00
0.000000000000000000e+00 0.000000000000000000e+00 0.000000000000000000e+00 0.000000000000000000e+00 0.000000000000000000e+00
0.000000000000000000e+00 0.000000000000000000e+00 0.000000000000000000e+00 0.000000000000000000e+00 0.000000000000000000e+00
3.974890243706639091e-04 0.000000000000000000e+00 7.476831578048567101e-03 0.000000000000000000e+00 0.000000000000000000e+00
0.000000000000000000e+00 0.000000000000000000e+00 3.438166141930739522e-02 2.340663396982493958e-03 0.000000000000000000e+00
0.000000000000000000e+00 0.000000000000000000e+00 3.680901747261892260e-02 1.964222522941770892e-03 0.000000000000000000e+00
0.000000000000000000e+00 1.263391879783425792e-03 3.462595041055598760e-02 7.137832831576917990e-04 0.000000000000000000e+00
7.685368266027990149e-03 0.000000000000000000e+00 2.191080553105193701e-02 0.000000000000000000e+00 0.000000000000000000e+00
1.037455790270686885e-02 0.000000000000000000e+00 1.552588233733230919e-02 0.000000000000000000e+00 6.113083425079817975e-04
3.663779101518025143e-03 0.000000000000000000e+00 1.382269372998668269e-02 6.049971172508323289e-04 1.250706328653189599e-03
0.000000000000000000e+00 0.000000000000000000e+00 8.777532394154626688e-03 2.534269403923215640e-03 5.690999042329866579e-03
0.000000000000000000e+00 0.000000000000000000e+00 7.628705223121518171e-03 3.039651750297547601e-03 1.040385114255423793e-02
0.000000000000000000e+00 4.855798528781319658e-03 1.810754305485387863e-02 1.529179993045682879e-03 1.352832277672883984e-02
0.000000000000000000e+00 1.666389091178376372e-02 2.129509161487727967e-02 0.000000000000000000e+00 3.534348349628545910e-02
0.000000000000000000e+00 5.295195581652341332e-02 2.844682652611455614e-02 0.000000000000000000e+00 8.759236526871734541e-02
0.000000000000000000e+00 1.057955962056232463e-01 2.692780586604654608e-02 0.000000000000000000e+00 1.019582798829620496e-01
0.000000000000000000e+00 1.100257061497499772e-01 6.316220590156781944e-02 2.181425846022543372e-02 6.871407727569413260e-02
0.000000000000000000e+00 6.931292737034513984e-02 7.636322835884042093e-02 7.824894949486020657e-02 1.264504756741381339e-02
6.976883879417375423e-02 2.359829982864328907e-02 5.464374813214677856e-02 9.396797151301838902e-02 1.938564646761889746e-03
1.276258364697377135e-01 0.000000000000000000e+00 2.332854702576758407e-02 7.081537915074249956e-02 0.000000000000000000e+00
1.269697189872394383e-01 0.000000000000000000e+00 0.000000000000000000e+00 2.989049097889440176e-02 0.000000000000000000e+00
4.979772439596002326e-02 0.000000000000000000e+00 0.000000000000000000e+00 1.249593072014637107e-03 0.000000000000000000e+00
4.276169322412345757e-03 2.422843914232032572e-03 0.000000000000000000e+00 0.000000000000000000e+00 0.000000000000000000e+00
0.000000000000000000e+00 0.000000000000000000e+00 0.000000000000000000e+00 0.000000000000000000e+00 0.000000000000000000e+00
0.000000000000000000e+00 0.000000000000000000e+00 0.000000000000000000e+00 0.000000000000000000e+00 0.000000000000000000e+00
0.000000000000000000e+00 0.000000000000000000e+00 0.000000000000000000e+00 0.000000000000000000e+00 0.000000000000000000e+00
0.000000000000000000e+00 0.000000000000000000e+00 0.000000000000000000e+00 0.000000000000000000e+00 0.000000000000000000e+00
0.000000000000000000e+00 0.000000000000000000e+00 0.000000000000000000e+00 0.000000000000000000e+00 0.000000000000000000e+00
0.000000000000000000e+00 0.000000000000000000e+00 0.000000000000000000e+00 0.000000000000000000e+00 0.000000000000000000e+00
0.000000000000000000e+00 0.000000000000000000e+00 0.000000000000000000e+00 0.000000000000000000e+00 0.000000000000000000e+00
0.000000000000000000e+00 0.000000000000000000e+00 0.000000000000000000e+00 0.000000000000000000e+00 0.000000000000000000e+00
0.000000000000000000e+00 0.000000000000000000e+00 0.000000000000000000e+00 0.000000000000000000e+00 0.000000000000000000e+00
0.000000000000000000e+00 0.000000000000000000e+00 2.258552034429400085e-02 3.116937653016426703e-03 0.000000000000000000e+00
0.000000000000000000e+00 0.000000000000000000e+00 1.683402881779408333e-02 1.795500839819212007e-03 0.000000000000000000e+00
0.000000000000000000e+00 0.000000000000000000e+00 9.912762278844697642e-03 8.803598957715201567e-04 0.000000000000000000e+00
2.642237970453232502e-03 0.000000000000000000e+00 1.045876865876140156e-02 1.953793375202991182e-04 0.000000000000000000e+00
0.000000000000000000e+00 0.000000000000000000e+00 1.262407632794894201e-02 2.848395430901335540e-03 2.167874076734716427e-03
0.000000000000000000e+00 0.000000000000000000e+00 7.822661633756340660e-03 5.010620228186372059e-03 3.571422440794095113e-03
0.000000000000000000e+00 0.000000000000000000e+00 6.057048325717357372e-03 4.169421163511526779e-03 5.001061552166348456e-03
0.000000000000000000e+00 8.226410635166495761e-03 1.605833616912375611e-02 3.473348518560269178e-03 4.348926148797148568e-03
0.000000000000000000e+00 2.476424408529869642e-02 1.526160319594234427e-02 0.000000000000000000e+00 2.351849867074417427e-02
0.000000000000000000e+00 6.323840068671757186e-02 5.695605806989630787e-03 0.000000000000000000e+00 7.571383131646221287e-02
0.000000000000000000e+00 1.054126990572775285e-01 7.658218846837785282e-03 0.000000000000000000e+00 9.831945573354544665e-02
0.000000000000000000e+00 1.237054480623727415e-01 2.228892352419014830e-02 2.718678281938699797e-03 8.704995612448325482e-02
0.000000000000000000e+00 8.640215380321847327e-02 7.691928244871443221e-02 6.365530156847989951e-02 3.206059070152076501e-02
5.873497769109536568e-03 3.816349238484476741e-02 7.752010158043412535e-02 1.026267632467272595e-01 0.000000000000000000e+00
8.726562628968824453e-02 0.000000000000000000e+00 5.656717856191209592e-02 9.968292927186621355e-02 0.000000000000000000e+00
1.411294175144996166e-01 0.000000000000000000e+00 1.875056066184730211e-02 5.720485125405230104e-02 0.000000000000000000e+00
1.083329757178666808e-01 0.000000000000000000e+00 0.000000000000000000e+00 1.220212141817516444e-02 0.000000000000000000e+00
2.223299073939404014e-02 0.000000000000000000e+00 0.000000000000000000e+00 0.000000000000000000e+00 0.000000000000000000e+00
9.956339647622868775e-04 3.924330334036730855e-04 0.000000000000000000e+00 1.249057955231406017e-05 0.000000000000000000e+00
0.000000000000000000e+00 0.000000000000000000e+00 0.000000000000000000e+00 0.000000000000000000e+00 0.000000000000000000e+00
0.000000000000000000e+00 0.000000000000000000e+00 0.000000000000000000e+00 0.000000000000000000e+00 0.000000000000000000e+00
0.000000000000000000e+00 0.000000000000000000e+00 0.000000000000000000e+00 0.000000000000000000e+00 0.000000000000000000e+00
0.000000000000000000e+00 0.000000000000000000e+00 0.000000000000000000e+00 0.000000000000000000e+00 0.000000000000000000e+00
0.000000000000000000e+00 0.000000000000000000e+00 0.000000000000000000e+00 0.000000000000000000e+00 0.000000000000000000e+00
0.000000000000000000e+00 0.000000000000000000e+00 0.000000000000000000e+00 0.000000000000000000e+00 0.000000000000000000e+00
0.000000000000000000e+00 0.000000000000000000e+00 0.000000000000000000e+00 0.000000000000000000e+00 0.000000000000000000e+00
0.000000000000000000e+00 0.000000000000000000e+00 0.000000000000000000e+00 0.000000000000000000e+00 0.000000000000000000e+00
0.000000000000000000e+00 0.000000000000000000e+00 0.000000000000000000e+00 0.000000000000000000e+00 0.000000000000000000e+00
0.000000000000000000e+00 0.000000000000000000e+00 7.521913400679668994e-03 6.857914786051177167e-04 0.000000000000000000e+00
0.000000000000000000e+00 0.000000000000000000e+00 1.145525008238159129e-02 1.086931312262127145e-03 0.000000000000000000e+00
2.301400564660438519e-03 0.000000000000000000e+00 9.751095974625083318e-03 1.152907260561281209e-03 0.000000000000000000e+00
7.029470288647144717e-03 0.000000000000000000e+00 1.011625434846295628e-02 3.140724514772066239e-03 0.000000000000000000e+00
0.000000000000000000e+00 0.000000000000000000e+00 1.428540807682142019e-02 1.698572456418000892e-02 5.014538055184236329e-03
0.000000000000000000e+00 1.250802405200396967e-03 1.484272375361272121e-02 1.816293662533101719e-02 3.638809684498416942e-03
0.000000000000000000e+00 2.702788770732931015e-02 1.083737116012135036e-02 1.701549815151494685e-02 0.000000000000000000e+00
3.183807357022310457e-03 4.660050180385934271e-02 7.420401300022355998e-03 1.071743895204308773e-02 0.000000000000000000e+00
2.339252707699863119e-03 8.154953102271240983e-02 0.000000000000000000e+00 0.000000000000000000e+00 3.412256662767841620e-02
0.000000000000000000e+00 1.300516268465832237e-01 0.000000000000000000e+00 0.000000000000000000e+00 7.268463640396666259e-02
0.000000000000000000e+00 1.481262200739086599e-01 0.000000000000000000e+00 0.000000000000000000e+00 7.814892530098994927e-02
0.000000000000000000e+00 1.133868454805947307e-01 2.756631515033217822e-02 5.024855772151613775e-02 4.376455717490240760e-02
0.000000000000000000e+00 4.478397443984292320e-02 6.966666979922779557e-02 9.902177369040617017e-02 6.646708280121153140e-03
4.975282832345661460e-02 1.168131416938571546e-02 7.554688130675699109e-02 1.097763437534628322e-01 0.000000000000000000e+00
1.142253882646888513e-01 0.000000000000000000e+00 3.908837086198065081e-02 8.950127078849962059e-02 0.000000000000000000e+00
1.359026336701117943e-01 0.000000000000000000e+00 1.329720103917259033e-02 2.670504359544741135e-02 0.000000000000000000e+00
7.069529965630157176e-02 0.000000000000000000e+00 0.000000000000000000e+00 0.000000000000000000e+00 2.705529051793164729e-03
6.859728330412958111e-03 3.351171468178789151e-03 0.000000000000000000e+00 6.262566130081809212e-05 3.832045343998202389e-03
7.728544961513150301e-04 0.000000000000000000e+00 8.077596247550168065e-05 7.152310411529541829e-04 1.500187592999978814e-03
0.000000000000000000e+00 0.000000000000000000e+00 0.000000000000000000e+00 0.000000000000000000e+00 0.000000000000000000e+00
0.000000000000000000e+00 0.000000000000000000e+00 0.000000000000000000e+00 0.000000000000000000e+00 0.000000000000000000e+00
0.000000000000000000e+00 0.000000000000000000e+00 0.000000000000000000e+00 0.000000000000000000e+00 0.000000000000000000e+00
0.000000000000000000e+00 0.000000000000000000e+00 0.000000000000000000e+00 0.000000000000000000e+00 0.000000000000000000e+00
0.000000000000000000e+00 0.000000000000000000e+00 0.000000000000000000e+00 0.000000000000000000e+00 0.000000000000000000e+00
0.000000000000000000e+00 0.000000000000000000e+00 0.000000000000000000e+00 0.000000000000000000e+00 0.000000000000000000e+00
0.000000000000000000e+00 0.000000000000000000e+00 0.000000000000000000e+00 0.000000000000000000e+00 0.000000000000000000e+00
0.000000000000000000e+00 0.000000000000000000e+00 0.000000000000000000e+00 0.000000000000000000e+00 0.000000000000000000e+00
0.000000000000000000e+00 0.000000000000000000e+00 0.000000000000000000e+00 0.000000000000000000e+00 0.000000000000000000e+00
0.000000000000000000e+00 0.000000000000000000e+00 0.000000000000000000e+00 0.000000000000000000e+00 0.000000000000000000e+00
4.351006753145349182e-03 0.000000000000000000e+00 1.774582880104432880e-04 1.613574919071752078e-03 0.000000000000000000e+00
0.000000000000000000e+00 0.000000000000000000e+00 9.970048506257591855e-03 2.109231777352099310e-02 0.000000000000000000e+00
0.000000000000000000e+00 4.020918830960925998e-03 1.857980414018294002e-02 5.011786668254111093e-02 0.000000000000000000e+00
0.000000000000000000e+00 2.458712455106444594e-02 1.242182231108877009e-02 6.728494863582752672e-02 0.000000000000000000e+00
0.000000000000000000e+00 5.620482190304829789e-02 9.488920517139416005e-03 5.350042432154329675e-02 0.000000000000000000e+00
1.553266679149555712e-02 8.140252099766263905e-02 0.000000000000000000e+00 4.782534150331353012e-02 0.000000000000000000e+00
3.298815172471090962e-02 1.142938494956308448e-01 0.000000000000000000e+00 3.061732426616170857e-02 7.016836915065991984e-03
3.629822629348467694e-02 1.441717869705152477e-01 0.000000000000000000e+00 1.668188632212991296e-02 4.610257501084179949e-02
4.150265050263351324e-02 1.588864526393179988e-01 0.000000000000000000e+00 7.703065655376036686e-03 6.039998078557784478e-02
3.243276280413888435e-02 1.281367346638609961e-01 0.000000000000000000e+00 3.979402241404537272e-02 4.453166994251027411e-02
3.429285605884132421e-02 7.519442278697895110e-02 1.915613148856586123e-02 8.685330819658189372e-02 2.903327555319107790e-03
5.527702523264593076e-02 2.065149514078194748e-02 6.078716836401486939e-02 1.082171609433860843e-01 0.000000000000000000e+00
1.019251276422513675e-01 0.000000000000000000e+00 5.055650494568318665e-02 9.971082657199463462e-02 0.000000000000000000e+00
1.314591043083548905e-01 0.000000000000000000e+00 1.661605614260815156e-02 5.030623916617094765e-02 0.000000000000000000e+00
1.176164504933842614e-01 0.000000000000000000e+00 8.135904617279704140e-03 3.229383080460912839e-04 3.172871592645770851e-04
3.401446722738185602e-02 8.264931306849214107e-03 0.000000000000000000e+00 2.866938488347018830e-04 0.000000000000000000e+00
4.495966666441198779e-03 5.994952249635460313e-03 0.000000000000000000e+00 0.000000000000000000e+00 2.827546979397842566e-03
2.016949351043320800e-03 1.924932502099077451e-03 0.000000000000000000e+00 0.000000000000000000e+00 0.000000000000000000e+00
1.961745860610719389e-03 0.000000000000000000e+00 9.779202319883833257e-04 0.000000000000000000e+00 4.787541074769650082e-04
5.482719646302014775e-04 5.970822447249545728e-07 7.968621982051641564e-04 0.000000000000000000e+00 2.687260611287934148e-05
0.000000000000000000e+00 7.603053481230472813e-06 3.551266573113977362e-04 1.158134142755356908e-05 0.000000000000000000e+00
0.000000000000000000e+00 0.000000000000000000e+00 0.000000000000000000e+00 0.000000000000000000e+00 0.000000000000000000e+00
0.000000000000000000e+00 0.000000000000000000e+00 0.000000000000000000e+00 0.000000000000000000e+00 0.000000000000000000e+00
0.000000000000000000e+00 0.000000000000000000e+00 0.000000000000000000e+00 0.000000000000000000e+00 0.000000000000000000e+00
0.000000000000000000e+00 0.000000000000000000e+00 0.000000000000000000e+00 0.000000000000000000e+00 0.000000000000000000e+00
0.000000000000000000e+00 0.000000000000000000e+00 0.000000000000000000e+00 0.000000000000000000e+00 0.000000000000000000e+00
3.785875789999034141e-04 8.470735079882476572e-04 0.000000000000000000e+00 1.070836258612364086e-03 0.000000000000000000e+00
1.394985574363373981e-03 1.811432573169996247e-03 0.000000000000000000e+00 8.632523145799078992e-03 0.000000000000000000e+00
0.000000000000000000e+00 6.913770583173765860e-03 0.000000000000000000e+00 2.933774584342795089e-02 0.000000000000000000e+00
0.000000000000000000e+00 1.705115939375353995e-02 7.899942415135132942e-03 7.045425023314953739e-02 0.000000000000000000e+00
0.000000000000000000e+00 3.780358331473195749e-02 1.700522581902390307e-02 8.858564910968620698e-02 0.000000000000000000e+00
1.530250400065551707e-02 6.200505422584263321e-02 7.395010661950455859e-03 8.425868073951471582e-02 0.000000000000000000e+00
5.815231198742429330e-02 9.514312959405593628e-02 0.000000000000000000e+00 6.689897765730083712e-02 0.000000000000000000e+00
7.141209361385943144e-02 1.228822666865818508e-01 0.000000000000000000e+00 5.428903376262861347e-02 1.594373737084219238e-03
6.097435870244573980e-02 1.472404105180383505e-01 0.000000000000000000e+00 5.243264013034000526e-02 3.139790875503520318e-02
5.491123336670483690e-02 1.399991215799941124e-01 0.000000000000000000e+00 5.603573330748032322e-02 5.373586400360699789e-02
4.991909737550569159e-02 1.186435450767001215e-01 0.000000000000000000e+00 6.686830314491012950e-02 4.728252142543423742e-02
4.579599858353523151e-02 7.766553198762303489e-02 2.581837298191911115e-02 8.851543296623372303e-02 8.445543228592590837e-03
6.209947797151604137e-02 3.828361035490586428e-02 4.229859632381793855e-02 1.020689737713011136e-01 0.000000000000000000e+00
9.445705190855269162e-02 9.484665599344072398e-03 5.524933278342987475e-02 1.057328106811426388e-01 0.000000000000000000e+00
1.261668444333348127e-01 1.334014870920832751e-03 4.456741182874517093e-02 7.368408866364703491e-02 0.000000000000000000e+00
1.378831167014916703e-01 2.091794439137886069e-02 1.642477196814472531e-02 1.232400888231811355e-02 0.000000000000000000e+00
9.601429658073257212e-02 3.052774292440592688e-02 2.373777124612991892e-03 0.000000000000000000e+00 0.000000000000000000e+00
3.574046746294844840e-02 2.712193740492564037e-02 0.000000000000000000e+00 0.000000000000000000e+00 0.000000000000000000e+00
2.017205002746863540e-02 1.927790345992601295e-02 0.000000000000000000e+00 0.000000000000000000e+00 0.000000000000000000e+00
1.303411523512624029e-02 1.275890469688578839e-02 0.000000000000000000e+00 0.000000000000000000e+00 0.000000000000000000e+00
3.080868824242335470e-03 5.050767582075762189e-05 7.110995445962452893e-03 0.000000000000000000e+00 0.000000000000000000e+00
1.621008125034647520e-03 9.821505049342313018e-05 7.742233147647587140e-03 0.000000000000000000e+00 0.000000000000000000e+00
0.000000000000000000e+00 1.274973583775577621e-04 5.955200868760359562e-03 1.942101870158983448e-04 0.000000000000000000e+00
0.000000000000000000e+00 0.000000000000000000e+00 0.000000000000000000e+00 0.000000000000000000e+00 0.000000000000000000e+00
0.000000000000000000e+00 0.000000000000000000e+00 0.000000000000000000e+00 0.000000000000000000e+00 0.000000000000000000e+00
0.000000000000000000e+00 0.000000000000000000e+00 0.000000000000000000e+00 0.000000000000000000e+00 0.000000000000000000e+00
0.000000000000000000e+00 0.000000000000000000e+00 0.000000000000000000e+00 0.000000000000000000e+00 0.000000000000000000e+00
1.903644687720087818e-04 5.786364987294460816e-04 0.000000000000000000e+00 3.360502283782962644e-04 0.000000000000000000e+00
0.000000000000000000e+00 0.000000000000000000e+00 9.371525279446378922e-04 1.126001612767185169e-02 0.000000000000000000e+00
0.000000000000000000e+00 9.083614477414212601e-03 0.000000000000000000e+00 3.745031180901487594e-02 0.000000000000000000e+00
0.000000000000000000e+00 3.021817195896421906e-02 0.000000000000000000e+00 7.080261202223583905e-02 0.000000000000000000e+00
2.111210683864432613e-03 6.294457744233891705e-02 0.000000000000000000e+00 8.494358506389591834e-02 0.000000000000000000e+00
3.889511613940305201e-02 9.409038934866280346e-02 0.000000000000000000e+00 7.451512893101037982e-02 0.000000000000000000e+00
7.421675692702484062e-02 1.169115226002639396e-01 0.000000000000000000e+00 5.412283558615631207e-02 0.000000000000000000e+00
8.412900061787340067e-02 1.316048100078945904e-01 0.000000000000000000e+00 2.545440539790005952e-02 1.281714288047283018e-02
8.170295666168016224e-02 1.398614966161667861e-01 0.000000000000000000e+00 1.958234687571026519e-02 5.336442576937487636e-02
5.755727457993000534e-02 1.134581662435332761e-01 0.000000000000000000e+00 4.566516151387156608e-02 8.049310164252022892e-02
3.256878608103436906e-02 7.179320114552419085e-02 1.042999479705208031e-02 8.072120960738615736e-02 7.799086052405798664e-02
4.052039914302366097e-02 3.892668214103112145e-02 4.358337253846190917e-02 1.009268136472293298e-01 3.105173650779095157e-02
4.774835346289236365e-02 2.654539792968135456e-02 6.415972305696798772e-02 1.144524103472533555e-01 0.000000000000000000e+00
7.706785901119833637e-02 9.069710032203871439e-03 7.901541815562446169e-02 1.124387830431375357e-01 0.000000000000000000e+00
9.918766798551671704e-02 3.582218231856166071e-03 7.528993582620986669e-02 1.028707862992653127e-01 0.000000000000000000e+00
1.274395909813652861e-01 1.814828789181416324e-02 5.420748133406635971e-02 4.899025820677790216e-02 0.000000000000000000e+00
1.172794708032743882e-01 5.719909294255075966e-02 3.188964705242150477e-02 0.000000000000000000e+00 0.000000000000000000e+00
7.634754564745253880e-02 6.353743336645503725e-02 2.590889247280220298e-02 0.000000000000000000e+00 0.000000000000000000e+00
4.964634482096680346e-02 5.439270487633121598e-02 2.126276150023100747e-02 0.000000000000000000e+00 0.000000000000000000e+00
1.978835149613513561e-02 5.036167711766505184e-02 2.961781383400791112e-02 0.000000000000000000e+00 0.000000000000000000e+00
5.737468811248784420e-04 4.041597409936571739e-02 2.594930756946235359e-02 0.000000000000000000e+00 0.000000000000000000e+00
0.000000000000000000e+00 3.750698145497961822e-02 2.272254855869296902e-02 0.000000000000000000e+00 0.000000000000000000e+00
0.000000000000000000e+00 9.072260588389937860e-03 1.468890827590058068e-02 0.000000000000000000e+00 0.000000000000000000e+00
0.000000000000000000e+00 6.491837972435263312e-05 3.032235304735779891e-03 9.888683834295737963e-05 0.000000000000000000e+00
0.000000000000000000e+00 0.000000000000000000e+00 0.000000000000000000e+00 0.000000000000000000e+00 0.000000000000000000e+00
0.000000000000000000e+00 0.000000000000000000e+00 0.000000000000000000e+00 0.000000000000000000e+00 0.000000000000000000e+00
0.000000000000000000e+00 0.000000000000000000e+00 0.000000000000000000e+00 0.000000000000000000e+00 0.000000000000000000e+00
0.000000000000000000e+00 0.000000000000000000e+00 0.000000000000000000e+00 0.000000000000000000e+00 0.000000000000000000e+00
0.000000000000000000e+00 5.154631217447476054e-04 0.000000000000000000e+00 6.583332371676091713e-03 0.000000000000000000e+00
0.000000000000000000e+00 0.000000000000000000e+00 1.610233066068528663e-03 3.280931192666328156e-02 0.000000000000000000e+00
0.000000000000000000e+00 3.418211033619903555e-02 0.000000000000000000e+00 7.116823172799142949e-02 0.000000000000000000e+00
2.202880039731931403e-02 8.088444191537043360e-02 0.000000000000000000e+00 7.778269412732861932e-02 0.000000000000000000e+00
5.367279553686612331e-02 1.125787770918722785e-01 0.000000000000000000e+00 6.089329187438716207e-02 0.000000000000000000e+00
9.314957277451771378e-02 1.232810402416784634e-01 0.000000000000000000e+00 2.748584243410820069e-02 0.000000000000000000e+00
9.307290628815111100e-02 1.243443813966865485e-01 0.000000000000000000e+00 6.352261310644511522e-03 1.732184735611393134e-02
6.452350511353066587e-02 1.310596907094268848e-01 0.000000000000000000e+00 0.000000000000000000e+00 5.295867169469418989e-02
2.688549183681791799e-02 1.092752986266926490e-01 1.153854220307188629e-02 1.492864412723945988e-02 8.724012813087803075e-02
1.076930876773120500e-02 6.005746516377052924e-02 4.570171553287031424e-02 6.062214617490783303e-02 8.570521654001116152e-02
3.095059931708716780e-02 1.451612686022289538e-02 7.113382441430562975e-02 9.708991312277967523e-02 6.307053462828242363e-02
6.598904370116015494e-02 0.000000000000000000e+00 9.033170832164384711e-02 1.156020679752946395e-01 3.854917460143768380e-03
7.627890306249474062e-02 0.000000000000000000e+00 9.588700656794588162e-02 1.178945767409417811e-01 0.000000000000000000e+00
8.028018632074951366e-02 0.000000000000000000e+00 9.554636699038940306e-02 1.042113268545691168e-01 0.000000000000000000e+00
8.381098772571973776e-02 0.000000000000000000e+00 8.197823137312225394e-02 9.052683358986990392e-02 0.000000000000000000e+00
8.087770223800533342e-02 3.261533296821031436e-02 6.130626802088583877e-02 5.240337371795811272e-02 0.000000000000000000e+00
5.921250911978560849e-02 8.313868434834402465e-02 6.058538961357376462e-02 1.214865094796204088e-02 0.000000000000000000e+00
3.248897036324686211e-02 1.052406935191065041e-01 6.198186719182612742e-02 0.000000000000000000e+00 0.000000000000000000e+00
1.930201616726224395e-02 1.084909074910767879e-01 5.817348200841787609e-02 0.000000000000000000e+00 0.000000000000000000e+00
0.000000000000000000e+00 8.788534856697206854e-02 6.927543060453324186e-02 0.000000000000000000e+00 0.000000000000000000e+00
0.000000000000000000e+00 7.960693899389682804e-02 6.445054009920940519e-02 0.000000000000000000e+00 0.000000000000000000e+00
0.000000000000000000e+00 5.204662498919605113e-02 4.490845159302478407e-02 0.000000000000000000e+00 0.000000000000000000e+00
0.000000000000000000e+00 2.397598376264191422e-02 1.900965324273099638e-02 0.000000000000000000e+00 0.000000000000000000e+00
0.000000000000000000e+00 0.000000000000000000e+00 0.000000000000000000e+00 0.000000000000000000e+00 0.000000000000000000e+00
0.000000000000000000e+00 0.000000000000000000e+00 0.000000000000000000e+00 0.000000000000000000e+00 0.000000000000000000e+00
0.000000000000000000e+00 0.000000000000000000e+00 0.000000000000000000e+00 0.000000000000000000e+00 0.000000000000000000e+00
0.000000000000000000e+00 0.000000000000000000e+00 0.000000000000000000e+00 0.000000000000000000e+00 0.000000000000000000e+00
0.000000000000000000e+00 0.000000000000000000e+00 0.000000000000000000e+00 0.000000000000000000e+00 0.000000000000000000e+00
0.000000000000000000e+00 8.439990358508114767e-04 0.000000000000000000e+00 1.391435457090165959e-02 0.000000000000000000e+00
4.193662353443893312e-04 5.203919431464375071e-03 0.000000000000000000e+00 5.858417296190649576e-02 0.000000000000000000e+00
3.418289574642800061e-02 5.696731679698285172e-02 0.000000000000000000e+00 8.254704553955846680e-02 0.000000000000000000e+00
6.544942340412897297e-02 1.173881606217933721e-01 0.000000000000000000e+00 6.045085463061920100e-02 0.000000000000000000e+00
8.264687414205611204e-02 1.367051337290835222e-01 0.000000000000000000e+00 3.635235489268775350e-02 0.000000000000000000e+00
7.737213743766996332e-02 1.346426164866371955e-01 0.000000000000000000e+00 1.004851762541328873e-02 1.124828566096270493e-02
3.046269121151674170e-02 1.116599922866587657e-01 7.394288156940854138e-03 2.512303517106496964e-02 5.203564114300449767e-02
5.611669119995167133e-03 1.007604570469264466e-01 2.165733548242384024e-02 3.530450702374048066e-02 7.139246016120842642e-02
0.000000000000000000e+00 7.423487489647218052e-02 5.919655249230156013e-02 6.364561481269524756e-02 7.271977091353000466e-02
0.000000000000000000e+00 3.491182088474878431e-02 1.107045410262537111e-01 1.023170800887467091e-01 6.307614726074822764e-02
2.183443603969281374e-02 1.869587172695902355e-02 1.248170984108643577e-01 1.168458305812256903e-01 2.074246145167957592e-02
5.549662031525785799e-02 0.000000000000000000e+00 1.280526556498195745e-01 1.105390627160069833e-01 0.000000000000000000e+00
5.770727723476750531e-02 0.000000000000000000e+00 1.349260551131965802e-01 9.809884628437604004e-02 9.666905378170175672e-03
5.040169013039154378e-02 0.000000000000000000e+00 1.206120926549746064e-01 8.735891091903924544e-02 1.762067865901801797e-02
2.446139184054853255e-02 0.000000000000000000e+00 1.097716219331563992e-01 8.841773438385015782e-02 1.114977594869119744e-02
2.177943638286885478e-03 1.496518136425875958e-02 9.596564836324977810e-02 7.938939140544129525e-02 4.094247406525261881e-03
0.000000000000000000e+00 4.998091909522600629e-02 9.063996005918455168e-02 4.031296679925160803e-02 9.371113708514070689e-03
0.000000000000000000e+00 8.405888400164228391e-02 8.046554328642725740e-02 9.162348849631230668e-03 2.032541624189417376e-02
0.000000000000000000e+00 9.365224981038959562e-02 6.772373653667948523e-02 0.000000000000000000e+00 2.870817671004863292e-02
4.768686377900582159e-06 7.097438937241930257e-02 6.909246715634996538e-02 0.000000000000000000e+00 1.961303313443192933e-02
0.000000000000000000e+00 4.279309086584962701e-02 6.915636955830006816e-02 0.000000000000000000e+00 1.208298561443020037e-02
0.000000000000000000e+00 3.197581383241927117e-02 3.094071875781399111e-02 0.000000000000000000e+00 1.176235407150350021e-02
0.000000000000000000e+00 4.330750827642677013e-03 6.505669391252268813e-03 0.000000000000000000e+00 5.697165343088884254e-03
0.000000000000000000e+00 0.000000000000000000e+00 0.000000000000000000e+00 0.000000000000000000e+00 0.000000000000000000e+00
0.000000000000000000e+00 0.000000000000000000e+00 0.000000000000000000e+00 0.000000000000000000e+00 0.000000000000000000e+00
0.000000000000000000e+00 0.000000000000000000e+00 0.000000000000000000e+00 0.000000000000000000e+00 0.000000000000000000e+00
0.000000000000000000e+00 0.000000000000000000e+00 0.000000000000000000e+00 0.000000000000000000e+00 0.000000000000000000e+00
0.000000000000000000e+00 1.842062007307320327e-03 0.000000000000000000e+00 9.326081337341149543e-04 0.000000000000000000e+00
0.000000000000000000e+00 4.130726676554380590e-03 0.000000000000000000e+00 3.067496990014398003e-02 0.000000000000000000e+00
2.924016378916581560e-02 1.300703085610088391e-02 0.000000000000000000e+00 7.167210925501910079e-02 0.000000000000000000e+00
6.763550701022957856e-02 6.863758805921744977e-02 0.000000000000000000e+00 8.240237025456223496e-02 0.000000000000000000e+00
9.498747811145334674e-02 1.271633681360805068e-01 0.000000000000000000e+00 5.507744974856002701e-02 0.000000000000000000e+00
8.643803559778620582e-02 1.325247429246791120e-01 0.000000000000000000e+00 3.703422428241049530e-02 1.344883867549192570e-02
3.047402807654478463e-02 1.287934588628595611e-01 0.000000000000000000e+00 4.767789881359651288e-02 2.762445415973615800e-02
0.000000000000000000e+00 1.139859091701256044e-01 2.802894920806963189e-02 6.246754990309557470e-02 5.346263297881548304e-02
0.000000000000000000e+00 8.359503052879604934e-02 5.506470865362728812e-02 8.471621533406824278e-02 6.480255805393410340e-02
0.000000000000000000e+00 4.405972452931825045e-02 1.026227907141666340e-01 1.019934111488849243e-01 6.720754040282395092e-02
1.646296399226775467e-02 1.309133074100204443e-02 1.320616505162804655e-01 1.107779817449054682e-01 5.922876539366960652e-02
3.700364501235282877e-02 2.001781622828633939e-03 1.286388527314456243e-01 9.800934986718676245e-02 5.310143571382580641e-02
5.052462418203430145e-02 0.000000000000000000e+00 1.326432643859166149e-01 5.940143470515311941e-02 7.226248438392689211e-02
4.660891072432376409e-02 0.000000000000000000e+00 1.172426768134460090e-01 5.018893858966475691e-02 7.148110341222474462e-02
1.014622577805173072e-02 0.000000000000000000e+00 1.054989307574995816e-01 7.233300698881679758e-02 7.395387255669964854e-02
0.000000000000000000e+00 0.000000000000000000e+00 8.955198188429791539e-02 9.370236693250723337e-02 7.634318892633901177e-02
0.000000000000000000e+00 0.000000000000000000e+00 8.952211912385565906e-02 9.558324912495488879e-02 6.635952430806953128e-02
0.000000000000000000e+00 1.801263330966974482e-02 8.138097486768113009e-02 6.200869588908568264e-02 6.775582828894416432e-02
0.000000000000000000e+00 3.484397367776875115e-02 5.885676871451731018e-02 2.012984125915218483e-02 7.422256786259670558e-02
0.000000000000000000e+00 3.321383301978819008e-02 5.221277586718131580e-02 2.335629132071825192e-04 7.133532635018947909e-02
2.327030891906191595e-03 1.856366482114578734e-02 4.623707330297625873e-02 0.000000000000000000e+00 5.573148533670682636e-02
0.000000000000000000e+00 2.076825945605390716e-02 1.837264371786337044e-02 0.000000000000000000e+00 3.856146039443256873e-02
0.000000000000000000e+00 7.974172590105677721e-03 0.000000000000000000e+00 0.000000000000000000e+00 2.529876381710081598e-02
0.000000000000000000e+00 1.625629916872733298e-03 0.000000000000000000e+00 6.728791849770736225e-04 9.630507738820159522e-03
0.000000000000000000e+00 0.000000000000000000e+00 0.000000000000000000e+00 0.000000000000000000e+00 0.000000000000000000e+00
0.000000000000000000e+00 0.000000000000000000e+00 0.000000000000000000e+00 0.000000000000000000e+00 0.000000000000000000e+00
0.000000000000000000e+00 0.000000000000000000e+00 0.000000000000000000e+00 0.000000000000000000e+00 0.000000000000000000e+00
0.000000000000000000e+00 0.000000000000000000e+00 0.000000000000000000e+00 0.000000000000000000e+00 0.000000000000000000e+00
0.000000000000000000e+00 5.570044641143561542e-03 0.000000000000000000e+00 2.820029356767444085e-03 0.000000000000000000e+00
1.035997475596612399e-02 4.838303988855082415e-03 0.000000000000000000e+00 3.259764925285927456e-02 0.000000000000000000e+00
4.788752002970627503e-02 1.169113525908998391e-02 0.000000000000000000e+00 6.785882639362507407e-02 0.000000000000000000e+00
8.382642512017181302e-02 3.876563502734113598e-02 0.000000000000000000e+00 8.635704713153251333e-02 0.000000000000000000e+00
9.300113358479189518e-02 7.807823896164389765e-02 0.000000000000000000e+00 8.372791267051132857e-02 0.000000000000000000e+00
6.620822633572921723e-02 7.379221853561386546e-02 0.000000000000000000e+00 8.756798055810670334e-02 1.934488935629218725e-02
2.181233430517937402e-02 7.379108762265641774e-02 1.509922981517490201e-02 9.687636940737666402e-02 3.216612721487136645e-02
1.384269155556951472e-02 5.500159870267744278e-02 4.012264544064258337e-02 1.004577710394430196e-01 6.292085785229264983e-02
2.519408743422088190e-02 2.232973577041362512e-02 6.489316407861837888e-02 1.029792206732712545e-01 8.626401113541226628e-02
4.473588143422561197e-02 0.000000000000000000e+00 9.900066799569251508e-02 9.422136496103211689e-02 9.521754656834860442e-02
5.270834087237961235e-02 0.000000000000000000e+00 1.111315902478803297e-01 6.893807455221166725e-02 1.039899606074872196e-01
6.236749824062536030e-02 0.000000000000000000e+00 1.083607159792391167e-01 3.176295756330813763e-02 1.219326688735622999e-01
6.242763336345102942e-02 0.000000000000000000e+00 9.270818404980940564e-02 9.449067169580369074e-03 1.294556456116608689e-01
2.611416845243714688e-02 0.000000000000000000e+00 7.389956259485865042e-02 9.963801808445705774e-03 1.329973932020439564e-01
0.000000000000000000e+00 0.000000000000000000e+00 5.551446782122099188e-02 3.911299828731955308e-02 1.312604064153733430e-01
0.000000000000000000e+00 0.000000000000000000e+00 4.127396776219430935e-02 6.624828406441572726e-02 1.222721049635649565e-01
0.000000000000000000e+00 0.000000000000000000e+00 3.686519544379084773e-02 8.514942437854089441e-02 1.120075515010935663e-01
0.000000000000000000e+00 0.000000000000000000e+00 2.067326160657848022e-02 6.970984246861670897e-02 1.130285061522232209e-01
0.000000000000000000e+00 8.444242645715268822e-03 6.834674106579745681e-03 4.788150673677576963e-02 9.527569751332096160e-02
0.000000000000000000e+00 8.112071211622091590e-03 1.274963681991332165e-03 1.429256466836210417e-02 7.349739558295970143e-02
0.000000000000000000e+00 3.325037692472601267e-03 0.000000000000000000e+00 5.428562106853188247e-03 6.632246974586161747e-02
0.000000000000000000e+00 4.214082676821040256e-03 1.519794660564460157e-04 8.688787281036700728e-06 5.001030626240678817e-02
0.000000000000000000e+00 0.000000000000000000e+00 1.288171228537992197e-04 0.000000000000000000e+00 3.043209816484019822e-02
0.000000000000000000e+00 6.205439104312979355e-04 0.000000000000000000e+00 0.000000000000000000e+00 1.350139413896936542e-02
0.000000000000000000e+00 0.000000000000000000e+00 0.000000000000000000e+00 0.000000000000000000e+00 0.000000000000000000e+00
0.000000000000000000e+00 0.000000000000000000e+00 0.000000000000000000e+00 0.000000000000000000e+00 0.000000000000000000e+00
0.000000000000000000e+00 0.000000000000000000e+00 0.000000000000000000e+00 0.000000000000000000e+00 0.000000000000000000e+00
0.000000000000000000e+00 0.000000000000000000e+00 0.000000000000000000e+00 0.000000000000000000e+00 0.000000000000000000e+00
0.000000000000000000e+00 3.969205039555060571e-03 0.000000000000000000e+00 2.009548478641367316e-03 0.000000000000000000e+00
1.376572381674912547e-02 8.475791662970036389e-03 0.000000000000000000e+00 1.794280646645579971e-02 0.000000000000000000e+00
4.492875369754448234e-02 3.652077331383446826e-03 0.000000000000000000e+00 5.677845968063170712e-02 0.000000000000000000e+00
9.327042679670206893e-02 1.140029841330214566e-02 0.000000000000000000e+00 7.616979854261367311e-02 0.000000000000000000e+00
1.056762036601438803e-01 1.541195901708751481e-02 0.000000000000000000e+00 8.753671062050022433e-02 0.000000000000000000e+00
1.021783923362276220e-01 1.107780339567696407e-02 0.000000000000000000e+00 9.296431122593964980e-02 2.680886704389527642e-02
8.339786174789540207e-02 7.318261107983821054e-03 0.000000000000000000e+00 9.281326142743652474e-02 4.762541870198055971e-02
7.857033351209699590e-02 5.069397036032850974e-03 1.628420708540118111e-02 8.719189613217244450e-02 7.638127196562478904e-02
8.067115408589096981e-02 0.000000000000000000e+00 4.827707545581959997e-02 6.257913428675118683e-02 1.043227315361647950e-01
7.999293592033172862e-02 0.000000000000000000e+00 7.155117019619844365e-02 3.528107356548255275e-02 1.299963856241994065e-01
7.491626782606754242e-02 0.000000000000000000e+00 7.459531740101900399e-02 1.055961081936020174e-02 1.414702732510185468e-01
6.262348139724528695e-02 0.000000000000000000e+00 7.227040471723988890e-02 0.000000000000000000e+00 1.374392870104484132e-01
3.887474558264916030e-02 0.000000000000000000e+00 5.624396212099250225e-02 0.000000000000000000e+00 1.315695322589250926e-01
1.168326712297805894e-02 0.000000000000000000e+00 3.528141909379498703e-02 0.000000000000000000e+00 1.300923601690906206e-01
0.000000000000000000e+00 0.000000000000000000e+00 2.180378169249304679e-02 8.310010857672826476e-03 1.235292103108736189e-01
0.000000000000000000e+00 0.000000000000000000e+00 1.606566297279348257e-02 3.723713470023302941e-02 1.161451572025508361e-01
0.000000000000000000e+00 0.000000000000000000e+00 0.000000000000000000e+00 5.898232033611605640e-02 1.012728217574103556e-01
0.000000000000000000e+00 0.000000000000000000e+00 0.000000000000000000e+00 5.758684562487600272e-02 8.394235925920651153e-02
0.000000000000000000e+00 0.000000000000000000e+00 0.000000000000000000e+00 5.008593540575345671e-02 7.278612228058886635e-02
0.000000000000000000e+00 0.000000000000000000e+00 2.851675715247015391e-03 1.839297111490150252e-02 5.366649193166799642e-02
0.000000000000000000e+00 0.000000000000000000e+00 3.762172600417745295e-03 1.448622601515377022e-02 5.001044640520582035e-02
0.000000000000000000e+00 0.000000000000000000e+00 7.208516506289692344e-03 4.376044683165313323e-03 3.950115894193548943e-02
2.169004387566371341e-03 1.366309294205331009e-04 0.000000000000000000e+00 0.000000000000000000e+00 2.291672869023729520e-02
0.000000000000000000e+00 1.968725858018791541e-04 0.000000000000000000e+00 0.000000000000000000e+00 4.640062458408597892e-03
0.000000000000000000e+00 0.000000000000000000e+00 0.000000000000000000e+00 0.000000000000000000e+00 0.000000000000000000e+00
0.000000000000000000e+00 0.000000000000000000e+00 0.000000000000000000e+00 0.000000000000000000e+00 0.000000000000000000e+00
0.000000000000000000e+00 0.000000000000000000e+00 0.000000000000000000e+00 0.000000000000000000e+00 0.000000000000000000e+00
0.000000000000000000e+00 0.000000000000000000e+00 0.000000000000000000e+00 0.000000000000000000e+00 0.000000000000000000e+00
0.000000000000000000e+00 0.000000000000000000e+00 0.000000000000000000e+00 0.000000000000000000e+00 0.000000000000000000e+00
1.094428128214440001e-02 4.953706917086186283e-04 6.157427909253045941e-04 1.653607709426752233e-03 0.000000000000000000e+00
4.477183841493083405e-02 1.950677800938445394e-03 0.000000000000000000e+00 1.353680925494966936e-02 0.000000000000000000e+00
8.629279192438560342e-02 0.000000000000000000e+00 0.000000000000000000e+00 3.344955031511310378e-02 0.000000000000000000e+00
9.644641199551706734e-02 0.000000000000000000e+00 0.000000000000000000e+00 4.693148503470635780e-02 0.000000000000000000e+00
1.021820412274565409e-01 0.000000000000000000e+00 0.000000000000000000e+00 5.456378184570940398e-02 9.823557538108158849e-03
1.177912822045561886e-01 0.000000000000000000e+00 0.000000000000000000e+00 4.404518442727998334e-02 3.863609679440278138e-02
1.161138695797806070e-01 0.000000000000000000e+00 0.000000000000000000e+00 2.656255585342578648e-02 6.928020501741997961e-02
1.019154144386656136e-01 0.000000000000000000e+00 1.928741440235564805e-02 7.762139015397436295e-03 1.043247561915947308e-01
8.288957174454515686e-02 0.000000000000000000e+00 2.680966448574480243e-02 0.000000000000000000e+00 1.087541479925922538e-01
6.540731704135893665e-02 0.000000000000000000e+00 2.871734247854472802e-02 0.000000000000000000e+00 1.020501043641946493e-01
4.118427916254990828e-02 0.000000000000000000e+00 1.793940139536745124e-02 0.000000000000000000e+00 9.000060138992994896e-02
2.848264207044360827e-02 0.000000000000000000e+00 1.238196094122007151e-02 0.000000000000000000e+00 8.294456633184589534e-02
2.084605520671110532e-02 0.000000000000000000e+00 8.485340736739116832e-03 0.000000000000000000e+00 7.857006652171628913e-02
2.068701725856824866e-02 0.000000000000000000e+00 2.269515761692535855e-02 0.000000000000000000e+00 6.781520829134270179e-02
1.206053029976186103e-02 0.000000000000000000e+00 1.802316734503088547e-02 1.439473740709614098e-02 5.697174593358217409e-02
0.000000000000000000e+00 0.000000000000000000e+00 1.597770187058342173e-02 3.446709005038448015e-02 4.957999009486410008e-02
0.000000000000000000e+00 0.000000000000000000e+00 1.291281701094404606e-02 3.590518657736278124e-02 4.575051459230424639e-02
3.660879470619362620e-03 0.000000000000000000e+00 7.587391280535532058e-03 2.006531292411197973e-02 3.550882108558184314e-02
3.761197226248242341e-03 0.000000000000000000e+00 5.720905874582993787e-03 1.206853698572084993e-02 2.476232043683241138e-02
3.773221981805186410e-03 0.000000000000000000e+00 1.047215322904261267e-02 6.553495077261933290e-03 2.156265968467207736e-02
6.150912344566489623e-03 0.000000000000000000e+00 2.932737437293507325e-03 1.460866916312149633e-05 1.409123681074129185e-02
2.691696923325585626e-03 0.000000000000000000e+00 0.000000000000000000e+00 5.556538944343897540e-04 5.802158619128221749e-03
0.000000000000000000e+00 0.000000000000000000e+00 0.000000000000000000e+00 0.000000000000000000e+00 0.000000000000000000e+00
0.000000000000000000e+00 0.000000000000000000e+00 0.000000000000000000e+00 0.000000000000000000e+00 0.000000000000000000e+00
0.000000000000000000e+00 0.000000000000000000e+00 0.000000000000000000e+00 0.000000000000000000e+00 0.000000000000000000e+00
0.000000000000000000e+00 0.000000000000000000e+00 0.000000000000000000e+00 0.000000000000000000e+00 0.000000000000000000e+00
0.000000000000000000e+00 0.000000000000000000e+00 0.000000000000000000e+00 0.000000000000000000e+00 0.000000000000000000e+00
0.000000000000000000e+00 0.000000000000000000e+00 0.000000000000000000e+00 0.000000000000000000e+00 0.000000000000000000e+00
2.425782747133161787e-03 7.747871890828085268e-04 0.000000000000000000e+00 6.867256522654132398e-04 0.000000000000000000e+00
2.198411999228722796e-02 1.874163265653546340e-03 1.918064305263424813e-04 0.000000000000000000e+00 0.000000000000000000e+00
4.943420330797366341e-02 5.420764864034558969e-03 0.000000000000000000e+00 0.000000000000000000e+00 0.000000000000000000e+00
7.040053406816380865e-02 9.793401856129561531e-03 0.000000000000000000e+00 0.000000000000000000e+00 0.000000000000000000e+00
8.104339758940509730e-02 9.382139851848053311e-03 0.000000000000000000e+00 0.000000000000000000e+00 0.000000000000000000e+00
7.183632509563941948e-02 2.154999857679419997e-03 0.000000000000000000e+00 0.000000000000000000e+00 1.020145450311894450e-02
5.281920438231086506e-02 0.000000000000000000e+00 0.000000000000000000e+00 0.000000000000000000e+00 3.186344884582087422e-02
4.658668362841576066e-02 0.000000000000000000e+00 1.374123538947728644e-02 0.000000000000000000e+00 4.059647923753258864e-02
4.052395800026113715e-02 0.000000000000000000e+00 1.509423209398514688e-02 0.000000000000000000e+00 4.262046476296898340e-02
2.709796398972799322e-02 0.000000000000000000e+00 1.301486326987728176e-02 0.000000000000000000e+00 4.288222457125570597e-02
1.754981438676646993e-02 0.000000000000000000e+00 1.804758712687879602e-02 0.000000000000000000e+00 3.432601221739178810e-02
1.412390450196264642e-02 0.000000000000000000e+00 2.128958805599892937e-02 0.000000000000000000e+00 2.555863646085024948e-02
1.524730613230422700e-02 0.000000000000000000e+00 2.036308060202688883e-02 0.000000000000000000e+00 2.214195852843760942e-02
1.534109354739774181e-02 0.000000000000000000e+00 2.107814121035466587e-02 1.366871093878828294e-03 1.845393162378246299e-02
1.228613233679095446e-02 0.000000000000000000e+00 2.117339498157113156e-02 6.191165578210653178e-03 1.680146293204442046e-02
9.805146380490665711e-03 0.000000000000000000e+00 2.107078259504036044e-02 7.263459477904638494e-03 1.608217672669767437e-02
1.164694080277624624e-02 0.000000000000000000e+00 1.559048393823984392e-02 0.000000000000000000e+00 1.660679268341098969e-02
1.208832068427174306e-02 0.000000000000000000e+00 1.146061921035205697e-02 0.000000000000000000e+00 1.321934306304928079e-02
9.800540668324503324e-03 0.000000000000000000e+00 1.073029058370063120e-02 7.726686839360104829e-04 8.118217159570241190e-03
1.006118329117829287e-02 0.000000000000000000e+00 7.793953746563150008e-03 0.000000000000000000e+00 6.556987254422577856e-03
1.088085394277150085e-02 0.000000000000000000e+00 9.166036847350164662e-03 0.000000000000000000e+00 6.921250013651718963e-03
4.328770833007295643e-04 0.000000000000000000e+00 0.000000000000000000e+00 1.109075872515946160e-04 7.588881557119530859e-04
0.000000000000000000e+00 0.000000000000000000e+00 0.000000000000000000e+00 0.000000000000000000e+00 0.000000000000000000e+00
0.000000000000000000e+00 0.000000000000000000e+00 0.000000000000000000e+00 0.000000000000000000e+00 0.000000000000000000e+00
0.000000000000000000e+00 0.000000000000000000e+00 0.000000000000000000e+00 0.000000000000000000e+00 0.000000000000000000e+00
0.000000000000000000e+00 0.000000000000000000e+00 0.000000000000000000e+00 0.000000000000000000e+00 0.000000000000000000e+00
0.000000000000000000e+00 0.000000000000000000e+00 0.000000000000000000e+00 0.000000000000000000e+00 0.000000000000000000e+00
0.000000000000000000e+00 0.000000000000000000e+00 0.000000000000000000e+00 0.000000000000000000e+00 0.000000000000000000e+00
1.331879801427180701e-03 0.000000000000000000e+00 1.919466476295971077e-04 3.916298847235208987e-04 0.000000000000000000e+00
6.151571201348247746e-03 0.000000000000000000e+00 6.356509595420600399e-04 5.498999352000792304e-04 0.000000000000000000e+00
1.482099034736984039e-02 2.317385851572177342e-04 7.420935680480110659e-04 0.000000000000000000e+00 0.000000000000000000e+00
1.565321510270153288e-02 2.966914745787961952e-03 2.301496507979710043e-03 0.000000000000000000e+00 0.000000000000000000e+00
1.573107807652608311e-02 3.263628736538337020e-03 3.565046510366810546e-03 0.000000000000000000e+00 0.000000000000000000e+00
1.782669205950714042e-02 1.562779460347464054e-05 2.988469691765212495e-03 0.000000000000000000e+00 2.509140378566583878e-03
1.724140831435602705e-02 0.000000000000000000e+00 2.351630666586535922e-03 0.000000000000000000e+00 1.551753481047986501e-03
1.210139952102950479e-02 0.000000000000000000e+00 1.089597317629670964e-02 0.000000000000000000e+00 1.641338829682267549e-03
4.109945154255662328e-03 0.000000000000000000e+00 1.031314862050560811e-02 0.000000000000000000e+00 2.205731751711281167e-03
4.148464257373364085e-03 0.000000000000000000e+00 1.784748084964241782e-02 0.000000000000000000e+00 2.654039454369807802e-03
5.017563797927264251e-03 0.000000000000000000e+00 1.994388412216149473e-02 0.000000000000000000e+00 4.150823748812687737e-03
4.208574787347474193e-03 0.000000000000000000e+00 3.848678561804797903e-03 0.000000000000000000e+00 5.135318286265158974e-03
5.595693075544474863e-03 0.000000000000000000e+00 6.266512834188490977e-03 0.000000000000000000e+00 6.754144591756016704e-03
7.188101547419706479e-03 0.000000000000000000e+00 1.021467534782400169e-02 0.000000000000000000e+00 6.439975416585284190e-03
6.215042833630123748e-03 0.000000000000000000e+00 1.801952425806026964e-02 0.000000000000000000e+00 4.195782102276291066e-03
4.333876789551247694e-03 0.000000000000000000e+00 2.035315670373592789e-02 0.000000000000000000e+00 1.729699515597619194e-03
1.801968441828839503e-03 0.000000000000000000e+00 1.902467682785630859e-02 7.762539687808659090e-05 2.896234736044085625e-03
1.549283579200372274e-04 0.000000000000000000e+00 9.898051797901638582e-03 1.690322014631608278e-04 2.454665436421644021e-03
4.892221073431661342e-04 0.000000000000000000e+00 5.244370119761114155e-03 0.000000000000000000e+00 1.867968890793589732e-03
4.475799619756316177e-04 0.000000000000000000e+00 8.405157040100577279e-04 0.000000000000000000e+00 1.840817893503424966e-04
2.014109828890342686e-03 0.000000000000000000e+00 3.782320668045259775e-03 0.000000000000000000e+00 8.283680520765414378e-04
0.000000000000000000e+00 0.000000000000000000e+00 0.000000000000000000e+00 0.000000000000000000e+00 0.000000000000000000e+00
0.000000000000000000e+00 0.000000000000000000e+00 0.000000000000000000e+00 0.000000000000000000e+00 0.000000000000000000e+00
0.000000000000000000e+00 0.000000000000000000e+00 0.000000000000000000e+00 0.000000000000000000e+00 0.000000000000000000e+00
0.000000000000000000e+00 0.000000000000000000e+00 0.000000000000000000e+00 0.000000000000000000e+00 0.000000000000000000e+00
0.000000000000000000e+00 0.000000000000000000e+00 0.000000000000000000e+00 0.000000000000000000e+00 0.000000000000000000e+00
0.000000000000000000e+00 0.000000000000000000e+00 0.000000000000000000e+00 0.000000000000000000e+00 0.000000000000000000e+00
0.000000000000000000e+00 0.000000000000000000e+00 0.000000000000000000e+00 0.000000000000000000e+00 0.000000000000000000e+00
0.000000000000000000e+00 0.000000000000000000e+00 0.000000000000000000e+00 0.000000000000000000e+00 0.000000000000000000e+00
0.000000000000000000e+00 0.000000000000000000e+00 0.000000000000000000e+00 0.000000000000000000e+00 0.000000000000000000e+00
0.000000000000000000e+00 0.000000000000000000e+00 0.000000000000000000e+00 0.000000000000000000e+00 0.000000000000000000e+00
0.000000000000000000e+00 0.000000000000000000e+00 0.000000000000000000e+00 0.000000000000000000e+00 0.000000000000000000e+00
0.000000000000000000e+00 0.000000000000000000e+00 0.000000000000000000e+00 0.000000000000000000e+00 0.000000000000000000e+00
0.000000000000000000e+00 0.000000000000000000e+00 0.000000000000000000e+00 0.000000000000000000e+00 0.000000000000000000e+00
0.000000000000000000e+00 0.000000000000000000e+00 0.000000000000000000e+00 0.000000000000000000e+00 0.000000000000000000e+00
0.000000000000000000e+00 0.000000000000000000e+00 0.000000000000000000e+00 0.000000000000000000e+00 0.000000000000000000e+00
0.000000000000000000e+00 0.000000000000000000e+00 0.000000000000000000e+00 0.000000000000000000e+00 0.000000000000000000e+00
0.000000000000000000e+00 0.000000000000000000e+00 0.000000000000000000e+00 0.000000000000000000e+00 0.000000000000000000e+00
0.000000000000000000e+00 0.000000000000000000e+00 0.000000000000000000e+00 0.000000000000000000e+00 0.000000000000000000e+00
0.000000000000000000e+00 0.000000000000000000e+00 0.000000000000000000e+00 0.000000000000000000e+00 0.000000000000000000e+00
0.000000000000000000e+00 0.000000000000000000e+00 0.000000000000000000e+00 0.000000000000000000e+00 0.000000000000000000e+00
0.000000000000000000e+00 0.000000000000000000e+00 0.000000000000000000e+00 0.000000000000000000e+00 0.000000000000000000e+00
0.000000000000000000e+00 0.000000000000000000e+00 1.210618322135206858e-03 1.107921595203637617e-04 0.000000000000000000e+00
0.000000000000000000e+00 0.000000000000000000e+00 8.552432662826126020e-03 7.826929979019237255e-04 0.000000000000000000e+00
0.000000000000000000e+00 0.000000000000000000e+00 9.880207596780888821e-03 9.042069793113567894e-04 0.000000000000000000e+00
0.000000000000000000e+00 0.000000000000000000e+00 4.334794637322836319e-03 3.967074098954963919e-04 0.000000000000000000e+00
0.000000000000000000e+00 0.000000000000000000e+00 0.000000000000000000e+00 0.000000000000000000e+00 0.000000000000000000e+00
0.000000000000000000e+00 0.000000000000000000e+00 0.000000000000000000e+00 0.000000000000000000e+00 0.000000000000000000e+00
0.000000000000000000e+00 0.000000000000000000e+00 0.000000000000000000e+00 0.000000000000000000e+00 0.000000000000000000e+00
0.000000000000000000e+00 0.000000000000000000e+00 0.000000000000000000e+00 0.000000000000000000e+00 0.000000000000000000e+00
0.000000000000000000e+00 0.000000000000000000e+00 0.000000000000000000e+00 0.000000000000000000e+00 0.000000000000000000e+00
0.000000000000000000e+00 0.000000000000000000e+00 0.000000000000000000e+00 0.000000000000000000e+00 0.000000000000000000e+00
0.000000000000000000e+00 0.000000000000000000e+00 0.000000000000000000e+00 0.000000000000000000e+00 0.000000000000000000e+00
0.000000000000000000e+00 0.000000000000000000e+00 0.000000000000000000e+00 0.000000000000000000e+00 0.000000000000000000e+00
0.000000000000000000e+00 0.000000000000000000e+00 0.000000000000000000e+00 0.000000000000000000e+00 0.000000000000000000e+00
0.000000000000000000e+00 0.000000000000000000e+00 0.000000000000000000e+00 0.000000000000000000e+00 0.000000000000000000e+00
0.000000000000000000e+00 0.000000000000000000e+00 0.000000000000000000e+00 0.000000000000000000e+00 0.000000000000000000e+00
0.000000000000000000e+00 0.000000000000000000e+00 0.000000000000000000e+00 0.000000000000000000e+00 0.000000000000000000e+00
0.000000000000000000e+00 0.000000000000000000e+00 0.000000000000000000e+00 0.000000000000000000e+00 0.000000000000000000e+00
0.000000000000000000e+00 0.000000000000000000e+00 0.000000000000000000e+00 0.000000000000000000e+00 0.000000000000000000e+00
0.000000000000000000e+00 0.000000000000000000e+00 0.000000000000000000e+00 0.000000000000000000e+00 0.000000000000000000e+00
0.000000000000000000e+00 0.000000000000000000e+00 0.000000000000000000e+00 0.000000000000000000e+00 0.000000000000000000e+00
0.000000000000000000e+00 0.000000000000000000e+00 0.000000000000000000e+00 0.000000000000000000e+00 0.000000000000000000e+00
0.000000000000000000e+00 0.000000000000000000e+00 0.000000000000000000e+00 0.000000000000000000e+00 0.000000000000000000e+00
0.000000000000000000e+00 0.000000000000000000e+00 0.000000000000000000e+00 0.000000000000000000e+00 0.000000000000000000e+00
0.000000000000000000e+00 0.000000000000000000e+00 0.000000000000000000e+00 0.000000000000000000e+00 0.000000000000000000e+00
0.000000000000000000e+00 0.000000000000000000e+00 0.000000000000000000e+00 0.000000000000000000e+00 0.000000000000000000e+00
0.000000000000000000e+00 0.000000000000000000e+00 0.000000000000000000e+00 0.000000000000000000e+00 0.000000000000000000e+00
0.000000000000000000e+00 0.000000000000000000e+00 0.000000000000000000e+00 0.000000000000000000e+00 0.000000000000000000e+00
0.000000000000000000e+00 0.000000000000000000e+00 0.000000000000000000e+00 0.000000000000000000e+00 0.000000000000000000e+00
0.000000000000000000e+00 0.000000000000000000e+00 0.000000000000000000e+00 0.000000000000000000e+00 0.000000000000000000e+00
0.000000000000000000e+00 0.000000000000000000e+00 0.000000000000000000e+00 0.000000000000000000e+00 0.000000000000000000e+00
0.000000000000000000e+00 0.000000000000000000e+00 0.000000000000000000e+00 0.000000000000000000e+00 0.000000000000000000e+00
0.000000000000000000e+00 0.000000000000000000e+00 0.000000000000000000e+00 0.000000000000000000e+00 0.000000000000000000e+00
0.000000000000000000e+00 0.000000000000000000e+00 0.000000000000000000e+00 0.000000000000000000e+00 0.000000000000000000e+00
0.000000000000000000e+00 0.000000000000000000e+00 0.000000000000000000e+00 0.000000000000000000e+00 0.000000000000000000e+00
0.000000000000000000e+00 0.000000000000000000e+00 0.000000000000000000e+00 0.000000000000000000e+00 0.000000000000000000e+00
0.000000000000000000e+00 0.000000000000000000e+00 0.000000000000000000e+00 0.000000000000000000e+00 0.000000000000000000e+00
0.000000000000000000e+00 0.000000000000000000e+00 0.000000000000000000e+00 0.000000000000000000e+00 0.000000000000000000e+00
0.000000000000000000e+00 0.000000000000000000e+00 0.000000000000000000e+00 0.000000000000000000e+00 0.000000000000000000e+00
0.000000000000000000e+00 0.000000000000000000e+00 0.000000000000000000e+00 0.000000000000000000e+00 0.000000000000000000e+00
0.000000000000000000e+00 0.000000000000000000e+00 0.000000000000000000e+00 0.000000000000000000e+00 0.000000000000000000e+00
0.000000000000000000e+00 0.000000000000000000e+00 0.000000000000000000e+00 0.000000000000000000e+00 0.000000000000000000e+00
0.000000000000000000e+00 0.000000000000000000e+00 0.000000000000000000e+00 0.000000000000000000e+00 0.000000000000000000e+00
0.000000000000000000e+00 0.000000000000000000e+00 0.000000000000000000e+00 0.000000000000000000e+00 0.000000000000000000e+00
0.000000000000000000e+00 0.000000000000000000e+00 0.000000000000000000e+00 0.000000000000000000e+00 0.000000000000000000e+00
0.000000000000000000e+00 0.000000000000000000e+00 0.000000000000000000e+00 0.000000000000000000e+00 0.000000000000000000e+00
0.000000000000000000e+00 0.000000000000000000e+00 0.000000000000000000e+00 0.000000000000000000e+00 0.000000000000000000e+00
0.000000000000000000e+00 0.000000000000000000e+00 0.000000000000000000e+00 0.000000000000000000e+00 0.000000000000000000e+00
0.000000000000000000e+00 0.000000000000000000e+00 0.000000000000000000e+00 0.000000000000000000e+00 0.000000000000000000e+00
0.000000000000000000e+00 0.000000000000000000e+00 0.000000000000000000e+00 0.000000000000000000e+00 0.000000000000000000e+00
0.000000000000000000e+00 0.000000000000000000e+00 0.000000000000000000e+00 0.000000000000000000e+00 0.000000000000000000e+00
0.000000000000000000e+00 0.000000000000000000e+00 0.000000000000000000e+00 0.000000000000000000e+00 0.000000000000000000e+00
0.000000000000000000e+00 0.000000000000000000e+00 0.000000000000000000e+00 0.000000000000000000e+00 0.000000000000000000e+00
0.000000000000000000e+00 0.000000000000000000e+00 0.000000000000000000e+00 0.000000000000000000e+00 0.000000000000000000e+00
0.000000000000000000e+00 0.000000000000000000e+00 0.000000000000000000e+00 0.000000000000000000e+00 0.000000000000000000e+00
0.000000000000000000e+00 0.000000000000000000e+00 0.000000000000000000e+00 0.000000000000000000e+00 0.000000000000000000e+00
0.000000000000000000e+00 0.000000000000000000e+00 0.000000000000000000e+00 0.000000000000000000e+00 0.000000000000000000e+00
0.000000000000000000e+00 0.000000000000000000e+00 0.000000000000000000e+00 0.000000000000000000e+00 0.000000000000000000e+00
0.000000000000000000e+00 0.000000000000000000e+00 0.000000000000000000e+00 0.000000000000000000e+00 0.000000000000000000e+00
0.000000000000000000e+00 0.000000000000000000e+00 0.000000000000000000e+00 0.000000000000000000e+00 0.000000000000000000e+00
0.000000000000000000e+00 0.000000000000000000e+00 0.000000000000000000e+00 0.000000000000000000e+00 0.000000000000000000e+00
0.000000000000000000e+00 0.000000000000000000e+00 0.000000000000000000e+00 0.000000000000000000e+00 0.000000000000000000e+00
0.000000000000000000e+00 0.000000000000000000e+00 0.000000000000000000e+00 0.000000000000000000e+00 0.000000000000000000e+00
0.000000000000000000e+00 0.000000000000000000e+00 0.000000000000000000e+00 0.000000000000000000e+00 0.000000000000000000e+00
0.000000000000000000e+00 0.000000000000000000e+00 0.000000000000000000e+00 0.000000000000000000e+00 0.000000000000000000e+00
0.000000000000000000e+00 0.000000000000000000e+00 0.000000000000000000e+00 0.000000000000000000e+00 0.000000000000000000e+00
0.000000000000000000e+00 0.000000000000000000e+00 0.000000000000000000e+00 0.000000000000000000e+00 0.000000000000000000e+00
0.000000000000000000e+00 0.000000000000000000e+00 0.000000000000000000e+00 0.000000000000000000e+00 0.000000000000000000e+00
