404.7694892883301
0.000000000000000000e+00 0.000000000000000000e+00 0.000000000000000000e+00 0.000000000000000000e+00 0.000000000000000000e+00
0.000000000000000000e+00 0.000000000000000000e+00 0.000000000000000000e+00 0.000000000000000000e+00 0.000000000000000000e+00
0.000000000000000000e+00 0.000000000000000000e+00 0.000000000000000000e+00 0.000000000000000000e+00 0.000000000000000000e+00
0.000000000000000000e+00 0.000000000000000000e+00 0.000000000000000000e+00 0.000000000000000000e+00 0.000000000000000000e+00
0.000000000000000000e+00 0.000000000000000000e+00 0.000000000000000000e+00 0.000000000000000000e+00 0.000000000000000000e+00
0.000000000000000000e+00 0.000000000000000000e+00 0.000000000000000000e+00 0.000000000000000000e+00 0.000000000000000000e+00
0.000000000000000000e+00 0.000000000000000000e+00 0.000000000000000000e+00 0.000000000000000000e+00 0.000000000000000000e+00
0.000000000000000000e+00 0.000000000000000000e+00 0.000000000000000000e+00 0.000000000000000000e+00 0.000000000000000000e+00
0.000000000000000000e+00 0.000000000000000000e+00 0.000000000000000000e+00 0.000000000000000000e+00 0.000000000000000000e+00
0.000000000000000000e+00 0.000000000000000000e+00 0.000000000000000000e+00 0.000000000000000000e+00 0.000000000000000000e+00
0.000000000000000000e+00 0.000000000000000000e+00 0.000000000000000000e+00 0.000000000000000000e+00 0.000000000000000000e+00
0.000000000000000000e+00 0.000000000000000000e+00 0.000000000000000000e+00 0.000000000000000000e+00 0.000000000000000000e+00
0.000000000000000000e+00 8.952877937694743394e-06 0.000000000000000000e+00 0.000000000000000000e+00 0.000000000000000000e+00
0.000000000000000000e+00 1.933821634542067663e-04 0.000000000000000000e+00 0.000000000000000000e+00 0.000000000000000000e+00
0.000000000000000000e+00 1.933821634542067663e-04 0.000000000000000000e+00 0.000000000000000000e+00 0.000000000000000000e+00
0.000000000000000000e+00 8.057590143925271765e-06 0.000000000000000000e+00 0.000000000000000000e+00 0.000000000000000000e+00
0.000000000000000000e+00 0.000000000000000000e+00 0.000000000000000000e+00 0.000000000000000000e+00 0.000000000000000000e+00
0.000000000000000000e+00 0.000000000000000000e+00 0.000000000000000000e+00 0.000000000000000000e+00 0.000000000000000000e+00
0.000000000000000000e+00 0.000000000000000000e+00 0.000000000000000000e+00 0.000000000000000000e+00 0.000000000000000000e+00
0.000000000000000000e+00 0.000000000000000000e+00 0.000000000000000000e+00 0.000000000000000000e+00 0.000000000000000000e+00
0.000000000000000000e+00 0.000000000000000000e+00 0.000000000000000000e+00 0.000000000000000000e+00 0.000000000000000000e+00
0.000000000000000000e+00 0.000000000000000000e+00 0.000000000000000000e+00 0.000000000000000000e+00 0.000000000000000000e+00
0.000000000000000000e+00 0.000000000000000000e+00 0.000000000000000000e+00 0.000000000000000000e+00 0.000000000000000000e+00
0.000000000000000000e+00 0.000000000000000000e+00 0.000000000000000000e+00 0.000000000000000000e+00 0.000000000000000000e+00
0.000000000000000000e+00 0.000000000000000000e+00 0.000000000000000000e+00 0.000000000000000000e+00 0.000000000000000000e+00
0.000000000000000000e+00 0.000000000000000000e+00 0.000000000000000000e+00 0.000000000000000000e+00 0.000000000000000000e+00
0.000000000000000000e+00 0.000000000000000000e+00 0.000000000000000000e+00 0.000000000000000000e+00 0.000000000000000000e+00
0.000000000000000000e+00 0.000000000000000000e+00 0.000000000000000000e+00 0.000000000000000000e+00 0.000000000000000000e+00
0.000000000000000000e+00 0.000000000000000000e+00 0.000000000000000000e+00 0.000000000000000000e+00 0.000000000000000000e+00
0.000000000000000000e+00 0.000000000000000000e+00 0.000000000000000000e+00 0.000000000000000000e+00 0.000000000000000000e+00
0.000000000000000000e+00 0.000000000000000000e+00 0.000000000000000000e+00 0.000000000000000000e+00 0.000000000000000000e+00
0.000000000000000000e+00 0.000000000000000000e+00 0.000000000000000000e+00 0.000000000000000000e+00 0.000000000000000000e+00
0.000000000000000000e+00 0.000000000000000000e+00 0.000000000000000000e+00 0.000000000000000000e+00 0.000000000000000000e+00
0.000000000000000000e+00 0.000000000000000000e+00 0.000000000000000000e+00 0.000000000000000000e+00 0.000000000000000000e+00
0.000000000000000000e+00 0.000000000000000000e+00 0.000000000000000000e+00 0.000000000000000000e+00 0.000000000000000000e+00
0.000000000000000000e+00 2.258524907821668800e-07 0.000000000000000000e+00 1.542633267433512451e-06 0.000000000000000000e+00
0.000000000000000000e+00 1.099148788473236694e-05 0.000000000000000000e+00 7.507481901509720375e-05 0.000000000000000000e+00
0.000000000000000000e+00 1.885808553170485852e-05 6.031029262990430032e-05 1.053461687954816380e-04 0.000000000000000000e+00
0.000000000000000000e+00 1.060773475153079740e-04 1.441639450135045108e-04 2.357712729560509533e-04 0.000000000000000000e+00
0.000000000000000000e+00 1.184118904437543910e-04 1.992851932201645051e-04 2.581482827261998556e-04 0.000000000000000000e+00
0.000000000000000000e+00 2.541318485122392274e-05 1.693598368141828101e-04 1.202186781246919180e-04 0.000000000000000000e+00
0.000000000000000000e+00 2.158164409961230233e-04 7.822688735592104811e-05 2.861838150508804867e-05 0.000000000000000000e+00
0.000000000000000000e+00 6.418790533478312913e-04 8.772989979588366233e-05 2.309655881250529259e-05 0.000000000000000000e+00
0.000000000000000000e+00 6.730108113716598908e-04 1.593169601483237531e-04 3.417573923456545827e-05 0.000000000000000000e+00
0.000000000000000000e+00 6.584654817151818548e-04 2.414700215150315950e-04 4.403193550279048716e-05 0.000000000000000000e+00
0.000000000000000000e+00 8.169256964412351422e-05 6.927735919835182926e-05 1.884322495047027814e-05 0.000000000000000000e+00
0.000000000000000000e+00 2.392786104338811250e-06 5.537939653914178634e-06 9.200746352776249857e-07 0.000000000000000000e+00
0.000000000000000000e+00 0.000000000000000000e+00 0.000000000000000000e+00 0.000000000000000000e+00 0.000000000000000000e+00
0.000000000000000000e+00 0.000000000000000000e+00 0.000000000000000000e+00 0.000000000000000000e+00 0.000000000000000000e+00
0.000000000000000000e+00 0.000000000000000000e+00 0.000000000000000000e+00 0.000000000000000000e+00 0.000000000000000000e+00
0.000000000000000000e+00 0.000000000000000000e+00 0.000000000000000000e+00 0.000000000000000000e+00 0.000000000000000000e+00
0.000000000000000000e+00 0.000000000000000000e+00 0.000000000000000000e+00 0.000000000000000000e+00 0.000000000000000000e+00
0.000000000000000000e+00 0.000000000000000000e+00 0.000000000000000000e+00 0.000000000000000000e+00 0.000000000000000000e+00
0.000000000000000000e+00 0.000000000000000000e+00 0.000000000000000000e+00 0.000000000000000000e+00 0.000000000000000000e+00
0.000000000000000000e+00 0.000000000000000000e+00 0.000000000000000000e+00 0.000000000000000000e+00 0.000000000000000000e+00
0.000000000000000000e+00 0.000000000000000000e+00 0.000000000000000000e+00 0.000000000000000000e+00 0.000000000000000000e+00
0.000000000000000000e+00 0.000000000000000000e+00 0.000000000000000000e+00 0.000000000000000000e+00 0.000000000000000000e+00
0.000000000000000000e+00 0.000000000000000000e+00 0.000000000000000000e+00 0.000000000000000000e+00 0.000000000000000000e+00
0.000000000000000000e+00 0.000000000000000000e+00 0.000000000000000000e+00 0.000000000000000000e+00 0.000000000000000000e+00
0.000000000000000000e+00 0.000000000000000000e+00 0.000000000000000000e+00 0.000000000000000000e+00 0.000000000000000000e+00
0.000000000000000000e+00 0.000000000000000000e+00 0.000000000000000000e+00 0.000000000000000000e+00 0.000000000000000000e+00
0.000000000000000000e+00 0.000000000000000000e+00 1.753632488118276353e-05 2.410472546993326743e-05 4.489821132320572095e-06
0.000000000000000000e+00 5.780772875799435707e-05 1.125406808397277252e-04 1.104381595779526607e-04 0.000000000000000000e+00
0.000000000000000000e+00 3.921758351661708991e-04 1.987881560862189906e-04 1.172636006688525262e-04 0.000000000000000000e+00
0.000000000000000000e+00 7.657259213941200503e-04 3.654555256016289418e-04 4.260063330483352079e-04 0.000000000000000000e+00
0.000000000000000000e+00 1.705844777796823889e-03 1.069876611289046278e-03 8.811940349565924912e-04 0.000000000000000000e+00
0.000000000000000000e+00 3.144364917396456731e-03 1.793541607757181229e-03 1.019940547007015200e-03 0.000000000000000000e+00
0.000000000000000000e+00 4.400936999097035396e-03 2.851909676214629558e-03 8.628014462354461180e-04 0.000000000000000000e+00
0.000000000000000000e+00 5.126813893593498705e-03 4.041507355389825813e-03 3.442275072781850165e-04 0.000000000000000000e+00
0.000000000000000000e+00 5.592321665175070330e-03 4.451815507267282458e-03 0.000000000000000000e+00 0.000000000000000000e+00
0.000000000000000000e+00 6.707897495622700858e-03 4.164615144466655636e-03 0.000000000000000000e+00 2.003858139591374230e-04
0.000000000000000000e+00 7.305305744883811535e-03 3.423206943354234824e-03 0.000000000000000000e+00 5.000489788421267181e-04
0.000000000000000000e+00 5.899605168817277472e-03 2.188441901311349077e-03 0.000000000000000000e+00 6.131303014389299488e-04
0.000000000000000000e+00 3.288777444420326601e-03 1.069795892311214622e-03 0.000000000000000000e+00 8.499260370979592333e-04
0.000000000000000000e+00 1.525688559145057599e-03 3.152045451768042809e-04 0.000000000000000000e+00 9.377008617294457999e-04
0.000000000000000000e+00 6.337562701553428341e-04 6.481342168960168518e-05 0.000000000000000000e+00 9.787307390635359861e-04
0.000000000000000000e+00 7.073807156391574919e-05 0.000000000000000000e+00 0.000000000000000000e+00 5.339760828538210515e-04
0.000000000000000000e+00 5.554541137883760857e-05 0.000000000000000000e+00 0.000000000000000000e+00 1.003576628949369692e-04
0.000000000000000000e+00 5.409968127144959503e-06 6.122313280001665182e-07 0.000000000000000000e+00 3.839271328171591928e-06
0.000000000000000000e+00 0.000000000000000000e+00 0.000000000000000000e+00 1.188157419968740382e-04 1.520422519420658617e-04
0.000000000000000000e+00 0.000000000000000000e+00 0.000000000000000000e+00 2.724844044240916840e-04 7.015331559237547902e-05
0.000000000000000000e+00 2.362250008198299716e-05 0.000000000000000000e+00 1.487138356511085834e-04 1.028066153538430563e-06
0.000000000000000000e+00 0.000000000000000000e+00 0.000000000000000000e+00 0.000000000000000000e+00 0.000000000000000000e+00
0.000000000000000000e+00 0.000000000000000000e+00 0.000000000000000000e+00 0.000000000000000000e+00 0.000000000000000000e+00
0.000000000000000000e+00 0.000000000000000000e+00 0.000000000000000000e+00 0.000000000000000000e+00 0.000000000000000000e+00
0.000000000000000000e+00 0.000000000000000000e+00 0.000000000000000000e+00 0.000000000000000000e+00 0.000000000000000000e+00
0.000000000000000000e+00 0.000000000000000000e+00 3.859259222164461756e-06 0.000000000000000000e+00 8.101267563497515828e-06
0.000000000000000000e+00 0.000000000000000000e+00 0.000000000000000000e+00 0.000000000000000000e+00 0.000000000000000000e+00
0.000000000000000000e+00 6.918119281895438178e-06 1.764099010010886093e-05 3.070565586207075348e-05 0.000000000000000000e+00
6.324683484151041304e-05 1.976006614230625387e-04 1.741363600045064042e-04 2.456747290146347714e-04 0.000000000000000000e+00
0.000000000000000000e+00 6.333997701824959975e-04 1.482824401179201829e-03 6.999828608815069578e-04 0.000000000000000000e+00
0.000000000000000000e+00 2.498118326320439980e-03 3.997732014532940324e-03 1.157289539558016035e-03 0.000000000000000000e+00
0.000000000000000000e+00 7.298019423530216314e-03 9.055872390357457696e-03 4.480224738227623986e-04 0.000000000000000000e+00
0.000000000000000000e+00 1.485175865369411929e-02 1.679047000179621080e-02 1.620728738013058100e-04 0.000000000000000000e+00
0.000000000000000000e+00 2.381402626412602863e-02 2.673530709374237480e-02 0.000000000000000000e+00 0.000000000000000000e+00
0.000000000000000000e+00 3.196784108517367051e-02 3.996923638602471046e-02 0.000000000000000000e+00 0.000000000000000000e+00
0.000000000000000000e+00 4.293237432007211002e-02 5.043646817133558974e-02 0.000000000000000000e+00 0.000000000000000000e+00
0.000000000000000000e+00 5.164707401281603411e-02 5.847348309042114251e-02 0.000000000000000000e+00 0.000000000000000000e+00
0.000000000000000000e+00 5.209915138085074310e-02 5.808775993268847776e-02 0.000000000000000000e+00 0.000000000000000000e+00
0.000000000000000000e+00 4.573256441794143479e-02 5.149792559043204349e-02 0.000000000000000000e+00 9.316288731114969607e-03
0.000000000000000000e+00 3.214146365444840725e-02 3.603476001651070848e-02 0.000000000000000000e+00 2.491734268694547130e-02
0.000000000000000000e+00 1.849184377994881473e-02 1.885544619904049729e-02 0.000000000000000000e+00 3.302014499615309184e-02
0.000000000000000000e+00 8.185751854774114128e-03 6.348771659808776641e-03 0.000000000000000000e+00 3.127192215687055188e-02
0.000000000000000000e+00 2.406104473840814297e-03 1.365957068612093546e-03 0.000000000000000000e+00 2.339013331960411793e-02
0.000000000000000000e+00 8.526770782294960504e-04 0.000000000000000000e+00 0.000000000000000000e+00 1.404900615588215197e-02
0.000000000000000000e+00 6.733819277108841561e-04 0.000000000000000000e+00 0.000000000000000000e+00 6.644862402972157023e-03
0.000000000000000000e+00 2.268288258439895655e-04 0.000000000000000000e+00 0.000000000000000000e+00 2.187001150268048488e-03
0.000000000000000000e+00 0.000000000000000000e+00 0.000000000000000000e+00 1.408795212276150555e-04 4.717040844096758454e-04
0.000000000000000000e+00 1.758580533589731263e-05 0.000000000000000000e+00 2.445230876164557199e-04 2.664918511573359920e-05
0.000000000000000000e+00 2.347933341481919109e-05 0.000000000000000000e+00 1.478125396774667647e-04 1.021835449577599660e-06
0.000000000000000000e+00 0.000000000000000000e+00 0.000000000000000000e+00 0.000000000000000000e+00 0.000000000000000000e+00
0.000000000000000000e+00 0.000000000000000000e+00 0.000000000000000000e+00 0.000000000000000000e+00 0.000000000000000000e+00
0.000000000000000000e+00 0.000000000000000000e+00 0.000000000000000000e+00 0.000000000000000000e+00 0.000000000000000000e+00
0.000000000000000000e+00 0.000000000000000000e+00 0.000000000000000000e+00 0.000000000000000000e+00 0.000000000000000000e+00
0.000000000000000000e+00 0.000000000000000000e+00 1.473535339371895501e-05 0.000000000000000000e+00 3.093211251517234456e-05
0.000000000000000000e+00 0.000000000000000000e+00 0.000000000000000000e+00 0.000000000000000000e+00 0.000000000000000000e+00
2.007327799735954103e-04 1.330230232644539926e-04 1.361786925939117293e-04 1.735804178372997821e-04 0.000000000000000000e+00
1.804101351819428203e-03 1.209492953921917829e-04 1.824875784148454177e-03 4.938619521099444406e-04 0.000000000000000000e+00
2.698651106521223093e-03 1.781563240981608913e-03 6.018190003055302190e-03 7.340274155402848506e-04 0.000000000000000000e+00
6.475878693390614907e-03 6.084439153128290076e-03 1.352745759039953102e-02 2.771296595701181224e-04 0.000000000000000000e+00
1.215787358060065396e-02 1.467904258317299059e-02 2.702224225101258412e-02 0.000000000000000000e+00 0.000000000000000000e+00
1.952103880189587359e-02 2.949534797641930467e-02 4.721607244010037757e-02 0.000000000000000000e+00 0.000000000000000000e+00
3.044523909953931323e-02 4.572250253627414829e-02 6.970752744280760138e-02 0.000000000000000000e+00 0.000000000000000000e+00
4.143451805518151565e-02 6.479384018454441285e-02 9.374162273266439804e-02 0.000000000000000000e+00 0.000000000000000000e+00
4.979048709671170247e-02 7.917626756316742398e-02 1.115592863521092243e-01 0.000000000000000000e+00 0.000000000000000000e+00
5.356350100325570768e-02 8.672742117320086930e-02 1.214659889062164322e-01 0.000000000000000000e+00 0.000000000000000000e+00
4.785752975838058337e-02 8.594278824650189441e-02 1.229690109042132912e-01 0.000000000000000000e+00 5.457734257426385439e-03
3.405920770042963897e-02 7.417364644049359579e-02 1.137583150787778857e-01 0.000000000000000000e+00 3.889587670954017251e-02
1.553317132898125209e-02 5.407392584422377607e-02 9.246630612305282992e-02 0.000000000000000000e+00 7.279461657824537468e-02
0.000000000000000000e+00 2.841401810596206820e-02 5.803355967412649613e-02 0.000000000000000000e+00 9.706577313904278526e-02
0.000000000000000000e+00 5.335238602335865173e-03 2.633761970135766253e-02 0.000000000000000000e+00 1.035556025988677437e-01
0.000000000000000000e+00 0.000000000000000000e+00 8.673046296663582816e-03 0.000000000000000000e+00 8.803240054209009180e-02
0.000000000000000000e+00 0.000000000000000000e+00 1.704859330604721092e-03 0.000000000000000000e+00 5.701506996826002927e-02
0.000000000000000000e+00 0.000000000000000000e+00 0.000000000000000000e+00 0.000000000000000000e+00 2.867168663884577320e-02
0.000000000000000000e+00 0.000000000000000000e+00 0.000000000000000000e+00 0.000000000000000000e+00 1.027222629902327031e-02
0.000000000000000000e+00 0.000000000000000000e+00 0.000000000000000000e+00 1.750701541010774010e-04 1.697939615797657746e-03
0.000000000000000000e+00 2.339981255994225503e-05 0.000000000000000000e+00 2.596986402564613935e-04 5.153374349478117921e-05
0.000000000000000000e+00 1.279175445119479060e-05 0.000000000000000000e+00 1.702554615352469124e-04 2.954322167235127659e-05
0.000000000000000000e+00 0.000000000000000000e+00 0.000000000000000000e+00 0.000000000000000000e+00 0.000000000000000000e+00
0.000000000000000000e+00 0.000000000000000000e+00 0.000000000000000000e+00 0.000000000000000000e+00 0.000000000000000000e+00
0.000000000000000000e+00 0.000000000000000000e+00 0.000000000000000000e+00 0.000000000000000000e+00 0.000000000000000000e+00
0.000000000000000000e+00 0.000000000000000000e+00 0.000000000000000000e+00 0.000000000000000000e+00 0.000000000000000000e+00
0.000000000000000000e+00 0.000000000000000000e+00 0.000000000000000000e+00 0.000000000000000000e+00 0.000000000000000000e+00
8.509534858805345328e-05 0.000000000000000000e+00 3.133114278510773185e-06 2.201555328812547494e-05 7.918148148840699899e-06
2.111070833046414016e-03 0.000000000000000000e+00 9.744782264365041532e-05 0.000000000000000000e+00 0.000000000000000000e+00
6.875211889135574191e-03 0.000000000000000000e+00 3.379123858404262971e-03 5.327426214388635874e-04 0.000000000000000000e+00
1.460053623281091020e-02 1.350573664423534949e-03 1.117132618308955098e-02 2.237604849839928706e-03 0.000000000000000000e+00
2.890204106999635231e-02 7.371372861721395796e-03 2.351854463803828080e-02 2.255975645427729399e-03 0.000000000000000000e+00
4.549555746917600257e-02 1.984409524336405370e-02 4.240604566085207083e-02 0.000000000000000000e+00 0.000000000000000000e+00
6.658865871861199826e-02 3.273172826609955371e-02 6.664290519673296553e-02 0.000000000000000000e+00 0.000000000000000000e+00
8.720194211014449526e-02 4.841905707092574590e-02 8.809459125894578135e-02 0.000000000000000000e+00 0.000000000000000000e+00
1.033846565332162404e-01 6.122150841794631038e-02 1.031657230638724498e-01 0.000000000000000000e+00 0.000000000000000000e+00
1.099361017513804245e-01 6.398025563743482691e-02 1.107242434755475041e-01 0.000000000000000000e+00 0.000000000000000000e+00
1.093140444657840632e-01 6.311763600451128498e-02 1.117386351888897261e-01 0.000000000000000000e+00 1.327863610971933422e-02
1.023288450599279115e-01 6.337659390155327144e-02 1.112445610719302730e-01 0.000000000000000000e+00 3.810235000161883018e-02
8.722710563735976141e-02 6.251660089114977059e-02 1.118422375868599189e-01 0.000000000000000000e+00 6.195062758896002081e-02
6.522347211330951910e-02 6.028037929981738818e-02 1.050237517327479581e-01 0.000000000000000000e+00 8.667846844280384377e-02
3.942988585151609160e-02 4.821780945984767419e-02 8.351961147539394004e-02 0.000000000000000000e+00 1.122051860937806622e-01
1.179390699861208522e-02 1.997482102005034357e-02 4.706887086594834652e-02 0.000000000000000000e+00 1.340356669996149996e-01
0.000000000000000000e+00 0.000000000000000000e+00 1.655847233448374742e-02 0.000000000000000000e+00 1.335529505152019680e-01
0.000000000000000000e+00 0.000000000000000000e+00 2.769891784329807285e-03 0.000000000000000000e+00 1.033067056098114639e-01
0.000000000000000000e+00 0.000000000000000000e+00 0.000000000000000000e+00 0.000000000000000000e+00 5.893690181413332313e-02
0.000000000000000000e+00 0.000000000000000000e+00 0.000000000000000000e+00 7.240440491512735140e-04 2.489713192922035634e-02
0.000000000000000000e+00 0.000000000000000000e+00 0.000000000000000000e+00 2.371982470998403871e-04 5.024368702134679801e-03
0.000000000000000000e+00 0.000000000000000000e+00 0.000000000000000000e+00 1.782863289373063688e-04 2.681909739371341936e-04
0.000000000000000000e+00 0.000000000000000000e+00 0.000000000000000000e+00 1.496157251452608105e-04 9.444725445253412868e-05
0.000000000000000000e+00 0.000000000000000000e+00 0.000000000000000000e+00 0.000000000000000000e+00 0.000000000000000000e+00
0.000000000000000000e+00 0.000000000000000000e+00 0.000000000000000000e+00 0.000000000000000000e+00 0.000000000000000000e+00
0.000000000000000000e+00 0.000000000000000000e+00 0.000000000000000000e+00 0.000000000000000000e+00 0.000000000000000000e+00
0.000000000000000000e+00 0.000000000000000000e+00 0.000000000000000000e+00 0.000000000000000000e+00 0.000000000000000000e+00
6.330137866477873646e-06 0.000000000000000000e+00 0.000000000000000000e+00 1.682939429553961242e-06 0.000000000000000000e+00
2.858834661778325158e-04 0.000000000000000000e+00 6.162613467835257411e-06 7.520667130088303008e-05 1.177279804149811737e-05
4.295226383254374496e-03 0.000000000000000000e+00 3.309039177447951029e-04 0.000000000000000000e+00 0.000000000000000000e+00
1.511396824255750206e-02 0.000000000000000000e+00 2.427350197637713914e-03 2.638207152606543773e-03 0.000000000000000000e+00
3.056578596276728760e-02 0.000000000000000000e+00 1.198658650786535093e-02 8.583356618347913122e-03 0.000000000000000000e+00
5.480112537965363406e-02 3.404385582542816292e-03 2.485792808694230541e-02 1.361120828141370101e-02 0.000000000000000000e+00
8.156400443358753638e-02 1.036424261201707685e-02 4.069031972545019554e-02 1.627408709015305474e-02 0.000000000000000000e+00
1.045463875558226979e-01 2.038847795807986404e-02 5.558879610086286949e-02 1.944887937012995324e-02 0.000000000000000000e+00
1.192933261662718347e-01 2.732208733944438764e-02 6.205506258059977076e-02 2.766555690296891926e-02 0.000000000000000000e+00
1.232908798012892632e-01 2.691805733793448466e-02 6.169475189585224562e-02 3.761578495873516004e-02 3.116454732868672705e-03
1.161256098938667908e-01 1.639903179855986895e-02 5.536460334003142497e-02 5.448501565718386064e-02 3.442464101125605053e-02
1.058027821238007316e-01 1.292197637095751639e-02 4.805391609090906707e-02 6.677760203278802764e-02 5.816468482411752544e-02
9.699081978426754569e-02 1.655665099567190171e-02 4.791613937021615977e-02 7.042644727729638343e-02 6.876399200437087467e-02
9.268469840790166669e-02 3.209869292322185125e-02 6.157511577113793794e-02 5.297582169013011211e-02 6.623234968316883686e-02
8.887637213510533873e-02 5.211381681535136312e-02 7.996773322067667056e-02 1.718775932626649336e-02 6.218982303727433464e-02
7.486735836501699770e-02 6.300080358363853439e-02 8.265985389895635915e-02 0.000000000000000000e+00 7.495065458419282456e-02
4.764553257207352482e-02 4.918221178302652902e-02 5.804855288191258789e-02 0.000000000000000000e+00 1.086530042489114167e-01
1.447351449082354136e-02 1.564142052491966292e-02 2.167468330217372369e-02 0.000000000000000000e+00 1.374074999923777796e-01
0.000000000000000000e+00 0.000000000000000000e+00 2.959265687956185061e-03 0.000000000000000000e+00 1.298659741136972967e-01
0.000000000000000000e+00 0.000000000000000000e+00 0.000000000000000000e+00 5.138040704011882179e-04 8.744542914762994112e-02
0.000000000000000000e+00 0.000000000000000000e+00 0.000000000000000000e+00 1.722713404281413967e-03 3.980372608652824051e-02
0.000000000000000000e+00 0.000000000000000000e+00 0.000000000000000000e+00 7.027787290437566108e-04 9.155363993865475725e-03
0.000000000000000000e+00 0.000000000000000000e+00 0.000000000000000000e+00 1.092609387297487132e-04 5.275575641058897168e-04
0.000000000000000000e+00 0.000000000000000000e+00 0.000000000000000000e+00 2.154908557395208551e-05 2.328439004349372850e-05
0.000000000000000000e+00 0.000000000000000000e+00 0.000000000000000000e+00 0.000000000000000000e+00 0.000000000000000000e+00
0.000000000000000000e+00 0.000000000000000000e+00 0.000000000000000000e+00 0.000000000000000000e+00 0.000000000000000000e+00
0.000000000000000000e+00 0.000000000000000000e+00 0.000000000000000000e+00 0.000000000000000000e+00 0.000000000000000000e+00
0.000000000000000000e+00 0.000000000000000000e+00 0.000000000000000000e+00 0.000000000000000000e+00 0.000000000000000000e+00
1.167558762039251462e-04 0.000000000000000000e+00 0.000000000000000000e+00 3.104088281177298531e-05 0.000000000000000000e+00
8.273191481013229516e-04 0.000000000000000000e+00 0.000000000000000000e+00 1.821128519963525723e-04 0.000000000000000000e+00
7.033771483319804611e-03 0.000000000000000000e+00 0.000000000000000000e+00 6.284241681900356149e-04 0.000000000000000000e+00
2.105087075256321591e-02 0.000000000000000000e+00 6.640851651987344888e-04 8.507907084847622300e-03 0.000000000000000000e+00
4.334170456271515398e-02 0.000000000000000000e+00 6.844532336226292861e-03 2.140927121444094125e-02 0.000000000000000000e+00
7.105998394625727410e-02 0.000000000000000000e+00 1.354232365979035971e-02 3.114121494371300397e-02 0.000000000000000000e+00
9.108319792307906226e-02 0.000000000000000000e+00 2.222067215786422550e-02 4.368881823481372828e-02 0.000000000000000000e+00
1.039730903436393711e-01 0.000000000000000000e+00 2.568911402728975626e-02 5.648362368600637340e-02 0.000000000000000000e+00
1.040106201135639619e-01 0.000000000000000000e+00 2.084869487283662684e-02 7.456232943686247339e-02 8.456930804591943074e-03
9.104908677393115657e-02 0.000000000000000000e+00 1.028759689093993075e-02 9.587849116310200037e-02 4.091288826238882737e-02
7.080648415091257697e-02 0.000000000000000000e+00 0.000000000000000000e+00 1.167546369614003987e-01 6.901483453335807705e-02
5.342767446659355685e-02 0.000000000000000000e+00 0.000000000000000000e+00 1.344207905474971987e-01 8.209142475023935293e-02
4.862724579465793617e-02 0.000000000000000000e+00 0.000000000000000000e+00 1.407048608447997173e-01 7.178761006848337345e-02
5.490470717494213421e-02 4.650286164177529213e-03 2.051558591644641119e-02 1.262655821893740038e-01 4.706508776165381491e-02
7.336185856097794666e-02 3.362910050316497007e-02 5.711710226436812754e-02 8.100415779743860845e-02 1.988005078057968750e-02
8.497865600128860775e-02 6.487373100281934590e-02 7.936305058256164224e-02 1.849797640538607818e-02 1.879604748009127552e-02
7.686827849195758400e-02 6.594761598796615443e-02 6.522983448999845890e-02 0.000000000000000000e+00 5.741845644735822651e-02
4.179116389096893674e-02 3.552534021901974232e-02 2.833727304080828693e-02 0.000000000000000000e+00 1.141777305902069717e-01
3.491874991537638733e-03 5.913268858562292611e-03 7.814214243851134480e-04 0.000000000000000000e+00 1.336410032276984794e-01
0.000000000000000000e+00 0.000000000000000000e+00 0.000000000000000000e+00 0.000000000000000000e+00 1.028406417349981977e-01
0.000000000000000000e+00 0.000000000000000000e+00 0.000000000000000000e+00 2.434077231156401948e-03 5.039161475454952133e-02
0.000000000000000000e+00 0.000000000000000000e+00 0.000000000000000000e+00 1.019791924213571486e-03 1.219015077048545351e-02
0.000000000000000000e+00 0.000000000000000000e+00 1.324992596180479694e-05 1.603786967583178459e-04 6.058898040030129013e-04
0.000000000000000000e+00 0.000000000000000000e+00 0.000000000000000000e+00 5.299649057594024140e-05 5.836362901208581579e-05
0.000000000000000000e+00 0.000000000000000000e+00 0.000000000000000000e+00 0.000000000000000000e+00 0.000000000000000000e+00
0.000000000000000000e+00 0.000000000000000000e+00 0.000000000000000000e+00 0.000000000000000000e+00 0.000000000000000000e+00
0.000000000000000000e+00 0.000000000000000000e+00 0.000000000000000000e+00 0.000000000000000000e+00 0.000000000000000000e+00
0.000000000000000000e+00 0.000000000000000000e+00 0.000000000000000000e+00 0.000000000000000000e+00 0.000000000000000000e+00
2.638171958863654086e-04 0.000000000000000000e+00 0.000000000000000000e+00 1.001524234095691374e-04 0.000000000000000000e+00
1.568883816606523587e-03 0.000000000000000000e+00 0.000000000000000000e+00 2.090301782232166440e-04 0.000000000000000000e+00
8.695793985746243585e-03 0.000000000000000000e+00 0.000000000000000000e+00 1.906000370832588954e-03 0.000000000000000000e+00
2.195099750984474615e-02 0.000000000000000000e+00 0.000000000000000000e+00 1.475829880422464477e-02 0.000000000000000000e+00
4.306589152170399448e-02 0.000000000000000000e+00 0.000000000000000000e+00 3.288192585012190972e-02 0.000000000000000000e+00
6.311794793805540482e-02 0.000000000000000000e+00 5.671175643033531891e-04 4.839154438664223373e-02 0.000000000000000000e+00
7.577160322063530851e-02 0.000000000000000000e+00 1.108734476804936137e-03 6.237795097931227856e-02 0.000000000000000000e+00
7.458510134065919617e-02 0.000000000000000000e+00 0.000000000000000000e+00 8.038189096627383623e-02 6.895702715414208858e-03
6.196682109749681450e-02 0.000000000000000000e+00 0.000000000000000000e+00 1.010411811657276338e-01 3.153718031363774571e-02
4.112269599206398035e-02 0.000000000000000000e+00 0.000000000000000000e+00 1.164808204749864379e-01 5.687712408437876899e-02
1.776979768737348489e-02 0.000000000000000000e+00 0.000000000000000000e+00 1.274123623022916374e-01 7.563929256534107637e-02
2.862095372656713477e-03 0.000000000000000000e+00 0.000000000000000000e+00 1.392720330799314121e-01 7.436538491592732669e-02
1.274406321814209458e-03 0.000000000000000000e+00 0.000000000000000000e+00 1.507967160700838805e-01 5.370256530650233118e-02
1.329446468205346642e-02 0.000000000000000000e+00 1.011013942858298396e-02 1.506712934115187474e-01 1.915469173687656124e-02
4.429627331183324385e-02 1.982159854635734408e-02 5.539312543010511958e-02 1.141231281201344205e-01 0.000000000000000000e+00
8.003230881690935605e-02 5.019335464491000293e-02 8.653549980940927755e-02 4.673777360584512042e-02 0.000000000000000000e+00
9.303881082237847044e-02 6.924706299174836210e-02 7.316806485340687782e-02 0.000000000000000000e+00 2.215519520344651563e-02
6.590834826865551999e-02 4.911377992941837189e-02 2.780313174206463372e-02 0.000000000000000000e+00 9.265999657756479602e-02
1.885054149740199650e-02 1.910410042413750523e-02 0.000000000000000000e+00 0.000000000000000000e+00 1.297738497498382160e-01
0.000000000000000000e+00 5.594751740004134596e-03 0.000000000000000000e+00 0.000000000000000000e+00 1.033011640953188509e-01
0.000000000000000000e+00 3.820300795201823658e-03 0.000000000000000000e+00 1.781770292657632732e-03 5.190107929125362118e-02
0.000000000000000000e+00 8.226594253330049263e-04 0.000000000000000000e+00 1.442610239778396777e-03 1.259974732958104443e-02
2.282606888708682531e-05 0.000000000000000000e+00 0.000000000000000000e+00 1.611755329908631427e-04 3.302845146188390494e-04
0.000000000000000000e+00 0.000000000000000000e+00 2.026542124631384875e-05 5.786029229906742882e-05 0.000000000000000000e+00
0.000000000000000000e+00 0.000000000000000000e+00 0.000000000000000000e+00 0.000000000000000000e+00 0.000000000000000000e+00
0.000000000000000000e+00 0.000000000000000000e+00 0.000000000000000000e+00 0.000000000000000000e+00 0.000000000000000000e+00
0.000000000000000000e+00 0.000000000000000000e+00 0.000000000000000000e+00 0.000000000000000000e+00 0.000000000000000000e+00
0.000000000000000000e+00 0.000000000000000000e+00 0.000000000000000000e+00 0.000000000000000000e+00 0.000000000000000000e+00
3.077242359008327188e-04 0.000000000000000000e+00 0.000000000000000000e+00 1.256948750422324460e-04 1.489210807693471120e-05
9.831665708999622316e-04 0.000000000000000000e+00 0.000000000000000000e+00 3.953799987367155730e-04 0.000000000000000000e+00
7.644415119370286983e-03 0.000000000000000000e+00 0.000000000000000000e+00 2.575611003171658468e-03 0.000000000000000000e+00
1.964496103043228067e-02 0.000000000000000000e+00 0.000000000000000000e+00 1.531890600062948971e-02 0.000000000000000000e+00
3.429912179626335572e-02 0.000000000000000000e+00 0.000000000000000000e+00 3.563185024141540813e-02 0.000000000000000000e+00
4.665702656544262056e-02 0.000000000000000000e+00 0.000000000000000000e+00 4.944059918896305528e-02 0.000000000000000000e+00
5.037892239493416829e-02 0.000000000000000000e+00 0.000000000000000000e+00 6.070853553961811505e-02 5.003374051575788448e-03
4.654010546489215083e-02 0.000000000000000000e+00 0.000000000000000000e+00 7.328518739183859099e-02 1.868213117236674353e-02
3.299029559101111786e-02 0.000000000000000000e+00 0.000000000000000000e+00 8.510514964610106647e-02 3.652010413510588249e-02
1.294981592292017251e-02 0.000000000000000000e+00 0.000000000000000000e+00 9.192749321806102658e-02 5.060276392185694000e-02
0.000000000000000000e+00 0.000000000000000000e+00 0.000000000000000000e+00 9.456949158143297673e-02 5.313052063925851470e-02
0.000000000000000000e+00 0.000000000000000000e+00 0.000000000000000000e+00 1.001280567360435941e-01 4.508645591487542292e-02
0.000000000000000000e+00 0.000000000000000000e+00 0.000000000000000000e+00 1.151792869256098029e-01 2.375071831137199468e-02
0.000000000000000000e+00 0.000000000000000000e+00 2.596627334597122541e-02 1.327007486249014712e-01 0.000000000000000000e+00
1.961262192168923904e-02 6.722929243783284242e-03 7.374201385131179398e-02 1.171873033399366548e-01 0.000000000000000000e+00
7.087156557696390469e-02 3.175703101551432400e-02 1.000096647832114660e-01 5.772835535454458322e-02 0.000000000000000000e+00
9.965057734325215300e-02 5.870547845251298386e-02 7.495516599778880018e-02 0.000000000000000000e+00 1.775266693552993505e-02
8.180675762182965105e-02 5.569815472801601525e-02 2.042272570865859976e-02 0.000000000000000000e+00 8.720753306827606910e-02
3.205727196211276969e-02 2.978057228475174470e-02 0.000000000000000000e+00 0.000000000000000000e+00 1.239343572415308598e-01
0.000000000000000000e+00 1.463556330241379960e-02 0.000000000000000000e+00 0.000000000000000000e+00 9.581981341757656034e-02
0.000000000000000000e+00 9.873846268730904208e-03 0.000000000000000000e+00 8.649543917076296835e-04 4.500517454489316033e-02
0.000000000000000000e+00 2.514630054804475965e-03 0.000000000000000000e+00 1.457918620266334059e-03 1.039902659765533886e-02
6.069075622379239781e-05 0.000000000000000000e+00 0.000000000000000000e+00 2.155779526869052484e-04 1.299061679436375931e-04
0.000000000000000000e+00 6.610891717908612257e-06 0.000000000000000000e+00 2.321061595629258638e-05 0.000000000000000000e+00
1.968473463695557899e-07 6.419018603681722090e-07 5.476582725679932955e-07 0.000000000000000000e+00 0.000000000000000000e+00
0.000000000000000000e+00 0.000000000000000000e+00 0.000000000000000000e+00 0.000000000000000000e+00 0.000000000000000000e+00
0.000000000000000000e+00 0.000000000000000000e+00 0.000000000000000000e+00 0.000000000000000000e+00 0.000000000000000000e+00
0.000000000000000000e+00 0.000000000000000000e+00 0.000000000000000000e+00 0.000000000000000000e+00 0.000000000000000000e+00
1.643427995928759260e-04 0.000000000000000000e+00 0.000000000000000000e+00 6.837815965873969472e-05 0.000000000000000000e+00
4.944649584680846453e-04 0.000000000000000000e+00 0.000000000000000000e+00 4.147586497544567701e-04 7.385436764917667452e-05
4.040756151965235049e-03 0.000000000000000000e+00 0.000000000000000000e+00 2.806076164577502897e-03 0.000000000000000000e+00
1.218800419599517029e-02 0.000000000000000000e+00 0.000000000000000000e+00 1.260438961678283024e-02 0.000000000000000000e+00
2.173697717416987751e-02 0.000000000000000000e+00 0.000000000000000000e+00 2.855214143375375824e-02 0.000000000000000000e+00
2.658835623066425555e-02 0.000000000000000000e+00 0.000000000000000000e+00 3.741410903355764372e-02 2.263551629596021950e-03
2.836039905229662331e-02 0.000000000000000000e+00 0.000000000000000000e+00 4.448095092479799340e-02 1.038682906964093385e-02
2.488062181350632340e-02 0.000000000000000000e+00 0.000000000000000000e+00 5.076137990721039245e-02 1.897287040287800111e-02
1.447931520941189362e-02 0.000000000000000000e+00 0.000000000000000000e+00 5.518639976488436127e-02 2.947015797638159393e-02
2.091603252287389369e-03 0.000000000000000000e+00 0.000000000000000000e+00 5.427886918787744319e-02 3.278009961179699505e-02
0.000000000000000000e+00 0.000000000000000000e+00 0.000000000000000000e+00 5.424108168112563161e-02 2.872458168976312759e-02
0.000000000000000000e+00 0.000000000000000000e+00 0.000000000000000000e+00 5.895027727913007554e-02 1.815486303104337992e-02
0.000000000000000000e+00 0.000000000000000000e+00 1.261803291276257163e-02 8.259477791565363047e-02 1.869295486107551982e-03
0.000000000000000000e+00 0.000000000000000000e+00 5.267506628042856187e-02 1.133976537344055513e-01 0.000000000000000000e+00
5.416561027984902014e-03 0.000000000000000000e+00 1.008141084817580080e-01 1.119257772738897067e-01 0.000000000000000000e+00
6.162683616481296617e-02 1.277927157137356308e-02 1.082153631064155380e-01 6.344602641570029622e-02 0.000000000000000000e+00
1.012426798877642392e-01 4.838436318317468343e-02 6.305157927172767851e-02 0.000000000000000000e+00 3.520702647712780492e-02
8.896324094020563455e-02 6.315219411758171697e-02 3.352844932736206637e-03 0.000000000000000000e+00 9.345964073647235193e-02
3.940846703369529219e-02 4.267658817290543444e-02 0.000000000000000000e+00 0.000000000000000000e+00 1.132995216597468963e-01
4.406534789209578043e-03 2.329748850416108255e-02 0.000000000000000000e+00 0.000000000000000000e+00 8.017330256856103343e-02
0.000000000000000000e+00 1.360902444226932788e-02 0.000000000000000000e+00 0.000000000000000000e+00 3.313926987135393243e-02
0.000000000000000000e+00 3.625086572345119669e-03 0.000000000000000000e+00 9.899496512955729792e-04 6.830526920706931661e-03
1.434882759612414807e-04 1.306785573282688605e-04 0.000000000000000000e+00 4.912682602362951866e-04 1.232401815056039452e-05
0.000000000000000000e+00 8.882790145407583652e-05 8.340279889223536022e-06 1.968496135828893027e-04 0.000000000000000000e+00
5.153635629592732791e-05 1.043069162618872996e-04 0.000000000000000000e+00 6.779031337981061302e-05 0.000000000000000000e+00
0.000000000000000000e+00 0.000000000000000000e+00 0.000000000000000000e+00 0.000000000000000000e+00 0.000000000000000000e+00
0.000000000000000000e+00 0.000000000000000000e+00 0.000000000000000000e+00 0.000000000000000000e+00 0.000000000000000000e+00
0.000000000000000000e+00 0.000000000000000000e+00 0.000000000000000000e+00 0.000000000000000000e+00 0.000000000000000000e+00
0.000000000000000000e+00 0.000000000000000000e+00 0.000000000000000000e+00 0.000000000000000000e+00 0.000000000000000000e+00
2.208858195605692138e-04 0.000000000000000000e+00 0.000000000000000000e+00 2.321603791014153529e-04 1.221924227741264695e-04
2.082530305149859779e-03 0.000000000000000000e+00 0.000000000000000000e+00 2.048101298320227984e-03 3.404739174764010497e-04
6.647312238415000255e-03 0.000000000000000000e+00 0.000000000000000000e+00 8.920924939634805942e-03 5.567484731983237626e-04
1.019944209695749365e-02 0.000000000000000000e+00 0.000000000000000000e+00 1.773748231607930742e-02 8.446450821498266426e-04
1.211409146364897035e-02 0.000000000000000000e+00 0.000000000000000000e+00 2.151793945542654005e-02 2.622517712927457077e-03
1.342283874176210950e-02 0.000000000000000000e+00 0.000000000000000000e+00 2.271530458177344405e-02 8.269224774447643533e-03
1.155150683093842529e-02 0.000000000000000000e+00 0.000000000000000000e+00 2.631632110176753553e-02 1.266197881341879321e-02
5.785585625957005186e-03 0.000000000000000000e+00 0.000000000000000000e+00 2.770861563463304991e-02 1.598489358545183633e-02
0.000000000000000000e+00 0.000000000000000000e+00 0.000000000000000000e+00 2.784645283011956060e-02 1.477480703370018418e-02
0.000000000000000000e+00 3.094697113377850497e-03 0.000000000000000000e+00 2.970227882317556106e-02 7.943326881179102461e-03
0.000000000000000000e+00 7.054335712979044846e-03 1.047001699247792142e-02 4.014134040153734956e-02 0.000000000000000000e+00
0.000000000000000000e+00 0.000000000000000000e+00 3.940893136506141287e-02 7.008360028283262821e-02 0.000000000000000000e+00
0.000000000000000000e+00 0.000000000000000000e+00 8.777911833692064736e-02 1.037102683972011968e-01 0.000000000000000000e+00
1.648123709162307039e-03 0.000000000000000000e+00 1.201805665820757929e-01 1.060901806921306090e-01 0.000000000000000000e+00
6.080395790269036566e-02 6.562769647464360753e-04 9.875987623368401302e-02 6.403033460588769543e-02 1.613545160270811116e-02
1.022939355798762051e-01 4.626575243725677966e-02 3.644716887940509242e-02 2.683164985068602678e-03 6.113218343236408864e-02
8.917526468068598389e-02 7.364117686064879098e-02 0.000000000000000000e+00 0.000000000000000000e+00 9.659906665160006289e-02
4.191675252810244529e-02 5.638913308812691649e-02 0.000000000000000000e+00 0.000000000000000000e+00 9.438533736812367014e-02
8.532018054005371943e-03 3.239451579265335140e-02 0.000000000000000000e+00 0.000000000000000000e+00 5.582725430964756430e-02
6.419877652391574189e-04 1.389836808599569616e-02 0.000000000000000000e+00 0.000000000000000000e+00 2.023785460259755822e-02
2.168784138036304598e-04 4.182427153267485355e-03 0.000000000000000000e+00 3.890718874930421123e-04 3.599332276369254530e-03
0.000000000000000000e+00 5.975244113645904968e-04 0.000000000000000000e+00 1.056721486357195669e-03 0.000000000000000000e+00
0.000000000000000000e+00 2.290425615610771736e-04 0.000000000000000000e+00 8.542102216930422829e-04 0.000000000000000000e+00
0.000000000000000000e+00 2.162795299865028861e-06 0.000000000000000000e+00 2.470728721613416574e-05 0.000000000000000000e+00
0.000000000000000000e+00 0.000000000000000000e+00 0.000000000000000000e+00 0.000000000000000000e+00 0.000000000000000000e+00
0.000000000000000000e+00 0.000000000000000000e+00 0.000000000000000000e+00 0.000000000000000000e+00 0.000000000000000000e+00
0.000000000000000000e+00 0.000000000000000000e+00 0.000000000000000000e+00 0.000000000000000000e+00 0.000000000000000000e+00
0.000000000000000000e+00 0.000000000000000000e+00 0.000000000000000000e+00 0.000000000000000000e+00 0.000000000000000000e+00
2.551543217925711089e-04 0.000000000000000000e+00 0.000000000000000000e+00 3.760344219826840506e-05 6.203686450269744264e-05
1.128585527909789542e-03 0.000000000000000000e+00 0.000000000000000000e+00 1.277099909725330513e-03 3.964431905771418621e-04
3.329401627331210912e-03 0.000000000000000000e+00 0.000000000000000000e+00 5.596242028573233593e-03 4.309408474590843436e-04
4.745260984104985279e-03 0.000000000000000000e+00 0.000000000000000000e+00 8.155599951349672139e-03 1.069101015863987243e-03
5.394918899696121706e-03 0.000000000000000000e+00 0.000000000000000000e+00 8.992870105860669219e-03 2.075220808776517128e-03
6.306310439569804902e-03 9.973720800544312419e-04 0.000000000000000000e+00 8.813475307480764243e-03 4.679796680758577070e-03
4.511676380765305625e-03 5.329784644508200886e-03 0.000000000000000000e+00 9.587844910059151182e-03 5.448889085667913898e-03
1.043144345580374185e-03 1.196233651084219717e-02 0.000000000000000000e+00 1.039334993912123528e-02 3.144444607462477167e-03
0.000000000000000000e+00 1.825618463019972743e-02 2.347095752100328194e-03 1.365210036635032542e-02 0.000000000000000000e+00
0.000000000000000000e+00 2.207386707445838786e-02 1.100605119263556135e-02 2.201026607660795664e-02 0.000000000000000000e+00
0.000000000000000000e+00 1.774417370217880666e-02 3.406436591417162651e-02 3.960046825647064311e-02 0.000000000000000000e+00
0.000000000000000000e+00 0.000000000000000000e+00 7.618824645756525071e-02 7.007256549530603562e-02 0.000000000000000000e+00
0.000000000000000000e+00 0.000000000000000000e+00 1.161472369238490537e-01 9.965886144245175715e-02 0.000000000000000000e+00
9.583162786526334617e-03 0.000000000000000000e+00 1.177435972790463747e-01 1.006959446530981128e-01 1.314516273652082540e-02
6.909443795476594152e-02 2.384310646982561871e-03 6.951485595749087865e-02 5.767252116452808997e-02 4.915515347604026974e-02
1.045240251746290122e-01 5.792697877736309453e-02 2.651181357221143141e-03 0.000000000000000000e+00 8.072838488913071375e-02
8.502116931119628462e-02 8.688594679075023475e-02 0.000000000000000000e+00 0.000000000000000000e+00 8.824097778061179564e-02
4.047077563764202301e-02 6.701529611280014620e-02 0.000000000000000000e+00 0.000000000000000000e+00 6.722214053671274336e-02
1.027466077643331491e-02 3.621429775633148995e-02 0.000000000000000000e+00 0.000000000000000000e+00 3.230789846263237147e-02
2.524011118550024014e-03 1.320697214331842048e-02 0.000000000000000000e+00 0.000000000000000000e+00 9.568578880399341430e-03
2.761915123081239956e-04 4.460869923923868087e-03 0.000000000000000000e+00 9.690536718921986641e-04 9.284493244460575046e-04
0.000000000000000000e+00 1.113744972332703998e-03 0.000000000000000000e+00 2.532135412610779339e-03 0.000000000000000000e+00
0.000000000000000000e+00 6.618830889702847445e-04 0.000000000000000000e+00 1.844708394651025209e-03 0.000000000000000000e+00
0.000000000000000000e+00 1.768178819194314566e-04 0.000000000000000000e+00 2.388324754570505951e-04 0.000000000000000000e+00
0.000000000000000000e+00 2.375021311975020172e-05 0.000000000000000000e+00 1.649724616004894659e-05 0.000000000000000000e+00
0.000000000000000000e+00 0.000000000000000000e+00 0.000000000000000000e+00 0.000000000000000000e+00 0.000000000000000000e+00
0.000000000000000000e+00 0.000000000000000000e+00 0.000000000000000000e+00 0.000000000000000000e+00 0.000000000000000000e+00
0.000000000000000000e+00 0.000000000000000000e+00 0.000000000000000000e+00 0.000000000000000000e+00 0.000000000000000000e+00
2.264209527889115062e-04 6.953299971337077257e-05 0.000000000000000000e+00 0.000000000000000000e+00 6.004464857412842080e-05
3.895836257779413335e-04 2.659029264926360725e-04 0.000000000000000000e+00 3.596495767155759283e-04 1.422565820055199241e-04
9.865599651942881260e-04 6.384276289076577272e-04 0.000000000000000000e+00 2.167829281122445224e-03 6.297751996143077834e-04
9.706527735140038421e-04 4.493697120933838086e-03 0.000000000000000000e+00 2.529642375771519285e-03 1.045910597193287382e-03
3.345508649160025072e-04 1.262279117019379782e-02 0.000000000000000000e+00 2.183570391992491113e-03 3.141627357487273425e-04
3.176998654271890135e-04 2.409034075464275629e-02 0.000000000000000000e+00 3.964853713559034622e-04 0.000000000000000000e+00
0.000000000000000000e+00 3.644254549474010285e-02 0.000000000000000000e+00 1.025976294391152139e-03 0.000000000000000000e+00
0.000000000000000000e+00 5.018938065938997883e-02 3.689520063661850917e-03 3.695225572459766555e-03 0.000000000000000000e+00
0.000000000000000000e+00 6.024451427543608267e-02 1.332030713645738357e-02 1.020941605710681994e-02 0.000000000000000000e+00
0.000000000000000000e+00 5.960498255001044771e-02 3.451571150193107756e-02 2.213069353836052966e-02 0.000000000000000000e+00
0.000000000000000000e+00 4.216639477112670703e-02 7.073684132755048148e-02 4.545869692199875495e-02 0.000000000000000000e+00
0.000000000000000000e+00 1.224464561095623023e-02 1.090911463735758230e-01 7.331094961119251352e-02 0.000000000000000000e+00
0.000000000000000000e+00 0.000000000000000000e+00 1.199642432740293807e-01 9.738709433820147421e-02 1.188373667720830570e-02
2.864159198340945900e-02 0.000000000000000000e+00 8.936549268774517107e-02 8.959038952757740482e-02 4.636378176732618844e-02
8.252485294761177648e-02 2.501348326130100816e-02 2.590199805805141337e-02 4.493459226705890514e-02 7.642785863885478981e-02
1.025240855117239280e-01 8.116921199451455904e-02 0.000000000000000000e+00 0.000000000000000000e+00 8.218905455672374794e-02
7.674278101610720881e-02 9.809392430282737330e-02 0.000000000000000000e+00 0.000000000000000000e+00 6.582777294332747831e-02
3.609035935380355137e-02 7.099410831750636863e-02 0.000000000000000000e+00 0.000000000000000000e+00 3.680672168784140247e-02
1.073054229579141830e-02 3.478520156898130128e-02 0.000000000000000000e+00 0.000000000000000000e+00 1.302197715219986784e-02
3.047542834047132880e-03 1.241637026375104653e-02 0.000000000000000000e+00 1.124359777078598639e-03 2.237697790078016762e-03
0.000000000000000000e+00 6.328874162198874949e-03 0.000000000000000000e+00 3.320876516006397283e-03 0.000000000000000000e+00
0.000000000000000000e+00 3.594756473893502731e-03 0.000000000000000000e+00 4.352921201117036266e-03 0.000000000000000000e+00
0.000000000000000000e+00 1.628750132936223650e-03 0.000000000000000000e+00 2.699689856414130059e-03 0.000000000000000000e+00
0.000000000000000000e+00 5.458412910272341387e-04 0.000000000000000000e+00 7.068971416015283052e-04 0.000000000000000000e+00
0.000000000000000000e+00 9.950520324309201046e-05 0.000000000000000000e+00 6.911777270503248244e-05 0.000000000000000000e+00
0.000000000000000000e+00 0.000000000000000000e+00 0.000000000000000000e+00 0.000000000000000000e+00 0.000000000000000000e+00
0.000000000000000000e+00 0.000000000000000000e+00 0.000000000000000000e+00 0.000000000000000000e+00 0.000000000000000000e+00
0.000000000000000000e+00 0.000000000000000000e+00 0.000000000000000000e+00 0.000000000000000000e+00 0.000000000000000000e+00
4.516109065581436351e-07 2.323603892329949067e-04 0.000000000000000000e+00 0.000000000000000000e+00 7.816724470524907765e-05
0.000000000000000000e+00 1.725304755373479899e-03 0.000000000000000000e+00 0.000000000000000000e+00 5.440851643561932932e-04
0.000000000000000000e+00 6.926666058613993593e-03 0.000000000000000000e+00 0.000000000000000000e+00 1.279123393497639269e-03
0.000000000000000000e+00 2.234923523094101139e-02 0.000000000000000000e+00 0.000000000000000000e+00 5.798401539690028897e-04
0.000000000000000000e+00 4.655913124505457745e-02 0.000000000000000000e+00 0.000000000000000000e+00 0.000000000000000000e+00
0.000000000000000000e+00 7.183782038205796527e-02 2.274107809582406956e-04 0.000000000000000000e+00 0.000000000000000000e+00
0.000000000000000000e+00 9.593060081512204407e-02 4.093009742993686424e-03 0.000000000000000000e+00 0.000000000000000000e+00
0.000000000000000000e+00 1.153369504110390437e-01 1.410833831297615866e-02 0.000000000000000000e+00 0.000000000000000000e+00
0.000000000000000000e+00 1.199047668008119683e-01 3.303397965684543025e-02 1.152218875892618496e-02 0.000000000000000000e+00
0.000000000000000000e+00 1.060226541825754071e-01 6.425739376869425701e-02 3.046093380657390395e-02 0.000000000000000000e+00
0.000000000000000000e+00 7.713011723526939922e-02 9.773388851685375911e-02 5.506669512020177099e-02 0.000000000000000000e+00
0.000000000000000000e+00 4.296019050134403799e-02 1.125539725420345860e-01 7.967301764141536402e-02 1.105195220207954784e-02
1.203387026830015673e-02 1.750977227587552365e-02 9.365997371355742895e-02 9.043109138658991797e-02 4.163137617342554248e-02
5.661698352511549542e-02 2.559523211062749576e-02 4.252156499934909434e-02 7.149063044579177795e-02 7.129172154453673749e-02
9.228964223880851969e-02 6.897598470054427944e-02 0.000000000000000000e+00 2.606066022730255116e-02 7.904046276854898023e-02
9.459566893169149560e-02 1.100668847731970101e-01 0.000000000000000000e+00 0.000000000000000000e+00 6.310855645194461683e-02
6.591282364122455495e-02 1.086399613658769608e-01 0.000000000000000000e+00 0.000000000000000000e+00 3.497648378021233490e-02
3.131084598177755196e-02 7.083392417075580483e-02 0.000000000000000000e+00 0.000000000000000000e+00 1.274274932101584004e-02
9.161158283908609271e-03 3.419849490665403946e-02 0.000000000000000000e+00 0.000000000000000000e+00 1.140495203871081525e-03
1.456824208895751835e-03 1.498218818006336918e-02 0.000000000000000000e+00 6.178173896167119157e-03 0.000000000000000000e+00
0.000000000000000000e+00 8.850593315991913540e-03 0.000000000000000000e+00 8.381800908419520177e-03 0.000000000000000000e+00
0.000000000000000000e+00 6.267593548490958504e-03 0.000000000000000000e+00 8.576506670447077429e-03 0.000000000000000000e+00
0.000000000000000000e+00 3.116485360150043904e-03 0.000000000000000000e+00 5.510629536440363879e-03 0.000000000000000000e+00
0.000000000000000000e+00 1.095385616226328147e-03 0.000000000000000000e+00 2.044284094735629876e-03 0.000000000000000000e+00
0.000000000000000000e+00 1.952649116211692450e-05 0.000000000000000000e+00 5.233704332412090603e-05 0.000000000000000000e+00
0.000000000000000000e+00 0.000000000000000000e+00 0.000000000000000000e+00 0.000000000000000000e+00 0.000000000000000000e+00
0.000000000000000000e+00 0.000000000000000000e+00 0.000000000000000000e+00 0.000000000000000000e+00 0.000000000000000000e+00
0.000000000000000000e+00 7.576334471865162664e-05 0.000000000000000000e+00 2.189890177996480809e-05 0.000000000000000000e+00
0.000000000000000000e+00 1.154888145003932871e-03 0.000000000000000000e+00 0.000000000000000000e+00 4.000772741742546820e-04
0.000000000000000000e+00 5.913960362982834118e-03 0.000000000000000000e+00 0.000000000000000000e+00 1.755611309480757448e-03
0.000000000000000000e+00 2.396456167923331076e-02 0.000000000000000000e+00 0.000000000000000000e+00 3.850743551770210906e-03
0.000000000000000000e+00 5.852833186615871014e-02 0.000000000000000000e+00 0.000000000000000000e+00 3.410017246919468375e-03
0.000000000000000000e+00 9.890499624545949497e-02 0.000000000000000000e+00 0.000000000000000000e+00 2.337805437241270191e-03
0.000000000000000000e+00 1.331896176896399664e-01 3.009661973778215028e-03 0.000000000000000000e+00 0.000000000000000000e+00
0.000000000000000000e+00 1.544869558935190179e-01 1.236567127570996523e-02 0.000000000000000000e+00 0.000000000000000000e+00
0.000000000000000000e+00 1.570414358086915374e-01 2.851206143629720843e-02 1.301527482075525745e-02 3.231768322180583741e-03
0.000000000000000000e+00 1.431312993693301117e-01 5.504712008162165188e-02 3.222481092851513934e-02 9.942052878737301508e-03
0.000000000000000000e+00 1.173976649837120828e-01 8.522407623077514482e-02 5.538547942620362929e-02 1.810268466478580363e-02
0.000000000000000000e+00 8.560567655915804486e-02 1.014131147787820236e-01 7.594473927174044681e-02 3.158953946461038470e-02
9.358065945479370623e-03 6.359907269455440659e-02 8.796040808953069223e-02 8.470535484488705968e-02 4.947578559325285091e-02
4.480402367434500877e-02 5.657207642012367088e-02 4.444770834608396254e-02 8.118744150593258657e-02 6.995442110841917915e-02
7.790539243480323894e-02 7.804344812381333596e-02 0.000000000000000000e+00 5.245869048094640996e-02 7.545537160021685563e-02
9.103223021728214237e-02 1.171370723716285839e-01 0.000000000000000000e+00 1.403231760445621847e-02 6.171690154208343132e-02
8.347805070558669827e-02 1.371159033347053857e-01 0.000000000000000000e+00 0.000000000000000000e+00 3.141829016898260024e-02
5.425037833815621324e-02 1.182269801817843052e-01 0.000000000000000000e+00 0.000000000000000000e+00 5.117353186862686615e-03
2.616266393492906045e-02 7.539621930473748568e-02 0.000000000000000000e+00 2.004546539151327595e-03 0.000000000000000000e+00
6.254343959155806744e-03 4.113703613564144435e-02 0.000000000000000000e+00 1.352007553592166587e-02 0.000000000000000000e+00
0.000000000000000000e+00 2.465340099702108267e-02 0.000000000000000000e+00 1.975482095793925502e-02 0.000000000000000000e+00
0.000000000000000000e+00 1.749473252219386002e-02 0.000000000000000000e+00 2.173983153341978170e-02 0.000000000000000000e+00
0.000000000000000000e+00 1.068973141893927135e-02 0.000000000000000000e+00 1.897281646584769374e-02 0.000000000000000000e+00
0.000000000000000000e+00 5.164188420610615893e-03 0.000000000000000000e+00 1.151411227807643163e-02 0.000000000000000000e+00
0.000000000000000000e+00 1.271966677883748075e-03 0.000000000000000000e+00 4.184809222277829227e-03 0.000000000000000000e+00
0.000000000000000000e+00 8.093936526644499854e-05 0.000000000000000000e+00 3.683563990703560471e-04 0.000000000000000000e+00
0.000000000000000000e+00 0.000000000000000000e+00 0.000000000000000000e+00 0.000000000000000000e+00 0.000000000000000000e+00
0.000000000000000000e+00 0.000000000000000000e+00 0.000000000000000000e+00 0.000000000000000000e+00 0.000000000000000000e+00
2.822751887587585866e-05 1.921416958153659396e-04 0.000000000000000000e+00 5.544683165702802484e-05 5.359464035637723331e-05
0.000000000000000000e+00 2.678979357885757223e-03 0.000000000000000000e+00 0.000000000000000000e+00 1.543213552395902985e-03
0.000000000000000000e+00 1.539021527378089255e-02 0.000000000000000000e+00 0.000000000000000000e+00 6.681516179070751474e-03
0.000000000000000000e+00 5.107387603040720175e-02 0.000000000000000000e+00 0.000000000000000000e+00 1.342840313487415893e-02
0.000000000000000000e+00 1.013539509397031191e-01 0.000000000000000000e+00 0.000000000000000000e+00 1.671723587174593975e-02
0.000000000000000000e+00 1.419234241967183840e-01 6.187303039525865770e-04 0.000000000000000000e+00 1.828394605264796816e-02
0.000000000000000000e+00 1.603259269327449443e-01 1.000332641340266615e-02 7.434803694495809197e-03 2.107122167105150712e-02
0.000000000000000000e+00 1.510263535671017288e-01 2.623241618497090463e-02 2.489712024124388426e-02 2.875348512597299122e-02
0.000000000000000000e+00 1.218858465501283378e-01 5.211252945681095483e-02 5.099662523069794368e-02 3.779732910346072366e-02
0.000000000000000000e+00 9.012706819738869335e-02 7.846600547796145353e-02 7.485146140096896050e-02 5.050977152796707476e-02
0.000000000000000000e+00 6.647281496195237005e-02 9.199275621496746935e-02 9.131033281726190498e-02 6.211909614994321621e-02
1.131725041904920598e-02 5.590790616480639103e-02 8.029121465494809540e-02 9.854461991745824823e-02 7.324783841058818412e-02
4.114484443418133658e-02 6.498751443836810193e-02 4.459340262233082303e-02 9.260574329645304692e-02 8.052152812297055928e-02
6.742762258952952892e-02 8.876012645725094019e-02 3.475692645496432191e-03 7.506476170876577592e-02 7.841522308262326157e-02
8.121742545498179811e-02 1.238325390145567639e-01 0.000000000000000000e+00 4.577265516846872745e-02 6.422190882138627266e-02
7.775242667410679764e-02 1.543349871984692478e-01 0.000000000000000000e+00 2.183952750783985444e-02 3.428244478839898718e-02
6.425680594396011858e-02 1.562674772385619359e-01 0.000000000000000000e+00 1.406442656924714214e-02 1.921670467339567324e-03
3.864072981164129450e-02 1.273518447701147971e-01 0.000000000000000000e+00 2.282633028502187300e-02 0.000000000000000000e+00
1.685517991838539689e-02 8.958968790953424077e-02 0.000000000000000000e+00 3.542981527911484574e-02 0.000000000000000000e+00
1.519501026693393948e-03 5.775626185155734171e-02 0.000000000000000000e+00 4.382910111610235915e-02 0.000000000000000000e+00
0.000000000000000000e+00 3.779808152310780434e-02 0.000000000000000000e+00 4.865864703947183484e-02 0.000000000000000000e+00
0.000000000000000000e+00 2.719852866050799511e-02 0.000000000000000000e+00 4.684494671928757237e-02 0.000000000000000000e+00
0.000000000000000000e+00 1.613727300340499216e-02 0.000000000000000000e+00 3.742299081923243509e-02 0.000000000000000000e+00
0.000000000000000000e+00 6.268363236184053104e-03 0.000000000000000000e+00 2.163111187485265707e-02 0.000000000000000000e+00
0.000000000000000000e+00 1.156756475782474720e-03 0.000000000000000000e+00 4.994689964186229195e-03 0.000000000000000000e+00
0.000000000000000000e+00 1.282273794271178349e-04 0.000000000000000000e+00 2.644059344045215313e-04 0.000000000000000000e+00
0.000000000000000000e+00 0.000000000000000000e+00 0.000000000000000000e+00 0.000000000000000000e+00 0.000000000000000000e+00
0.000000000000000000e+00 0.000000000000000000e+00 0.000000000000000000e+00 0.000000000000000000e+00 0.000000000000000000e+00
0.000000000000000000e+00 2.552690438779624867e-04 0.000000000000000000e+00 2.910419565212241390e-05 1.445513545141910666e-04
0.000000000000000000e+00 6.225236370329866910e-03 0.000000000000000000e+00 0.000000000000000000e+00 4.992454969763845951e-03
0.000000000000000000e+00 2.888941319408171865e-02 0.000000000000000000e+00 0.000000000000000000e+00 1.839997561168308510e-02
0.000000000000000000e+00 7.279307130288428795e-02 0.000000000000000000e+00 0.000000000000000000e+00 3.404469597051107410e-02
0.000000000000000000e+00 1.257281852660605270e-01 0.000000000000000000e+00 6.811397416218545157e-04 3.876643652697627646e-02
0.000000000000000000e+00 1.486096010748433338e-01 6.305405864734569578e-03 1.344812205416980738e-02 4.260450141343617714e-02
0.000000000000000000e+00 1.342524425241928554e-01 2.491843064933605204e-02 3.430613902385233616e-02 4.543161999448859512e-02
0.000000000000000000e+00 9.071896273168818248e-02 5.267780350052819055e-02 6.415276201692204916e-02 5.332062228343208143e-02
0.000000000000000000e+00 4.429242215430191643e-02 7.865651700403360203e-02 9.010190612669015386e-02 6.576613143678802786e-02
0.000000000000000000e+00 1.191169785247412141e-02 9.318717263584033739e-02 1.089737806995599023e-01 8.074153761277766406e-02
7.523099840876017359e-03 1.952922288087634425e-03 8.130729216354576350e-02 1.188832410618120838e-01 9.395156723501536800e-02
3.315590642159420287e-02 2.230966980274433006e-02 5.099041294816345632e-02 1.160014137732112427e-01 9.695006779509048045e-02
5.605593854932229558e-02 5.841542866753242358e-02 1.415579102941955623e-02 1.011443387448400372e-01 9.046538392904869552e-02
6.863774251928191072e-02 1.015099570868111950e-01 0.000000000000000000e+00 7.789314603270160176e-02 7.422527711724961896e-02
6.712362679837999280e-02 1.353823197473753015e-01 0.000000000000000000e+00 5.688352524712150110e-02 5.057312410294713401e-02
5.781640160873762618e-02 1.535128809753122103e-01 0.000000000000000000e+00 4.582767119319944293e-02 2.283228393983867399e-02
4.087007756527418628e-02 1.487803343949073709e-01 0.000000000000000000e+00 4.903270289236468654e-02 0.000000000000000000e+00
2.052732766886051358e-02 1.266894891400001943e-01 0.000000000000000000e+00 5.968916300046366030e-02 0.000000000000000000e+00
5.017850414025745026e-03 9.838663804490076215e-02 0.000000000000000000e+00 7.101173780377256772e-02 0.000000000000000000e+00
0.000000000000000000e+00 7.005748634872394076e-02 0.000000000000000000e+00 7.814497745877203860e-02 0.000000000000000000e+00
0.000000000000000000e+00 4.721867451105001001e-02 0.000000000000000000e+00 7.814710833298316173e-02 0.000000000000000000e+00
0.000000000000000000e+00 3.132212329290023217e-02 0.000000000000000000e+00 6.998563613204972222e-02 0.000000000000000000e+00
0.000000000000000000e+00 1.869221784257779628e-02 0.000000000000000000e+00 5.410493338011248404e-02 0.000000000000000000e+00
0.000000000000000000e+00 7.455126042706971060e-03 0.000000000000000000e+00 2.798023157002980585e-02 0.000000000000000000e+00
0.000000000000000000e+00 9.055472073742982164e-04 0.000000000000000000e+00 5.467055721916103464e-03 0.000000000000000000e+00
0.000000000000000000e+00 3.862741169615560902e-05 0.000000000000000000e+00 2.513369802480967309e-04 0.000000000000000000e+00
0.000000000000000000e+00 0.000000000000000000e+00 0.000000000000000000e+00 0.000000000000000000e+00 0.000000000000000000e+00
0.000000000000000000e+00 0.000000000000000000e+00 0.000000000000000000e+00 0.000000000000000000e+00 0.000000000000000000e+00
0.000000000000000000e+00 1.101175850983662985e-04 0.000000000000000000e+00 2.560744201010240243e-05 2.983309053944942116e-04
0.000000000000000000e+00 8.469026553058858417e-03 0.000000000000000000e+00 0.000000000000000000e+00 1.108043289179335041e-02
0.000000000000000000e+00 3.345372613887327012e-02 0.000000000000000000e+00 0.000000000000000000e+00 3.695997747126363725e-02
0.000000000000000000e+00 7.670846379922183211e-02 0.000000000000000000e+00 0.000000000000000000e+00 6.101519600507828572e-02
0.000000000000000000e+00 1.209293694848791040e-01 2.830913478414605138e-04 9.585136321199854217e-03 6.444608345836251584e-02
0.000000000000000000e+00 1.311657023106975184e-01 2.109250270662749172e-02 2.615435126588239872e-02 5.939724943986448430e-02
0.000000000000000000e+00 9.837208396907218266e-02 5.001115597219636666e-02 5.234434506458612163e-02 5.528191132387990508e-02
0.000000000000000000e+00 4.543985871032811541e-02 7.969894590281072222e-02 8.389598173378720602e-02 6.223839607699854087e-02
0.000000000000000000e+00 2.893086167158404748e-03 9.690916745774086349e-02 1.081623160880105100e-01 7.657194043905130032e-02
2.928037657495384614e-03 0.000000000000000000e+00 8.998743457201770213e-02 1.225734323457544350e-01 9.303403600319100353e-02
2.088040306212148381e-02 0.000000000000000000e+00 6.410472710465726920e-02 1.251278766046411972e-01 1.038613350427294163e-01
4.104249118039378363e-02 2.162907385844368632e-02 3.210095460623617336e-02 1.180522101487213871e-01 1.007410435142026273e-01
5.834719749252528787e-02 6.004620169341192554e-02 9.910033265364054031e-03 9.687147508417216779e-02 8.475608104051610137e-02
6.405132349807035608e-02 8.855563075932630646e-02 1.396845085618774948e-03 7.494919134594364707e-02 6.587168722897328299e-02
5.612237858897112242e-02 1.027336225127808977e-01 8.898395496919962559e-04 6.499291709052988641e-02 5.130970525156446083e-02
3.830009167013131988e-02 1.086940667368679753e-01 5.021425665632736797e-03 6.465918475127566123e-02 3.744119028562037377e-02
2.050269773866219419e-02 1.060840140837300410e-01 8.511940340346267619e-03 7.136045323642921379e-02 2.430624528955830504e-02
7.958980386709229790e-03 9.887517351283471589e-02 1.094434009594840926e-02 7.729533263129052811e-02 8.544400029693595411e-03
0.000000000000000000e+00 8.446994811700896111e-02 1.171724249120660415e-02 8.485697175405010340e-02 0.000000000000000000e+00
0.000000000000000000e+00 6.665832225090401186e-02 1.359378394033992216e-02 9.062720830430363861e-02 0.000000000000000000e+00
0.000000000000000000e+00 4.622357466604427867e-02 1.393298916158918280e-02 8.924530041988298912e-02 0.000000000000000000e+00
0.000000000000000000e+00 2.900574419433029488e-02 1.392836821954825284e-02 7.774685752989474175e-02 0.000000000000000000e+00
0.000000000000000000e+00 1.603040293998782978e-02 1.151302436266086852e-02 5.660064045004983141e-02 0.000000000000000000e+00
0.000000000000000000e+00 5.693408540887376183e-03 6.099630440856442480e-03 2.374675552633497347e-02 0.000000000000000000e+00
0.000000000000000000e+00 2.867920754774551384e-04 1.359018303407850308e-03 2.938950093975848873e-03 0.000000000000000000e+00
0.000000000000000000e+00 0.000000000000000000e+00 3.380015138233258113e-05 1.035958482928194793e-04 0.000000000000000000e+00
0.000000000000000000e+00 0.000000000000000000e+00 0.000000000000000000e+00 0.000000000000000000e+00 0.000000000000000000e+00
0.000000000000000000e+00 0.000000000000000000e+00 0.000000000000000000e+00 0.000000000000000000e+00 0.000000000000000000e+00
0.000000000000000000e+00 4.171337197998493284e-05 0.000000000000000000e+00 1.046300771878684485e-04 7.286071839531966816e-04
0.000000000000000000e+00 6.513295623157167036e-03 0.000000000000000000e+00 0.000000000000000000e+00 1.827220453461227481e-02
0.000000000000000000e+00 2.543191954285168102e-02 0.000000000000000000e+00 0.000000000000000000e+00 5.625470773558161747e-02
0.000000000000000000e+00 6.118266530814624182e-02 0.000000000000000000e+00 4.607100101047953899e-04 8.707639702821287631e-02
0.000000000000000000e+00 9.850602933084418034e-02 8.077343151609864269e-03 9.952404492699283914e-03 9.222199859469007444e-02
0.000000000000000000e+00 1.088110418446001232e-01 3.720185457526554301e-02 2.535879823157691573e-02 7.933897643039830583e-02
0.000000000000000000e+00 8.553754056510232129e-02 7.199476133539021994e-02 4.751654981849447179e-02 6.750584046886048961e-02
7.598660100407503629e-03 4.258612336579530033e-02 9.685607514795938067e-02 7.502747385774069522e-02 6.976139083373773808e-02
1.530315313854735577e-02 9.000962892963367684e-03 9.866846873955405217e-02 9.582361301694174160e-02 8.463510438630809929e-02
2.803924754262308860e-02 5.765970314124319908e-04 8.148284179443993080e-02 1.052001304935544501e-01 9.635922688416066750e-02
4.550823502150311978e-02 1.080875527335991432e-02 5.885748932277556911e-02 1.022837368266888564e-01 9.542451623102736480e-02
6.453218082923249665e-02 3.160901241447765242e-02 4.225665489483476644e-02 8.628816966765494312e-02 8.043240400050920280e-02
7.828048813998014777e-02 4.869254557838954833e-02 3.793297989319729252e-02 6.502017522446790210e-02 5.925288056806340964e-02
7.575995867891975599e-02 4.785060640541689142e-02 4.372211452986916880e-02 5.333364536665414352e-02 5.090414539934134258e-02
5.891080584125363978e-02 4.023934357566025938e-02 5.353837282188169538e-02 5.024431776409707395e-02 5.226397402875541248e-02
3.719471489639408768e-02 3.549401943031744999e-02 6.123764666493469733e-02 5.378004268662800458e-02 5.514927462618928605e-02
2.138408188378855546e-02 3.537640570842540133e-02 6.558468821849140762e-02 5.775721594316512303e-02 5.320824940556827948e-02
1.295145886986056802e-02 4.155072995529311697e-02 6.706842100850821109e-02 6.106137836550555587e-02 3.723281480532084770e-02
8.185541593622154208e-03 4.401387664304517999e-02 6.650986332672345624e-02 6.426574430235065805e-02 1.860936309701073307e-02
3.031694827964764600e-03 4.068170400099095640e-02 5.955869786413654082e-02 6.641818348382846904e-02 5.082196941215728382e-03
0.000000000000000000e+00 3.544429826777621695e-02 4.778940047913648320e-02 6.408759699688131029e-02 0.000000000000000000e+00
0.000000000000000000e+00 2.302399416754745409e-02 3.356712332501113338e-02 5.914587667240848307e-02 0.000000000000000000e+00
0.000000000000000000e+00 1.060806853974495360e-02 2.135184498635166531e-02 3.937426664499975304e-02 0.000000000000000000e+00
0.000000000000000000e+00 3.547094493143893544e-03 8.693629925647905141e-03 1.462705941611429361e-02 0.000000000000000000e+00
0.000000000000000000e+00 3.025321706615637075e-04 1.203090101953023039e-03 1.579403079749648565e-03 0.000000000000000000e+00
5.565703229268201854e-07 5.218758879171837922e-06 5.031311979861874265e-05 1.856515323196392350e-07 0.000000000000000000e+00
0.000000000000000000e+00 0.000000000000000000e+00 0.000000000000000000e+00 0.000000000000000000e+00 0.000000000000000000e+00
5.189663294033813227e-06 2.189020292879987238e-06 0.000000000000000000e+00 0.000000000000000000e+00 2.966603475000401184e-06
0.000000000000000000e+00 0.000000000000000000e+00 0.000000000000000000e+00 2.326076986708946212e-04 1.537982815146139628e-03
0.000000000000000000e+00 8.927013098389548163e-04 0.000000000000000000e+00 9.625796526890826590e-04 2.346941403409936316e-02
0.000000000000000000e+00 1.050519468195247955e-02 0.000000000000000000e+00 1.745095694921210746e-03 6.854462184410793635e-02
0.000000000000000000e+00 3.025693810750466894e-02 0.000000000000000000e+00 3.129619036418213214e-03 1.058255159037857912e-01
0.000000000000000000e+00 5.815741357686186191e-02 1.370678181964939298e-02 4.914648189048265517e-03 1.193012237418979854e-01
1.262940320373754863e-04 7.869529706648099865e-02 4.367700070291624659e-02 7.960909187040203158e-03 1.063315038026757253e-01
2.523704252947968005e-02 7.355680446042311971e-02 7.635571123802821492e-02 1.875071649001188931e-02 9.043806847537337601e-02
4.473471806203245527e-02 5.057771930690827672e-02 9.641757899019376410e-02 3.726790957834460322e-02 8.426495522898956592e-02
6.509205726306328821e-02 3.134207783402401248e-02 9.551291298244804495e-02 4.875570237628452236e-02 8.175802430388071085e-02
8.295371949500862652e-02 2.308066162127242124e-02 8.506389075616882511e-02 5.375575982433668937e-02 7.459770793590655980e-02
1.006315362556584880e-01 2.755759734589620716e-02 7.463551493523923330e-02 4.465422732795439748e-02 5.509229787622932362e-02
1.141659654173499405e-01 3.075630939425694557e-02 7.081054968402003547e-02 2.765950093106337923e-02 3.287876769200535204e-02
1.144125996356572250e-01 2.221707721556913026e-02 7.487938672298734277e-02 1.704850769263680996e-02 2.036300752639918360e-02
9.769648908913322605e-02 3.077777526106393116e-03 8.511688658468063995e-02 1.473022460511441874e-02 2.582211617370808523e-02
7.351113354825486446e-02 0.000000000000000000e+00 9.649387385367733105e-02 1.982393698820119482e-02 4.231847208209243288e-02
5.299618677510116449e-02 0.000000000000000000e+00 1.033753814508578672e-01 2.570280492629121311e-02 5.523700092995303956e-02
4.085412467364789302e-02 0.000000000000000000e+00 1.081308194879480877e-01 2.576183429675511782e-02 5.908691185410284291e-02
3.122704322589378231e-02 0.000000000000000000e+00 1.081823552973090879e-01 2.599053857585367777e-02 4.831485538977912247e-02
2.537858754806967751e-02 7.880028197371043847e-03 1.006706654135241519e-01 2.669515096615343933e-02 2.980224062499839052e-02
1.961519073571746027e-02 1.923433036909983837e-02 8.461696180451891425e-02 2.680790122455936619e-02 1.125054468326622086e-02
1.278287037672839500e-02 2.098078216056225090e-02 6.317749125264661425e-02 2.869628400066718057e-02 0.000000000000000000e+00
5.699883231635624083e-03 1.463597979503837229e-02 4.147683350690776344e-02 2.801438006232986541e-02 0.000000000000000000e+00
0.000000000000000000e+00 7.287024170963396670e-03 2.336261258419750075e-02 1.932287828559748136e-02 0.000000000000000000e+00
0.000000000000000000e+00 1.198997191235997130e-03 7.392338481394949978e-03 7.097603319090083421e-03 0.000000000000000000e+00
0.000000000000000000e+00 1.144783558519291790e-04 5.559493771849650370e-04 1.066585239074199993e-03 0.000000000000000000e+00
0.000000000000000000e+00 0.000000000000000000e+00 0.000000000000000000e+00 0.000000000000000000e+00 0.000000000000000000e+00
0.000000000000000000e+00 0.000000000000000000e+00 0.000000000000000000e+00 0.000000000000000000e+00 0.000000000000000000e+00
7.385290072278894054e-05 3.115144262944604243e-05 0.000000000000000000e+00 0.000000000000000000e+00 4.221704945192872327e-05
0.000000000000000000e+00 0.000000000000000000e+00 0.000000000000000000e+00 2.044424018202660443e-04 2.103881813576177068e-03
0.000000000000000000e+00 0.000000000000000000e+00 0.000000000000000000e+00 1.722256179037038367e-03 2.034330572054201744e-02
0.000000000000000000e+00 0.000000000000000000e+00 0.000000000000000000e+00 3.381736919479523974e-03 6.110272594654866246e-02
0.000000000000000000e+00 0.000000000000000000e+00 0.000000000000000000e+00 4.237743226873471811e-03 1.040414449403574415e-01
0.000000000000000000e+00 9.393447959373801837e-03 1.176231679859128000e-02 2.071106560617338164e-04 1.277735145528908212e-01
2.216064777521468965e-02 3.043261510094949149e-02 3.813965970715500059e-02 0.000000000000000000e+00 1.234925766999972335e-01
6.132236784544523728e-02 3.851501686871867947e-02 6.308109190211251549e-02 0.000000000000000000e+00 1.041770298294271840e-01
9.667168263793124439e-02 3.556699091877824070e-02 8.031638274863221738e-02 0.000000000000000000e+00 8.071138669369473662e-02
1.232878993923571947e-01 3.032139589096401189e-02 8.519688453738168132e-02 0.000000000000000000e+00 5.634956967992326565e-02
1.456577259323799667e-01 2.544453879997694845e-02 8.177242139131341014e-02 0.000000000000000000e+00 2.944943304438750117e-02
1.535277839457636073e-01 2.117500699055488086e-02 7.920958508590482394e-02 0.000000000000000000e+00 7.431035173932633818e-03
1.458079248026737940e-01 1.176921213769756280e-02 7.961080928069894092e-02 0.000000000000000000e+00 0.000000000000000000e+00
1.269657861237495633e-01 0.000000000000000000e+00 8.548729846770868057e-02 0.000000000000000000e+00 0.000000000000000000e+00
1.005061352902644478e-01 0.000000000000000000e+00 9.249199016718577526e-02 0.000000000000000000e+00 8.876406449944765353e-03
8.154939281115258787e-02 0.000000000000000000e+00 9.676791313001271988e-02 0.000000000000000000e+00 2.587481935754471982e-02
6.863434945721423597e-02 0.000000000000000000e+00 9.996488214074743250e-02 0.000000000000000000e+00 3.983192768862731797e-02
5.779598083457967994e-02 0.000000000000000000e+00 1.027066790681751690e-01 0.000000000000000000e+00 4.424073731925142611e-02
4.896140766640268843e-02 0.000000000000000000e+00 9.990656312822689122e-02 0.000000000000000000e+00 3.837291493591810793e-02
3.947008297644836322e-02 0.000000000000000000e+00 8.906777051709047210e-02 0.000000000000000000e+00 2.509169018872389051e-02
3.241492095259161654e-02 6.179950993511853542e-03 6.925510425263188552e-02 6.807894418517396618e-04 9.256073113959713272e-03
2.287285019629193422e-02 1.088715404815885496e-02 4.938640397874172888e-02 3.908142513766554339e-03 0.000000000000000000e+00
1.246737947836811314e-02 8.625195817775226440e-03 3.103925025990954961e-02 7.500145573156025841e-03 0.000000000000000000e+00
3.821881927009238965e-03 5.684373353837417209e-03 1.623885666683307777e-02 6.000432421252336820e-03 0.000000000000000000e+00
5.100517760482904889e-04 1.241998601597391061e-03 4.203310653325790201e-03 2.532819244150609841e-03 0.000000000000000000e+00
6.673059494998034706e-05 2.035626946317369641e-04 1.527642314782352644e-04 3.857340640786922664e-04 0.000000000000000000e+00
0.000000000000000000e+00 0.000000000000000000e+00 0.000000000000000000e+00 0.000000000000000000e+00 0.000000000000000000e+00
0.000000000000000000e+00 0.000000000000000000e+00 0.000000000000000000e+00 0.000000000000000000e+00 0.000000000000000000e+00
0.000000000000000000e+00 0.000000000000000000e+00 0.000000000000000000e+00 0.000000000000000000e+00 0.000000000000000000e+00
6.463103067263944838e-05 0.000000000000000000e+00 0.000000000000000000e+00 4.968360822544616221e-05 1.066715995628092972e-03
0.000000000000000000e+00 0.000000000000000000e+00 0.000000000000000000e+00 1.040838647045956187e-03 1.125613920297875367e-02
0.000000000000000000e+00 0.000000000000000000e+00 0.000000000000000000e+00 3.447557499069956333e-03 3.682314810135326605e-02
0.000000000000000000e+00 0.000000000000000000e+00 0.000000000000000000e+00 5.516055168959373145e-03 7.142074453133781531e-02
7.513463594374149464e-03 0.000000000000000000e+00 1.496528852871644409e-03 3.823203680865205640e-03 9.730254538430081757e-02
3.723379366980082705e-02 0.000000000000000000e+00 1.625518501875564473e-02 0.000000000000000000e+00 1.029778295022380497e-01
8.123315221026308763e-02 0.000000000000000000e+00 3.145894778686808557e-02 0.000000000000000000e+00 8.442255894995071008e-02
1.214325084163941498e-01 2.004203401119826131e-03 4.423222393535299057e-02 0.000000000000000000e+00 5.347356658791500850e-02
1.479115659753280354e-01 8.569285243972254995e-03 5.327601325479354444e-02 0.000000000000000000e+00 2.086404369030578701e-02
1.557288023232945018e-01 7.936834395378037851e-03 5.609947948179563881e-02 0.000000000000000000e+00 0.000000000000000000e+00
1.456282995022221416e-01 2.599191788091803883e-03 5.602031542459315339e-02 0.000000000000000000e+00 0.000000000000000000e+00
1.221034455022171616e-01 0.000000000000000000e+00 5.691362796635956317e-02 0.000000000000000000e+00 0.000000000000000000e+00
9.861143276860050155e-02 0.000000000000000000e+00 5.758905551226308622e-02 0.000000000000000000e+00 0.000000000000000000e+00
7.973568999877189700e-02 0.000000000000000000e+00 5.763765306667888166e-02 0.000000000000000000e+00 2.610049236130776527e-03
7.082828447582854847e-02 0.000000000000000000e+00 5.586926766708691372e-02 0.000000000000000000e+00 1.337381774286412403e-02
6.338701897216304781e-02 0.000000000000000000e+00 5.411970852868610432e-02 0.000000000000000000e+00 2.285272522846546611e-02
5.794804727022762059e-02 0.000000000000000000e+00 5.240745909255231649e-02 0.000000000000000000e+00 2.682713030228739068e-02
4.853695150847420203e-02 0.000000000000000000e+00 4.962084640955750220e-02 0.000000000000000000e+00 2.383907653200132218e-02
4.110140280220361125e-02 0.000000000000000000e+00 4.228317013308702244e-02 0.000000000000000000e+00 1.600412599005482731e-02
3.125045146084313996e-02 7.861474579157930187e-04 3.317611483488173973e-02 0.000000000000000000e+00 5.549829178670468224e-03
2.173284633331419580e-02 5.678551015987610973e-03 2.353526220543677300e-02 0.000000000000000000e+00 0.000000000000000000e+00
1.037802836786327378e-02 5.294798388415883524e-03 1.391438881141503041e-02 1.312130939321974263e-03 0.000000000000000000e+00
3.641124077604454903e-03 2.873317002572029193e-03 6.408248626079155602e-03 2.018816952126425979e-03 0.000000000000000000e+00
1.292350915830895331e-03 2.919987349601917918e-04 1.174333338706183604e-03 7.325968120753072448e-04 0.000000000000000000e+00
7.212341210245948461e-05 2.831325346475552649e-05 8.580028639726003197e-06 4.086791209312256334e-06 0.000000000000000000e+00
0.000000000000000000e+00 0.000000000000000000e+00 0.000000000000000000e+00 0.000000000000000000e+00 0.000000000000000000e+00
0.000000000000000000e+00 0.000000000000000000e+00 0.000000000000000000e+00 0.000000000000000000e+00 0.000000000000000000e+00
0.000000000000000000e+00 0.000000000000000000e+00 0.000000000000000000e+00 0.000000000000000000e+00 0.000000000000000000e+00
0.000000000000000000e+00 0.000000000000000000e+00 0.000000000000000000e+00 1.821895346573510267e-06 4.997504992923273866e-06
0.000000000000000000e+00 0.000000000000000000e+00 0.000000000000000000e+00 4.054262872036591475e-04 2.625591571403915539e-03
0.000000000000000000e+00 0.000000000000000000e+00 0.000000000000000000e+00 2.203626864569324748e-03 1.113934937992913481e-02
3.045939030646821997e-03 0.000000000000000000e+00 0.000000000000000000e+00 3.978187391396284522e-03 2.481821819294451753e-02
1.289977410132804418e-02 0.000000000000000000e+00 0.000000000000000000e+00 4.823022816693028035e-03 3.841569590166728915e-02
3.310522985656664391e-02 0.000000000000000000e+00 0.000000000000000000e+00 9.045611805624193067e-04 4.276032509509649499e-02
5.890346272528140803e-02 0.000000000000000000e+00 2.360447883176920540e-04 0.000000000000000000e+00 3.475677063136570905e-02
8.115158754601210778e-02 0.000000000000000000e+00 4.106544478183896292e-03 0.000000000000000000e+00 1.980965941190591592e-02
9.299144279097121268e-02 0.000000000000000000e+00 7.707476303053586997e-03 0.000000000000000000e+00 3.984532352362139297e-03
9.071791223207605059e-02 0.000000000000000000e+00 1.139096453858725461e-02 0.000000000000000000e+00 0.000000000000000000e+00
8.027763268782002470e-02 0.000000000000000000e+00 1.383078873732084858e-02 0.000000000000000000e+00 0.000000000000000000e+00
6.572301991861076442e-02 0.000000000000000000e+00 1.463643102107497346e-02 0.000000000000000000e+00 0.000000000000000000e+00
5.315160097111253090e-02 0.000000000000000000e+00 1.411030990716647705e-02 0.000000000000000000e+00 0.000000000000000000e+00
4.458848069620883342e-02 0.000000000000000000e+00 1.237449048799158305e-02 0.000000000000000000e+00 1.000482095695693144e-03
3.928322579439204321e-02 0.000000000000000000e+00 1.088551278789568269e-02 6.618253822972317403e-04 6.029846415274917916e-03
3.563748941663082842e-02 0.000000000000000000e+00 8.527990451455412166e-03 1.163933284770289622e-03 9.865930714348597821e-03
3.210560105046936924e-02 0.000000000000000000e+00 7.694754734986844653e-03 1.925505536767146671e-03 1.059578442470827941e-02
2.862704473698133092e-02 0.000000000000000000e+00 6.988287816899938464e-03 1.751283135844960894e-03 9.549970973538069244e-03
2.504264669179178532e-02 0.000000000000000000e+00 6.956347013006341541e-03 1.195158916179645588e-03 5.681633114066772690e-03
1.996849853230040633e-02 0.000000000000000000e+00 5.412984221846584530e-03 4.837241610361688753e-04 2.311793846408227281e-03
1.302498794724604898e-02 0.000000000000000000e+00 4.179927998168289291e-03 1.102848895290964434e-03 0.000000000000000000e+00
6.422044015621140682e-03 0.000000000000000000e+00 2.323397982122584263e-03 1.659115729849984554e-03 0.000000000000000000e+00
1.732380693440680255e-03 0.000000000000000000e+00 6.536839187321049965e-04 1.343654328499213841e-03 0.000000000000000000e+00
6.467244767597779206e-04 0.000000000000000000e+00 0.000000000000000000e+00 3.235151303026673327e-04 3.889205305330342217e-05
5.677516626314184914e-05 0.000000000000000000e+00 0.000000000000000000e+00 4.028658020100585839e-05 0.000000000000000000e+00
0.000000000000000000e+00 0.000000000000000000e+00 0.000000000000000000e+00 0.000000000000000000e+00 0.000000000000000000e+00
0.000000000000000000e+00 0.000000000000000000e+00 0.000000000000000000e+00 0.000000000000000000e+00 0.000000000000000000e+00
0.000000000000000000e+00 0.000000000000000000e+00 0.000000000000000000e+00 0.000000000000000000e+00 0.000000000000000000e+00
0.000000000000000000e+00 0.000000000000000000e+00 0.000000000000000000e+00 0.000000000000000000e+00 0.000000000000000000e+00
0.000000000000000000e+00 0.000000000000000000e+00 0.000000000000000000e+00 2.344385764994191940e-05 8.136700035979323165e-05
1.928353626101754535e-04 0.000000000000000000e+00 0.000000000000000000e+00 1.780365019369761553e-04 5.936837943701755559e-04
1.241147281160580665e-03 0.000000000000000000e+00 0.000000000000000000e+00 6.039798446662774994e-04 1.615123849953906945e-03
3.163451925932182773e-03 0.000000000000000000e+00 0.000000000000000000e+00 1.208992020186318858e-03 3.014038270224640541e-03
6.084631835279195704e-03 0.000000000000000000e+00 0.000000000000000000e+00 1.348647983148216394e-03 3.981285941550879136e-03
9.136165312757233217e-03 0.000000000000000000e+00 0.000000000000000000e+00 1.099088029597083483e-03 3.483189716848581613e-03
1.214563722250785842e-02 0.000000000000000000e+00 0.000000000000000000e+00 8.979161017263885027e-04 2.579593340030915134e-03
1.404573496133264786e-02 0.000000000000000000e+00 0.000000000000000000e+00 1.898483184993041573e-03 1.924590617063448410e-03
1.475646889541778681e-02 0.000000000000000000e+00 0.000000000000000000e+00 2.397030064302708204e-03 1.582815117579606861e-03
1.516495551411803887e-02 0.000000000000000000e+00 0.000000000000000000e+00 3.028237056574950483e-03 9.634886156943221064e-04
1.519151255919906456e-02 0.000000000000000000e+00 0.000000000000000000e+00 3.511130005026522494e-03 5.709812562099482501e-04
1.383809817248323783e-02 0.000000000000000000e+00 0.000000000000000000e+00 3.361715447456316719e-03 5.910813439748272740e-04
1.146502928009786836e-02 0.000000000000000000e+00 0.000000000000000000e+00 3.270147070955097858e-03 9.655269822571203387e-04
9.919947729557046859e-03 0.000000000000000000e+00 0.000000000000000000e+00 3.296262117337440869e-03 1.232010875729724810e-03
9.005307055088961760e-03 0.000000000000000000e+00 0.000000000000000000e+00 3.154068514766625916e-03 1.142771475485178682e-03
7.936964449834039287e-03 0.000000000000000000e+00 0.000000000000000000e+00 2.731038132094110692e-03 1.013067837026623884e-03
6.232318360154795456e-03 0.000000000000000000e+00 0.000000000000000000e+00 2.310383927463752988e-03 9.465360220103771283e-04
4.423695722381461130e-03 0.000000000000000000e+00 0.000000000000000000e+00 2.261279793268243781e-03 9.693376846934985327e-04
3.169604382823176282e-03 0.000000000000000000e+00 0.000000000000000000e+00 1.765346923068290526e-03 5.990612415506101508e-04
2.938579590016454721e-03 0.000000000000000000e+00 0.000000000000000000e+00 9.726284146411130153e-04 2.159311560767207105e-04
1.699248553735003804e-03 0.000000000000000000e+00 0.000000000000000000e+00 6.893361068171201733e-04 0.000000000000000000e+00
8.151745887557699383e-04 0.000000000000000000e+00 0.000000000000000000e+00 8.168962857163266896e-04 0.000000000000000000e+00
1.554610020914967564e-04 0.000000000000000000e+00 0.000000000000000000e+00 4.724792227027615468e-04 0.000000000000000000e+00
0.000000000000000000e+00 6.290931818900098922e-06 5.619630977266970789e-06 7.264322217834702511e-05 0.000000000000000000e+00
0.000000000000000000e+00 0.000000000000000000e+00 0.000000000000000000e+00 0.000000000000000000e+00 0.000000000000000000e+00
0.000000000000000000e+00 0.000000000000000000e+00 0.000000000000000000e+00 0.000000000000000000e+00 0.000000000000000000e+00
0.000000000000000000e+00 0.000000000000000000e+00 0.000000000000000000e+00 0.000000000000000000e+00 0.000000000000000000e+00
0.000000000000000000e+00 0.000000000000000000e+00 0.000000000000000000e+00 0.000000000000000000e+00 0.000000000000000000e+00
0.000000000000000000e+00 0.000000000000000000e+00 0.000000000000000000e+00 0.000000000000000000e+00 0.000000000000000000e+00
0.000000000000000000e+00 0.000000000000000000e+00 0.000000000000000000e+00 0.000000000000000000e+00 0.000000000000000000e+00
0.000000000000000000e+00 0.000000000000000000e+00 0.000000000000000000e+00 0.000000000000000000e+00 0.000000000000000000e+00
5.846514394255626249e-05 0.000000000000000000e+00 0.000000000000000000e+00 9.298980055724510223e-05 1.528542647321040333e-04
1.729480994908196608e-04 0.000000000000000000e+00 0.000000000000000000e+00 9.778314094181657617e-05 1.901950287660055731e-04
1.729480994908196608e-04 0.000000000000000000e+00 0.000000000000000000e+00 9.778314094181657617e-05 1.901950287660055731e-04
1.816679247451412414e-04 0.000000000000000000e+00 0.000000000000000000e+00 1.007349905316337000e-04 1.926221853128816711e-04
3.976503070094532222e-04 0.000000000000000000e+00 0.000000000000000000e+00 1.735413079172745611e-04 2.248778170893839549e-04
6.188670093181630446e-04 0.000000000000000000e+00 0.000000000000000000e+00 2.422226777795822954e-04 1.994554267717657612e-04
7.249562042287434165e-04 0.000000000000000000e+00 0.000000000000000000e+00 3.246832950010361670e-04 1.485936254556227644e-04
1.054744332439258667e-03 0.000000000000000000e+00 0.000000000000000000e+00 6.669344196894832480e-04 1.391195384323417022e-04
1.447171634017241837e-03 0.000000000000000000e+00 0.000000000000000000e+00 9.370744811500284367e-04 6.765497369563322255e-05
1.471430380274848203e-03 0.000000000000000000e+00 0.000000000000000000e+00 1.030846115059373463e-03 5.278903656093338395e-05
1.290601266066627659e-03 0.000000000000000000e+00 0.000000000000000000e+00 8.873444066834469896e-04 7.662205263786512168e-05
1.133821434783406894e-03 0.000000000000000000e+00 0.000000000000000000e+00 8.007245648853681362e-04 4.267340329191059828e-05
8.097568529125623174e-04 0.000000000000000000e+00 0.000000000000000000e+00 5.971948893030478702e-04 0.000000000000000000e+00
6.442464810019044421e-04 0.000000000000000000e+00 0.000000000000000000e+00 3.136853125502298543e-04 0.000000000000000000e+00
5.569249760867291121e-04 0.000000000000000000e+00 0.000000000000000000e+00 3.756086121404071968e-04 1.643237255456287432e-05
2.865260498690815755e-04 0.000000000000000000e+00 0.000000000000000000e+00 3.524904415887445287e-04 1.896422768465386930e-05
2.561746864139990087e-04 0.000000000000000000e+00 0.000000000000000000e+00 1.825145562201497130e-04 0.000000000000000000e+00
4.790172501400213651e-05 0.000000000000000000e+00 0.000000000000000000e+00 2.871001146278407876e-05 0.000000000000000000e+00
0.000000000000000000e+00 1.219670454684715515e-06 1.089520291510939513e-06 1.408389001416932648e-05 0.000000000000000000e+00
0.000000000000000000e+00 5.584806818819452963e-06 4.988856071655331810e-06 6.448939111751238575e-05 0.000000000000000000e+00
0.000000000000000000e+00 6.676090909853132719e-06 5.963690016691445237e-06 7.709076639334767834e-05 0.000000000000000000e+00
0.000000000000000000e+00 0.000000000000000000e+00 0.000000000000000000e+00 0.000000000000000000e+00 0.000000000000000000e+00
0.000000000000000000e+00 0.000000000000000000e+00 0.000000000000000000e+00 0.000000000000000000e+00 0.000000000000000000e+00
0.000000000000000000e+00 0.000000000000000000e+00 0.000000000000000000e+00 0.000000000000000000e+00 0.000000000000000000e+00
0.000000000000000000e+00 0.000000000000000000e+00 0.000000000000000000e+00 0.000000000000000000e+00 0.000000000000000000e+00
0.000000000000000000e+00 0.000000000000000000e+00 0.000000000000000000e+00 0.000000000000000000e+00 0.000000000000000000e+00
0.000000000000000000e+00 0.000000000000000000e+00 0.000000000000000000e+00 0.000000000000000000e+00 0.000000000000000000e+00
0.000000000000000000e+00 0.000000000000000000e+00 0.000000000000000000e+00 0.000000000000000000e+00 0.000000000000000000e+00
0.000000000000000000e+00 0.000000000000000000e+00 0.000000000000000000e+00 0.000000000000000000e+00 0.000000000000000000e+00
0.000000000000000000e+00 0.000000000000000000e+00 0.000000000000000000e+00 0.000000000000000000e+00 0.000000000000000000e+00
0.000000000000000000e+00 0.000000000000000000e+00 0.000000000000000000e+00 0.000000000000000000e+00 0.000000000000000000e+00
0.000000000000000000e+00 0.000000000000000000e+00 0.000000000000000000e+00 0.000000000000000000e+00 0.000000000000000000e+00
0.000000000000000000e+00 0.000000000000000000e+00 0.000000000000000000e+00 0.000000000000000000e+00 0.000000000000000000e+00
0.000000000000000000e+00 0.000000000000000000e+00 0.000000000000000000e+00 0.000000000000000000e+00 0.000000000000000000e+00
0.000000000000000000e+00 0.000000000000000000e+00 0.000000000000000000e+00 0.000000000000000000e+00 0.000000000000000000e+00
0.000000000000000000e+00 0.000000000000000000e+00 0.000000000000000000e+00 0.000000000000000000e+00 0.000000000000000000e+00
0.000000000000000000e+00 0.000000000000000000e+00 0.000000000000000000e+00 0.000000000000000000e+00 0.000000000000000000e+00
0.000000000000000000e+00 0.000000000000000000e+00 0.000000000000000000e+00 0.000000000000000000e+00 0.000000000000000000e+00
0.000000000000000000e+00 0.000000000000000000e+00 0.000000000000000000e+00 0.000000000000000000e+00 0.000000000000000000e+00
0.000000000000000000e+00 0.000000000000000000e+00 0.000000000000000000e+00 0.000000000000000000e+00 0.000000000000000000e+00
0.000000000000000000e+00 0.000000000000000000e+00 0.000000000000000000e+00 0.000000000000000000e+00 0.000000000000000000e+00
0.000000000000000000e+00 0.000000000000000000e+00 0.000000000000000000e+00 0.000000000000000000e+00 0.000000000000000000e+00
0.000000000000000000e+00 0.000000000000000000e+00 0.000000000000000000e+00 0.000000000000000000e+00 0.000000000000000000e+00
0.000000000000000000e+00 0.000000000000000000e+00 0.000000000000000000e+00 0.000000000000000000e+00 0.000000000000000000e+00
0.000000000000000000e+00 0.000000000000000000e+00 0.000000000000000000e+00 0.000000000000000000e+00 0.000000000000000000e+00
0.000000000000000000e+00 0.000000000000000000e+00 0.000000000000000000e+00 0.000000000000000000e+00 0.000000000000000000e+00
0.000000000000000000e+00 0.000000000000000000e+00 0.000000000000000000e+00 0.000000000000000000e+00 0.000000000000000000e+00
0.000000000000000000e+00 0.000000000000000000e+00 0.000000000000000000e+00 0.000000000000000000e+00 0.000000000000000000e+00
0.000000000000000000e+00 0.000000000000000000e+00 0.000000000000000000e+00 0.000000000000000000e+00 0.000000000000000000e+00
0.000000000000000000e+00 0.000000000000000000e+00 0.000000000000000000e+00 0.000000000000000000e+00 0.000000000000000000e+00
0.000000000000000000e+00 0.000000000000000000e+00 0.000000000000000000e+00 0.000000000000000000e+00 0.000000000000000000e+00
0.000000000000000000e+00 0.000000000000000000e+00 0.000000000000000000e+00 0.000000000000000000e+00 0.000000000000000000e+00
0.000000000000000000e+00 0.000000000000000000e+00 0.000000000000000000e+00 0.000000000000000000e+00 0.000000000000000000e+00
0.000000000000000000e+00 0.000000000000000000e+00 0.000000000000000000e+00 0.000000000000000000e+00 0.000000000000000000e+00
0.000000000000000000e+00 0.000000000000000000e+00 0.000000000000000000e+00 0.000000000000000000e+00 0.000000000000000000e+00
0.000000000000000000e+00 0.000000000000000000e+00 0.000000000000000000e+00 0.000000000000000000e+00 0.000000000000000000e+00
0.000000000000000000e+00 0.000000000000000000e+00 0.000000000000000000e+00 0.000000000000000000e+00 0.000000000000000000e+00
0.000000000000000000e+00 0.000000000000000000e+00 0.000000000000000000e+00 0.000000000000000000e+00 0.000000000000000000e+00
0.000000000000000000e+00 0.000000000000000000e+00 0.000000000000000000e+00 0.000000000000000000e+00 0.000000000000000000e+00
0.000000000000000000e+00 0.000000000000000000e+00 0.000000000000000000e+00 0.000000000000000000e+00 0.000000000000000000e+00
0.000000000000000000e+00 0.000000000000000000e+00 0.000000000000000000e+00 0.000000000000000000e+00 0.000000000000000000e+00
0.000000000000000000e+00 0.000000000000000000e+00 0.000000000000000000e+00 0.000000000000000000e+00 0.000000000000000000e+00
0.000000000000000000e+00 0.000000000000000000e+00 0.000000000000000000e+00 0.000000000000000000e+00 0.000000000000000000e+00
0.000000000000000000e+00 0.000000000000000000e+00 0.000000000000000000e+00 0.000000000000000000e+00 0.000000000000000000e+00
0.000000000000000000e+00 0.000000000000000000e+00 0.000000000000000000e+00 0.000000000000000000e+00 0.000000000000000000e+00
0.000000000000000000e+00 0.000000000000000000e+00 0.000000000000000000e+00 0.000000000000000000e+00 0.000000000000000000e+00
0.000000000000000000e+00 0.000000000000000000e+00 0.000000000000000000e+00 0.000000000000000000e+00 0.000000000000000000e+00
0.000000000000000000e+00 0.000000000000000000e+00 0.000000000000000000e+00 0.000000000000000000e+00 0.000000000000000000e+00
0.000000000000000000e+00 0.000000000000000000e+00 0.000000000000000000e+00 0.000000000000000000e+00 0.000000000000000000e+00
0.000000000000000000e+00 0.000000000000000000e+00 0.000000000000000000e+00 0.000000000000000000e+00 0.000000000000000000e+00
0.000000000000000000e+00 0.000000000000000000e+00 0.000000000000000000e+00 0.000000000000000000e+00 0.000000000000000000e+00
0.000000000000000000e+00 0.000000000000000000e+00 0.000000000000000000e+00 0.000000000000000000e+00 0.000000000000000000e+00
0.000000000000000000e+00 0.000000000000000000e+00 0.000000000000000000e+00 0.000000000000000000e+00 0.000000000000000000e+00
0.000000000000000000e+00 0.000000000000000000e+00 0.000000000000000000e+00 0.000000000000000000e+00 0.000000000000000000e+00
0.000000000000000000e+00 0.000000000000000000e+00 0.000000000000000000e+00 0.000000000000000000e+00 0.000000000000000000e+00
0.000000000000000000e+00 0.000000000000000000e+00 0.000000000000000000e+00 0.000000000000000000e+00 0.000000000000000000e+00
0.000000000000000000e+00 0.000000000000000000e+00 0.000000000000000000e+00 0.000000000000000000e+00 0.000000000000000000e+00
0.000000000000000000e+00 0.000000000000000000e+00 0.000000000000000000e+00 0.000000000000000000e+00 0.000000000000000000e+00
