119.02636957168579
0.000000000000000000e+00 0.000000000000000000e+00 0.000000000000000000e+00 0.000000000000000000e+00 0.000000000000000000e+00
0.000000000000000000e+00 0.000000000000000000e+00 0.000000000000000000e+00 0.000000000000000000e+00 0.000000000000000000e+00
0.000000000000000000e+00 0.000000000000000000e+00 0.000000000000000000e+00 0.000000000000000000e+00 0.000000000000000000e+00
0.000000000000000000e+00 0.000000000000000000e+00 0.000000000000000000e+00 0.000000000000000000e+00 0.000000000000000000e+00
0.000000000000000000e+00 0.000000000000000000e+00 0.000000000000000000e+00 0.000000000000000000e+00 0.000000000000000000e+00
0.000000000000000000e+00 0.000000000000000000e+00 0.000000000000000000e+00 0.000000000000000000e+00 0.000000000000000000e+00
0.000000000000000000e+00 0.000000000000000000e+00 0.000000000000000000e+00 0.000000000000000000e+00 0.000000000000000000e+00
0.000000000000000000e+00 0.000000000000000000e+00 0.000000000000000000e+00 0.000000000000000000e+00 0.000000000000000000e+00
0.000000000000000000e+00 0.000000000000000000e+00 0.000000000000000000e+00 0.000000000000000000e+00 0.000000000000000000e+00
0.000000000000000000e+00 0.000000000000000000e+00 0.000000000000000000e+00 0.000000000000000000e+00 0.000000000000000000e+00
0.000000000000000000e+00 0.000000000000000000e+00 0.000000000000000000e+00 0.000000000000000000e+00 0.000000000000000000e+00
0.000000000000000000e+00 0.000000000000000000e+00 0.000000000000000000e+00 0.000000000000000000e+00 0.000000000000000000e+00
0.000000000000000000e+00 0.000000000000000000e+00 0.000000000000000000e+00 0.000000000000000000e+00 0.000000000000000000e+00
0.000000000000000000e+00 0.000000000000000000e+00 0.000000000000000000e+00 0.000000000000000000e+00 0.000000000000000000e+00
0.000000000000000000e+00 0.000000000000000000e+00 0.000000000000000000e+00 0.000000000000000000e+00 0.000000000000000000e+00
0.000000000000000000e+00 0.000000000000000000e+00 0.000000000000000000e+00 0.000000000000000000e+00 0.000000000000000000e+00
0.000000000000000000e+00 0.000000000000000000e+00 0.000000000000000000e+00 0.000000000000000000e+00 0.000000000000000000e+00
0.000000000000000000e+00 0.000000000000000000e+00 0.000000000000000000e+00 0.000000000000000000e+00 0.000000000000000000e+00
0.000000000000000000e+00 0.000000000000000000e+00 0.000000000000000000e+00 0.000000000000000000e+00 0.000000000000000000e+00
0.000000000000000000e+00 0.000000000000000000e+00 0.000000000000000000e+00 0.000000000000000000e+00 0.000000000000000000e+00
0.000000000000000000e+00 0.000000000000000000e+00 0.000000000000000000e+00 0.000000000000000000e+00 0.000000000000000000e+00
0.000000000000000000e+00 0.000000000000000000e+00 0.000000000000000000e+00 0.000000000000000000e+00 0.000000000000000000e+00
0.000000000000000000e+00 0.000000000000000000e+00 0.000000000000000000e+00 0.000000000000000000e+00 0.000000000000000000e+00
0.000000000000000000e+00 0.000000000000000000e+00 0.000000000000000000e+00 0.000000000000000000e+00 0.000000000000000000e+00
0.000000000000000000e+00 0.000000000000000000e+00 0.000000000000000000e+00 0.000000000000000000e+00 0.000000000000000000e+00
0.000000000000000000e+00 0.000000000000000000e+00 0.000000000000000000e+00 0.000000000000000000e+00 0.000000000000000000e+00
0.000000000000000000e+00 0.000000000000000000e+00 0.000000000000000000e+00 0.000000000000000000e+00 0.000000000000000000e+00
0.000000000000000000e+00 0.000000000000000000e+00 0.000000000000000000e+00 0.000000000000000000e+00 0.000000000000000000e+00
0.000000000000000000e+00 0.000000000000000000e+00 0.000000000000000000e+00 0.000000000000000000e+00 0.000000000000000000e+00
0.000000000000000000e+00 0.000000000000000000e+00 0.000000000000000000e+00 0.000000000000000000e+00 0.000000000000000000e+00
0.000000000000000000e+00 0.000000000000000000e+00 0.000000000000000000e+00 0.000000000000000000e+00 0.000000000000000000e+00
0.000000000000000000e+00 0.000000000000000000e+00 0.000000000000000000e+00 0.000000000000000000e+00 0.000000000000000000e+00
0.000000000000000000e+00 0.000000000000000000e+00 0.000000000000000000e+00 0.000000000000000000e+00 0.000000000000000000e+00
0.000000000000000000e+00 0.000000000000000000e+00 0.000000000000000000e+00 0.000000000000000000e+00 0.000000000000000000e+00
0.000000000000000000e+00 0.000000000000000000e+00 0.000000000000000000e+00 0.000000000000000000e+00 0.000000000000000000e+00
0.000000000000000000e+00 0.000000000000000000e+00 0.000000000000000000e+00 0.000000000000000000e+00 0.000000000000000000e+00
0.000000000000000000e+00 0.000000000000000000e+00 0.000000000000000000e+00 0.000000000000000000e+00 0.000000000000000000e+00
0.000000000000000000e+00 2.843727485523806579e-05 0.000000000000000000e+00 2.645919062973724442e-05 2.132923324154150898e-04
0.000000000000000000e+00 5.348915984675765877e-05 0.000000000000000000e+00 4.976847761307777842e-05 4.011927204956607768e-04
0.000000000000000000e+00 7.718688889278907590e-05 0.000000000000000000e+00 7.181780313785721115e-05 5.789363308418406327e-04
0.000000000000000000e+00 7.921812281102025039e-05 0.000000000000000000e+00 7.370774532569535802e-05 5.941714974429415479e-04
0.000000000000000000e+00 3.927052241913801432e-05 0.000000000000000000e+00 3.653888229820797883e-05 2.945465542879546414e-04
0.000000000000000000e+00 6.432240741065813923e-06 0.000000000000000000e+00 5.984816928154837053e-06 4.824469423681994204e-05
0.000000000000000000e+00 1.661694695803703572e-04 0.000000000000000000e+00 9.973062798465752703e-04 0.000000000000000000e+00
0.000000000000000000e+00 4.331062771821192134e-04 0.000000000000000000e+00 1.812033734875807779e-03 0.000000000000000000e+00
0.000000000000000000e+00 5.469322141421308813e-05 0.000000000000000000e+00 1.459066595668820766e-04 0.000000000000000000e+00
0.000000000000000000e+00 0.000000000000000000e+00 0.000000000000000000e+00 0.000000000000000000e+00 0.000000000000000000e+00
0.000000000000000000e+00 0.000000000000000000e+00 0.000000000000000000e+00 0.000000000000000000e+00 0.000000000000000000e+00
0.000000000000000000e+00 0.000000000000000000e+00 0.000000000000000000e+00 0.000000000000000000e+00 0.000000000000000000e+00
0.000000000000000000e+00 0.000000000000000000e+00 0.000000000000000000e+00 0.000000000000000000e+00 0.000000000000000000e+00
0.000000000000000000e+00 0.000000000000000000e+00 0.000000000000000000e+00 0.000000000000000000e+00 0.000000000000000000e+00
0.000000000000000000e+00 0.000000000000000000e+00 0.000000000000000000e+00 0.000000000000000000e+00 0.000000000000000000e+00
0.000000000000000000e+00 0.000000000000000000e+00 0.000000000000000000e+00 0.000000000000000000e+00 0.000000000000000000e+00
0.000000000000000000e+00 0.000000000000000000e+00 0.000000000000000000e+00 0.000000000000000000e+00 0.000000000000000000e+00
0.000000000000000000e+00 0.000000000000000000e+00 0.000000000000000000e+00 0.000000000000000000e+00 0.000000000000000000e+00
0.000000000000000000e+00 0.000000000000000000e+00 0.000000000000000000e+00 0.000000000000000000e+00 0.000000000000000000e+00
0.000000000000000000e+00 0.000000000000000000e+00 0.000000000000000000e+00 0.000000000000000000e+00 0.000000000000000000e+00
0.000000000000000000e+00 0.000000000000000000e+00 0.000000000000000000e+00 0.000000000000000000e+00 0.000000000000000000e+00
0.000000000000000000e+00 0.000000000000000000e+00 0.000000000000000000e+00 0.000000000000000000e+00 0.000000000000000000e+00
0.000000000000000000e+00 0.000000000000000000e+00 0.000000000000000000e+00 0.000000000000000000e+00 0.000000000000000000e+00
0.000000000000000000e+00 0.000000000000000000e+00 0.000000000000000000e+00 0.000000000000000000e+00 0.000000000000000000e+00
0.000000000000000000e+00 0.000000000000000000e+00 0.000000000000000000e+00 0.000000000000000000e+00 0.000000000000000000e+00
0.000000000000000000e+00 0.000000000000000000e+00 0.000000000000000000e+00 0.000000000000000000e+00 0.000000000000000000e+00
0.000000000000000000e+00 0.000000000000000000e+00 0.000000000000000000e+00 1.403453754950457274e-04 3.844605384945211520e-04
0.000000000000000000e+00 0.000000000000000000e+00 1.437195102155993610e-05 4.397572330850275544e-04 1.466062288378042981e-03
0.000000000000000000e+00 0.000000000000000000e+00 4.232950872310512315e-04 2.848228464160908126e-04 2.515085480210977123e-03
0.000000000000000000e+00 0.000000000000000000e+00 5.584788420217281146e-04 6.146797180442437752e-04 2.945388324076308496e-03
7.495495372008610137e-05 5.722410452407534435e-04 3.139189668266215280e-04 1.399961248195386466e-03 2.046989393080429678e-03
6.143565473879720649e-05 1.919656823720605017e-03 1.939621840039927039e-04 2.534111820026206142e-03 1.470451004715206530e-03
9.381028221015313929e-04 2.045279386810822629e-03 4.432189634358024342e-04 3.108421478801397502e-03 0.000000000000000000e+00
1.797177171184746779e-03 1.535786144072928856e-03 2.948838564618285569e-04 3.892415031645191006e-03 0.000000000000000000e+00
2.020811421483365965e-03 6.346325466649129811e-04 1.159742356955753052e-04 4.197530150210891133e-03 0.000000000000000000e+00
1.331027440750294803e-03 4.616132454717454558e-04 0.000000000000000000e+00 5.551986063268246618e-03 0.000000000000000000e+00
4.890675797332314032e-04 5.399769841379597731e-04 0.000000000000000000e+00 3.377806137954547649e-03 0.000000000000000000e+00
1.646273177842287627e-04 0.000000000000000000e+00 3.178156227736967537e-04 3.640352806476820349e-04 4.580932053097372760e-04
2.155032236173198379e-04 0.000000000000000000e+00 1.046041991285389381e-04 3.504215762508161800e-06 3.170294687928366657e-04
0.000000000000000000e+00 0.000000000000000000e+00 0.000000000000000000e+00 0.000000000000000000e+00 0.000000000000000000e+00
0.000000000000000000e+00 0.000000000000000000e+00 0.000000000000000000e+00 0.000000000000000000e+00 0.000000000000000000e+00
0.000000000000000000e+00 0.000000000000000000e+00 0.000000000000000000e+00 0.000000000000000000e+00 0.000000000000000000e+00
4.254951370419661721e-04 9.817089517715975159e-05 0.000000000000000000e+00 0.000000000000000000e+00 1.744355996200015117e-04
1.920924647810818295e-04 4.431987015279548756e-05 0.000000000000000000e+00 0.000000000000000000e+00 7.875005225563180464e-05
0.000000000000000000e+00 0.000000000000000000e+00 0.000000000000000000e+00 0.000000000000000000e+00 0.000000000000000000e+00
0.000000000000000000e+00 0.000000000000000000e+00 0.000000000000000000e+00 0.000000000000000000e+00 0.000000000000000000e+00
0.000000000000000000e+00 0.000000000000000000e+00 0.000000000000000000e+00 0.000000000000000000e+00 0.000000000000000000e+00
0.000000000000000000e+00 0.000000000000000000e+00 0.000000000000000000e+00 0.000000000000000000e+00 0.000000000000000000e+00
0.000000000000000000e+00 0.000000000000000000e+00 0.000000000000000000e+00 0.000000000000000000e+00 0.000000000000000000e+00
0.000000000000000000e+00 0.000000000000000000e+00 0.000000000000000000e+00 0.000000000000000000e+00 0.000000000000000000e+00
0.000000000000000000e+00 0.000000000000000000e+00 0.000000000000000000e+00 0.000000000000000000e+00 0.000000000000000000e+00
1.035459687965421875e-05 6.856103276432883720e-06 4.744506923086573412e-06 0.000000000000000000e+00 2.070903201644759968e-05
2.639068417134292455e-05 2.160045550948704604e-04 1.979521892388763778e-04 0.000000000000000000e+00 9.608760314778553094e-04
0.000000000000000000e+00 9.364695460622997564e-04 2.963831331871653418e-04 0.000000000000000000e+00 2.712243507462606690e-03
0.000000000000000000e+00 1.377534909826649487e-03 1.073971926681406043e-03 4.184084526517309268e-04 4.984798843629538109e-03
0.000000000000000000e+00 3.650878018164193436e-03 1.958576761240166022e-03 3.761457995219890608e-03 5.594808322700244724e-03
0.000000000000000000e+00 7.545054812871063686e-03 4.296836528996291274e-03 7.176955222731424937e-03 6.380569151750730902e-03
0.000000000000000000e+00 1.499988569089980017e-02 1.029389642309294466e-02 1.374928315645302518e-02 2.463791910169936279e-03
0.000000000000000000e+00 2.546073681428335025e-02 1.553075328199639803e-02 2.242047161224982113e-02 0.000000000000000000e+00
0.000000000000000000e+00 3.261291354888606886e-02 2.327164434480953267e-02 2.965140133825660759e-02 0.000000000000000000e+00
0.000000000000000000e+00 3.839983816119552085e-02 3.164318846278148939e-02 3.750490762416083812e-02 0.000000000000000000e+00
0.000000000000000000e+00 3.691404688282196034e-02 3.246479987128763484e-02 3.691692548720013761e-02 0.000000000000000000e+00
7.766978869212350436e-03 3.162365018457359567e-02 2.741807581335499802e-02 3.238754004540802395e-02 0.000000000000000000e+00
2.350938317155094187e-02 2.035840630943336338e-02 1.769076843549689457e-02 2.063410396279758904e-02 0.000000000000000000e+00
3.477217897686021159e-02 7.749945796350275924e-03 5.728114106322172716e-03 1.095800254113468535e-02 0.000000000000000000e+00
3.660754820396831810e-02 2.052705220596737646e-03 0.000000000000000000e+00 1.545809975452788190e-03 0.000000000000000000e+00
2.888474770304058636e-02 2.870430803398696745e-05 0.000000000000000000e+00 0.000000000000000000e+00 0.000000000000000000e+00
1.670813605378708433e-02 0.000000000000000000e+00 0.000000000000000000e+00 0.000000000000000000e+00 0.000000000000000000e+00
7.086782766831229395e-03 0.000000000000000000e+00 0.000000000000000000e+00 2.028971186084303747e-04 0.000000000000000000e+00
1.844835769776915785e-03 0.000000000000000000e+00 0.000000000000000000e+00 1.190690818445660717e-04 0.000000000000000000e+00
4.976458801309919687e-04 1.071865501852649550e-04 0.000000000000000000e+00 0.000000000000000000e+00 2.001306678225971321e-04
7.022735271566432375e-05 1.620296328166714498e-05 0.000000000000000000e+00 0.000000000000000000e+00 2.879034168485462521e-05
0.000000000000000000e+00 0.000000000000000000e+00 0.000000000000000000e+00 0.000000000000000000e+00 0.000000000000000000e+00
0.000000000000000000e+00 0.000000000000000000e+00 0.000000000000000000e+00 0.000000000000000000e+00 0.000000000000000000e+00
0.000000000000000000e+00 0.000000000000000000e+00 0.000000000000000000e+00 0.000000000000000000e+00 0.000000000000000000e+00
0.000000000000000000e+00 0.000000000000000000e+00 0.000000000000000000e+00 0.000000000000000000e+00 0.000000000000000000e+00
0.000000000000000000e+00 0.000000000000000000e+00 0.000000000000000000e+00 0.000000000000000000e+00 0.000000000000000000e+00
0.000000000000000000e+00 0.000000000000000000e+00 0.000000000000000000e+00 0.000000000000000000e+00 0.000000000000000000e+00
0.000000000000000000e+00 0.000000000000000000e+00 0.000000000000000000e+00 0.000000000000000000e+00 0.000000000000000000e+00
0.000000000000000000e+00 1.168053326439153228e-05 4.770225704357958902e-05 0.000000000000000000e+00 0.000000000000000000e+00
2.419321989849268029e-04 3.414186616110153390e-03 5.519925030332252730e-04 0.000000000000000000e+00 5.517764007552989789e-04
0.000000000000000000e+00 5.854645125763341916e-03 1.890381450377729257e-03 0.000000000000000000e+00 2.511017385811597450e-03
0.000000000000000000e+00 1.133748251722686839e-02 4.354638372930401055e-03 1.506423288526589346e-03 4.655923511662453905e-03
0.000000000000000000e+00 2.307193855220570147e-02 6.185099822408160128e-03 8.185234446742664996e-03 2.863313973462672593e-03
0.000000000000000000e+00 4.202874892809875529e-02 1.935375118963591004e-02 2.142007137878182768e-02 0.000000000000000000e+00
0.000000000000000000e+00 6.344443832640160597e-02 3.143897746940308574e-02 3.268618413397279127e-02 0.000000000000000000e+00
0.000000000000000000e+00 8.229354198758537242e-02 5.234129896061728154e-02 4.256214305385540991e-02 0.000000000000000000e+00
0.000000000000000000e+00 9.462453377733068272e-02 7.333466062153794207e-02 5.023930328501944459e-02 0.000000000000000000e+00
0.000000000000000000e+00 1.026067888547337187e-01 8.633139266638513443e-02 5.984413859967554344e-02 0.000000000000000000e+00
0.000000000000000000e+00 1.009280988921146122e-01 8.952842604480661104e-02 5.844896491199244593e-02 0.000000000000000000e+00
2.572885948851020774e-02 9.349677950997797860e-02 8.957765033694529977e-02 5.029389181707822482e-02 0.000000000000000000e+00
5.933525871769847193e-02 7.585771569580489204e-02 7.238887914403636936e-02 3.751023165422441574e-02 0.000000000000000000e+00
8.671585842664522592e-02 4.251514735516642024e-02 4.535492051292970561e-02 1.790656019718591535e-02 0.000000000000000000e+00
1.001819402294897160e-01 1.330165233635022259e-02 1.670182099527539599e-02 0.000000000000000000e+00 0.000000000000000000e+00
8.983496096495792449e-02 5.518273905771531535e-04 0.000000000000000000e+00 0.000000000000000000e+00 0.000000000000000000e+00
5.875030698510082944e-02 0.000000000000000000e+00 0.000000000000000000e+00 0.000000000000000000e+00 1.723730959869784491e-03
2.988660618564351751e-02 0.000000000000000000e+00 0.000000000000000000e+00 0.000000000000000000e+00 0.000000000000000000e+00
8.837381265128896324e-03 0.000000000000000000e+00 0.000000000000000000e+00 0.000000000000000000e+00 0.000000000000000000e+00
5.313836903409574312e-04 8.987275278212917629e-05 0.000000000000000000e+00 0.000000000000000000e+00 1.929020035986398905e-04
1.631171949986123674e-04 0.000000000000000000e+00 0.000000000000000000e+00 0.000000000000000000e+00 8.253682322711361789e-05
1.038819288925243989e-04 0.000000000000000000e+00 0.000000000000000000e+00 0.000000000000000000e+00 5.353427947548446158e-05
0.000000000000000000e+00 0.000000000000000000e+00 0.000000000000000000e+00 0.000000000000000000e+00 0.000000000000000000e+00
0.000000000000000000e+00 0.000000000000000000e+00 0.000000000000000000e+00 0.000000000000000000e+00 0.000000000000000000e+00
0.000000000000000000e+00 0.000000000000000000e+00 0.000000000000000000e+00 0.000000000000000000e+00 0.000000000000000000e+00
0.000000000000000000e+00 0.000000000000000000e+00 0.000000000000000000e+00 0.000000000000000000e+00 0.000000000000000000e+00
0.000000000000000000e+00 0.000000000000000000e+00 0.000000000000000000e+00 0.000000000000000000e+00 0.000000000000000000e+00
0.000000000000000000e+00 6.579268168085451469e-05 3.982211372200841260e-05 7.679784428394207849e-06 0.000000000000000000e+00
0.000000000000000000e+00 1.976122914717520773e-03 1.456632492171200301e-03 0.000000000000000000e+00 0.000000000000000000e+00
0.000000000000000000e+00 8.989952518466367767e-03 2.574542840908965267e-03 0.000000000000000000e+00 2.306863975441183047e-05
0.000000000000000000e+00 1.662584259369036949e-02 5.063661413393013948e-03 0.000000000000000000e+00 5.983132185791454651e-03
0.000000000000000000e+00 2.795578626558047411e-02 9.880664708611201774e-03 0.000000000000000000e+00 1.015758050016154178e-02
0.000000000000000000e+00 4.955962066266690613e-02 2.123280711691753059e-02 1.123010754692498579e-02 7.589486522033684832e-03
0.000000000000000000e+00 7.831906244527847560e-02 4.035907082094019466e-02 2.529658513481357340e-02 0.000000000000000000e+00
0.000000000000000000e+00 9.872383341799495504e-02 6.381141321704887626e-02 3.455781948953318833e-02 0.000000000000000000e+00
0.000000000000000000e+00 1.102010145586996143e-01 8.905083481036984994e-02 3.702876375604433057e-02 0.000000000000000000e+00
0.000000000000000000e+00 1.133790168497212231e-01 1.033111478220097440e-01 4.094116212657571835e-02 0.000000000000000000e+00
6.674090577166480118e-03 1.160013078940865527e-01 1.072059938134414109e-01 4.067589598665724560e-02 3.403606091755791759e-03
2.946194981954602249e-02 1.131143430815057943e-01 1.075464045439320920e-01 4.344964517304066715e-02 0.000000000000000000e+00
5.285934388615014939e-02 1.094596740516661504e-01 1.015385672724374438e-01 4.387570007214997708e-02 0.000000000000000000e+00
7.197121535675345128e-02 1.013283207864670715e-01 8.952916950371613003e-02 4.628687164169093676e-02 0.000000000000000000e+00
9.443119291653871705e-02 7.886265777586594361e-02 7.445234206309825353e-02 3.906603994774546229e-02 0.000000000000000000e+00
1.219481444757696265e-01 4.120862628118743265e-02 4.444097861573333141e-02 1.494510374159422651e-02 0.000000000000000000e+00
1.312534019833412613e-01 1.171694253227224813e-02 8.380406960696921287e-03 0.000000000000000000e+00 0.000000000000000000e+00
1.098765575252143856e-01 0.000000000000000000e+00 0.000000000000000000e+00 0.000000000000000000e+00 2.038141520243811396e-03
6.553256233925970620e-02 0.000000000000000000e+00 0.000000000000000000e+00 0.000000000000000000e+00 3.361353819431166234e-03
2.515895891360286213e-02 0.000000000000000000e+00 0.000000000000000000e+00 0.000000000000000000e+00 2.191903179563361396e-03
2.742503453689767480e-03 0.000000000000000000e+00 0.000000000000000000e+00 0.000000000000000000e+00 8.385024684227419768e-04
4.495580026210966662e-04 0.000000000000000000e+00 0.000000000000000000e+00 0.000000000000000000e+00 2.316742094542517585e-04
3.420939382495203056e-04 0.000000000000000000e+00 0.000000000000000000e+00 0.000000000000000000e+00 1.762939203416816908e-04
0.000000000000000000e+00 0.000000000000000000e+00 0.000000000000000000e+00 0.000000000000000000e+00 0.000000000000000000e+00
0.000000000000000000e+00 0.000000000000000000e+00 0.000000000000000000e+00 0.000000000000000000e+00 0.000000000000000000e+00
0.000000000000000000e+00 0.000000000000000000e+00 0.000000000000000000e+00 0.000000000000000000e+00 0.000000000000000000e+00
0.000000000000000000e+00 0.000000000000000000e+00 0.000000000000000000e+00 0.000000000000000000e+00 0.000000000000000000e+00
0.000000000000000000e+00 0.000000000000000000e+00 2.160427088354968322e-05 0.000000000000000000e+00 2.708807531658751616e-05
0.000000000000000000e+00 2.741936830572370152e-04 1.944527265052827057e-04 0.000000000000000000e+00 1.424841602452616806e-04
0.000000000000000000e+00 3.406898496514795642e-03 2.235109867699550980e-03 0.000000000000000000e+00 0.000000000000000000e+00
0.000000000000000000e+00 9.958991613210401231e-03 5.594361301136308549e-03 0.000000000000000000e+00 4.145879329960659374e-03
0.000000000000000000e+00 2.189741255466149533e-02 8.306631925270558173e-03 0.000000000000000000e+00 1.090793545369691912e-02
0.000000000000000000e+00 4.277106871470467281e-02 1.448669578960347544e-02 0.000000000000000000e+00 1.512146070201043045e-02
0.000000000000000000e+00 6.037823782010657420e-02 3.382605391150077245e-02 8.110562975553172946e-03 2.105397491434323268e-02
0.000000000000000000e+00 7.476366927138927698e-02 6.245814788927661620e-02 1.598398813785109618e-02 2.980572172650336818e-02
0.000000000000000000e+00 8.392600390581658742e-02 8.615869940456136189e-02 2.225181765659961508e-02 4.231638529010328664e-02
0.000000000000000000e+00 7.938199756507445526e-02 9.771820468661349124e-02 1.874308594440767667e-02 5.881433621627795566e-02
2.470931948682415433e-02 7.473473298739803650e-02 9.268501585149234445e-02 1.324564669366157417e-02 7.311315402616003212e-02
5.194668883944230514e-02 6.984676894641252132e-02 7.993849639420050335e-02 1.313726809063625600e-02 8.218787117092676842e-02
6.803773870758246523e-02 6.649809655954551368e-02 6.728176543353348027e-02 1.868799516213088055e-02 8.444287952925448593e-02
6.810617703046889515e-02 7.523323983682901617e-02 6.243234112151556381e-02 3.061203225994063581e-02 7.115598558614484592e-02
5.949618675116313815e-02 9.085286927968605486e-02 7.404793780621703181e-02 4.918853066573260213e-02 2.782931318493349002e-02
6.377256793955236869e-02 9.082457221829631777e-02 7.723114055446614334e-02 6.383249807966219491e-02 0.000000000000000000e+00
9.343998272916440029e-02 6.316582573259418854e-02 6.601587369812234041e-02 5.182527004778113289e-02 0.000000000000000000e+00
1.309165903387067842e-01 2.687359011854132881e-02 3.003959758764925339e-02 1.345387291789912343e-02 0.000000000000000000e+00
1.394093641558218633e-01 0.000000000000000000e+00 0.000000000000000000e+00 0.000000000000000000e+00 0.000000000000000000e+00
1.026390112655060360e-01 0.000000000000000000e+00 0.000000000000000000e+00 0.000000000000000000e+00 7.252745517105535153e-03
4.672685548349414519e-02 0.000000000000000000e+00 0.000000000000000000e+00 0.000000000000000000e+00 4.196284521260472064e-03
6.838596213774077170e-03 0.000000000000000000e+00 0.000000000000000000e+00 0.000000000000000000e+00 1.719639125736384215e-03
4.011991736538875262e-04 0.000000000000000000e+00 0.000000000000000000e+00 0.000000000000000000e+00 2.067530793535952863e-04
1.970174513478912322e-05 0.000000000000000000e+00 0.000000000000000000e+00 0.000000000000000000e+00 1.015305300397119964e-05
0.000000000000000000e+00 0.000000000000000000e+00 0.000000000000000000e+00 0.000000000000000000e+00 0.000000000000000000e+00
0.000000000000000000e+00 0.000000000000000000e+00 0.000000000000000000e+00 0.000000000000000000e+00 0.000000000000000000e+00
0.000000000000000000e+00 0.000000000000000000e+00 0.000000000000000000e+00 0.000000000000000000e+00 0.000000000000000000e+00
0.000000000000000000e+00 0.000000000000000000e+00 0.000000000000000000e+00 0.000000000000000000e+00 0.000000000000000000e+00
0.000000000000000000e+00 0.000000000000000000e+00 3.984787740743608864e-04 0.000000000000000000e+00 4.996245002837270419e-04
0.000000000000000000e+00 7.416197251886158114e-05 8.228051174477072878e-04 0.000000000000000000e+00 1.010807100978364627e-03
0.000000000000000000e+00 2.376460599509369609e-03 4.127504131463915864e-03 0.000000000000000000e+00 2.340675138516375847e-03
0.000000000000000000e+00 7.654469032823652333e-03 8.998167893646300680e-03 0.000000000000000000e+00 1.179068153309332546e-02
0.000000000000000000e+00 1.775642913519675375e-02 1.157208008554364183e-02 0.000000000000000000e+00 2.790871544706708882e-02
0.000000000000000000e+00 3.118190926305074856e-02 2.053110462043767487e-02 0.000000000000000000e+00 3.797802492245188483e-02
0.000000000000000000e+00 3.773602537236946108e-02 3.846484454678170822e-02 0.000000000000000000e+00 6.230302373141498318e-02
0.000000000000000000e+00 3.849011936956456964e-02 6.369551466206489765e-02 0.000000000000000000e+00 8.299264195419320256e-02
0.000000000000000000e+00 3.705845488503537594e-02 7.791587548239752026e-02 0.000000000000000000e+00 1.003290322414937125e-01
2.378093356506742057e-02 2.873548039731312065e-02 7.293425238208679773e-02 0.000000000000000000e+00 1.205688784994595197e-01
5.450753129394104307e-02 1.665856646690075729e-02 5.329256758755313711e-02 0.000000000000000000e+00 1.348435198193509987e-01
7.507724135771208507e-02 9.641660220154469121e-03 2.864406357593714952e-02 0.000000000000000000e+00 1.443724354106011853e-01
7.344370794575352801e-02 1.451888351668690486e-02 1.505208029869534343e-02 7.575080903247714999e-03 1.475927527571010700e-01
5.525691637881527396e-02 3.408309013788850261e-02 1.476807698114996487e-02 2.285731743735332916e-02 1.366128563312149491e-01
2.449556877036641878e-02 6.908747082519446636e-02 3.495086364400067785e-02 4.771812658903327314e-02 8.876722222683462726e-02
9.036937047956602326e-03 9.046924776740221386e-02 6.913619697998522884e-02 7.749419552703151748e-02 1.193288222557292375e-02
3.235135426062096115e-02 7.850769783511910016e-02 8.667417487754890126e-02 7.494241897058391555e-02 0.000000000000000000e+00
9.433513893910099035e-02 3.928537024727463828e-02 6.441152274620318141e-02 3.415945260733308647e-02 0.000000000000000000e+00
1.401304652118855187e-01 3.375271583340878640e-03 9.640155574198222901e-03 0.000000000000000000e+00 0.000000000000000000e+00
1.226237706133856686e-01 0.000000000000000000e+00 0.000000000000000000e+00 0.000000000000000000e+00 7.524889308561743748e-03
6.303708028857950285e-02 0.000000000000000000e+00 0.000000000000000000e+00 0.000000000000000000e+00 4.853554643288140145e-03
1.261370142048395815e-02 0.000000000000000000e+00 0.000000000000000000e+00 0.000000000000000000e+00 2.521825825298472032e-03
3.026904479799419779e-04 0.000000000000000000e+00 0.000000000000000000e+00 0.000000000000000000e+00 1.559878143337392034e-04
0.000000000000000000e+00 0.000000000000000000e+00 0.000000000000000000e+00 0.000000000000000000e+00 0.000000000000000000e+00
0.000000000000000000e+00 0.000000000000000000e+00 0.000000000000000000e+00 0.000000000000000000e+00 0.000000000000000000e+00
0.000000000000000000e+00 0.000000000000000000e+00 0.000000000000000000e+00 0.000000000000000000e+00 0.000000000000000000e+00
0.000000000000000000e+00 0.000000000000000000e+00 0.000000000000000000e+00 0.000000000000000000e+00 0.000000000000000000e+00
0.000000000000000000e+00 0.000000000000000000e+00 0.000000000000000000e+00 0.000000000000000000e+00 0.000000000000000000e+00
0.000000000000000000e+00 0.000000000000000000e+00 2.184431833781134437e-04 0.000000000000000000e+00 2.738905393121626860e-04
0.000000000000000000e+00 0.000000000000000000e+00 1.368074409488115014e-03 0.000000000000000000e+00 1.376161981196250862e-03
0.000000000000000000e+00 2.278900261839652761e-04 6.893409571950561213e-03 0.000000000000000000e+00 8.063874877610399672e-03
0.000000000000000000e+00 3.546178830324791219e-03 8.822895612119248387e-03 0.000000000000000000e+00 2.150926785846346903e-02
0.000000000000000000e+00 6.476824788918438339e-03 1.170176663215278731e-02 0.000000000000000000e+00 4.315915550106885767e-02
0.000000000000000000e+00 1.135782390154699804e-02 2.064791457740728503e-02 0.000000000000000000e+00 6.271536887592078779e-02
0.000000000000000000e+00 1.122228616455889748e-02 3.684360540036418774e-02 0.000000000000000000e+00 8.444394512996306057e-02
4.620395871495897163e-04 4.114298614743694057e-03 4.635167883187711613e-02 0.000000000000000000e+00 1.085320847393932003e-01
1.481775115918393913e-02 0.000000000000000000e+00 4.950953322461346118e-02 0.000000000000000000e+00 1.281607532706003638e-01
3.553998875829999377e-02 0.000000000000000000e+00 3.744912995661647814e-02 0.000000000000000000e+00 1.371307090238454984e-01
6.206860161454581110e-02 0.000000000000000000e+00 1.530031689726385827e-02 0.000000000000000000e+00 1.412806955848246171e-01
6.461704244258180407e-02 0.000000000000000000e+00 0.000000000000000000e+00 0.000000000000000000e+00 1.465447304950128204e-01
5.371141649637369009e-02 0.000000000000000000e+00 0.000000000000000000e+00 2.949550425423788647e-03 1.556441956358967371e-01
2.576728739374289229e-02 1.135489752203959132e-02 0.000000000000000000e+00 1.314727313067194474e-02 1.590050626330349881e-01
0.000000000000000000e+00 5.388077630588952033e-02 1.594481436977042074e-02 3.994374947813005700e-02 1.193919862638022494e-01
0.000000000000000000e+00 9.342059824360686437e-02 5.922145020510329039e-02 8.084986018347999071e-02 3.379674991485964730e-02
0.000000000000000000e+00 9.039644511301077323e-02 9.793700600551387414e-02 9.088979475187121404e-02 0.000000000000000000e+00
6.420327082061690060e-02 4.317972840669105639e-02 8.903731076271213796e-02 4.337791885000578246e-02 0.000000000000000000e+00
1.334552350234616824e-01 2.099504441714175520e-03 3.311419390132815110e-02 1.082977014421921715e-03 0.000000000000000000e+00
1.256844393158482731e-01 0.000000000000000000e+00 0.000000000000000000e+00 0.000000000000000000e+00 7.949766266866956088e-03
6.670580757375418890e-02 0.000000000000000000e+00 0.000000000000000000e+00 0.000000000000000000e+00 5.119564817634299735e-03
1.341608124494818484e-02 0.000000000000000000e+00 0.000000000000000000e+00 0.000000000000000000e+00 2.488996608219377037e-03
0.000000000000000000e+00 8.430753545300631992e-05 0.000000000000000000e+00 8.173844212491531466e-05 0.000000000000000000e+00
0.000000000000000000e+00 0.000000000000000000e+00 0.000000000000000000e+00 2.773984347339248667e-05 1.882581084247588214e-04
0.000000000000000000e+00 0.000000000000000000e+00 0.000000000000000000e+00 0.000000000000000000e+00 0.000000000000000000e+00
0.000000000000000000e+00 0.000000000000000000e+00 0.000000000000000000e+00 0.000000000000000000e+00 0.000000000000000000e+00
0.000000000000000000e+00 0.000000000000000000e+00 0.000000000000000000e+00 0.000000000000000000e+00 0.000000000000000000e+00
0.000000000000000000e+00 0.000000000000000000e+00 0.000000000000000000e+00 0.000000000000000000e+00 0.000000000000000000e+00
5.978040895964984987e-05 0.000000000000000000e+00 7.744850025477198160e-05 0.000000000000000000e+00 3.851541020905362123e-05
0.000000000000000000e+00 0.000000000000000000e+00 9.980654848655255706e-04 0.000000000000000000e+00 9.735264268247399971e-04
0.000000000000000000e+00 0.000000000000000000e+00 5.754097901763331226e-03 0.000000000000000000e+00 7.803204691858091867e-03
0.000000000000000000e+00 9.706467642251634343e-04 7.160138080258161147e-03 0.000000000000000000e+00 2.190376641201696034e-02
0.000000000000000000e+00 3.914605333628614139e-04 7.622117337139583913e-03 0.000000000000000000e+00 4.412539427212534143e-02
0.000000000000000000e+00 0.000000000000000000e+00 1.756098243396940137e-02 0.000000000000000000e+00 6.177052221170600821e-02
3.517234647685799249e-03 0.000000000000000000e+00 2.564689262943985540e-02 0.000000000000000000e+00 7.548117864140332922e-02
9.399564365064783100e-03 0.000000000000000000e+00 3.109593948141509134e-02 0.000000000000000000e+00 8.979677298164046029e-02
2.007834135425899322e-02 0.000000000000000000e+00 2.965300589334278827e-02 0.000000000000000000e+00 9.762231343927746385e-02
3.436928400379199444e-02 0.000000000000000000e+00 1.827554918635384412e-02 0.000000000000000000e+00 1.025321525012773127e-01
4.313597524461493249e-02 0.000000000000000000e+00 2.833187257800387406e-03 0.000000000000000000e+00 1.042958242821347969e-01
3.936800503860876654e-02 0.000000000000000000e+00 0.000000000000000000e+00 0.000000000000000000e+00 1.105928388787143918e-01
2.491717916601050506e-02 0.000000000000000000e+00 0.000000000000000000e+00 1.100521403176137579e-03 1.257837162356189031e-01
1.903849420394460989e-03 8.873335560555167811e-03 0.000000000000000000e+00 6.777256216791091754e-03 1.448393567148560657e-01
0.000000000000000000e+00 5.829088362573956600e-02 7.787039992907740342e-03 3.240685828038072924e-02 1.199229719454223686e-01
0.000000000000000000e+00 1.065577411643848921e-01 4.784794847594653344e-02 7.758972045026524267e-02 3.331803671573682624e-02
0.000000000000000000e+00 9.773405615702296378e-02 9.324751023162476671e-02 8.868425743428147434e-02 0.000000000000000000e+00
6.009866948680730320e-02 4.062200246035835988e-02 1.040983848762702113e-01 4.253495202718938356e-02 0.000000000000000000e+00
1.316838393443900412e-01 0.000000000000000000e+00 4.766769550143110795e-02 2.972086762203904244e-04 0.000000000000000000e+00
1.171192043915778858e-01 0.000000000000000000e+00 5.440532697741419857e-03 0.000000000000000000e+00 6.912352325672417065e-03
5.712676300127889767e-02 0.000000000000000000e+00 0.000000000000000000e+00 0.000000000000000000e+00 5.630273437979031390e-03
1.044498276049785936e-02 0.000000000000000000e+00 0.000000000000000000e+00 5.659029034286431649e-04 2.788482165516454388e-03
6.043837971103048761e-05 0.000000000000000000e+00 0.000000000000000000e+00 3.184633003905741264e-04 2.336117336615335400e-04
0.000000000000000000e+00 0.000000000000000000e+00 0.000000000000000000e+00 0.000000000000000000e+00 0.000000000000000000e+00
0.000000000000000000e+00 0.000000000000000000e+00 0.000000000000000000e+00 0.000000000000000000e+00 0.000000000000000000e+00
0.000000000000000000e+00 0.000000000000000000e+00 0.000000000000000000e+00 0.000000000000000000e+00 0.000000000000000000e+00
0.000000000000000000e+00 0.000000000000000000e+00 0.000000000000000000e+00 0.000000000000000000e+00 0.000000000000000000e+00
0.000000000000000000e+00 0.000000000000000000e+00 0.000000000000000000e+00 0.000000000000000000e+00 0.000000000000000000e+00
0.000000000000000000e+00 0.000000000000000000e+00 0.000000000000000000e+00 0.000000000000000000e+00 0.000000000000000000e+00
8.697262149537735856e-06 0.000000000000000000e+00 5.517684771307688069e-05 0.000000000000000000e+00 4.961724635235946078e-05
0.000000000000000000e+00 0.000000000000000000e+00 3.281728232617026151e-03 0.000000000000000000e+00 5.684065849197317798e-03
0.000000000000000000e+00 0.000000000000000000e+00 5.042101163641519827e-03 0.000000000000000000e+00 1.580981990395156564e-02
4.878449374282393903e-04 0.000000000000000000e+00 5.108732519609983889e-03 0.000000000000000000e+00 2.700164736977930802e-02
8.477550019854476716e-04 0.000000000000000000e+00 1.035722562281433425e-02 0.000000000000000000e+00 4.008503920510261137e-02
7.961931938250422017e-03 0.000000000000000000e+00 1.594095716255787901e-02 0.000000000000000000e+00 5.087117132642530321e-02
1.071785485872347662e-02 0.000000000000000000e+00 1.524527339813058421e-02 0.000000000000000000e+00 5.413995183811272371e-02
1.678850008697519922e-02 0.000000000000000000e+00 1.334853348334455979e-02 0.000000000000000000e+00 6.061272700828360116e-02
2.388033544135147526e-02 0.000000000000000000e+00 6.707278094490215677e-03 0.000000000000000000e+00 6.238532649299183969e-02
2.535290452940207676e-02 0.000000000000000000e+00 0.000000000000000000e+00 0.000000000000000000e+00 5.937249722604853730e-02
1.965755653270407147e-02 0.000000000000000000e+00 0.000000000000000000e+00 0.000000000000000000e+00 7.431470648016577640e-02
6.251622159908951613e-03 0.000000000000000000e+00 0.000000000000000000e+00 0.000000000000000000e+00 1.076868026798110251e-01
0.000000000000000000e+00 1.933273953950352675e-02 0.000000000000000000e+00 6.085601580517335969e-03 1.333954925536315061e-01
0.000000000000000000e+00 7.937723466822110829e-02 0.000000000000000000e+00 3.730047974858553828e-02 1.027721724686801313e-01
0.000000000000000000e+00 1.208652881338173751e-01 3.085775297685221935e-02 7.774730802493218240e-02 1.947648914202931847e-02
2.504140719050571874e-03 9.603708606657730684e-02 8.096126599881718622e-02 8.540686670395204738e-02 0.000000000000000000e+00
7.755731407105199982e-02 3.130990759271459756e-02 1.033065191640457348e-01 4.032942525271787648e-02 0.000000000000000000e+00
1.254871515223317802e-01 0.000000000000000000e+00 6.120234293977133699e-02 0.000000000000000000e+00 0.000000000000000000e+00
9.835837314773607232e-02 0.000000000000000000e+00 1.492961950856500249e-02 0.000000000000000000e+00 5.146395153960542888e-03
4.505365745989282217e-02 0.000000000000000000e+00 0.000000000000000000e+00 1.722797166244253693e-03 4.623263383758040822e-03
6.757928519294384255e-03 0.000000000000000000e+00 1.192224897856990093e-04 0.000000000000000000e+00 3.954970175597552484e-03
2.518217813013393130e-05 0.000000000000000000e+00 2.503732679416883914e-04 0.000000000000000000e+00 9.788777600679794341e-04
2.433606443085496600e-06 0.000000000000000000e+00 6.081637337640316158e-05 0.000000000000000000e+00 2.169706360046024765e-04
0.000000000000000000e+00 0.000000000000000000e+00 1.929810871649677360e-04 3.655136440855219319e-04 1.727412474616429384e-04
0.000000000000000000e+00 0.000000000000000000e+00 0.000000000000000000e+00 0.000000000000000000e+00 0.000000000000000000e+00
0.000000000000000000e+00 0.000000000000000000e+00 0.000000000000000000e+00 0.000000000000000000e+00 0.000000000000000000e+00
0.000000000000000000e+00 0.000000000000000000e+00 0.000000000000000000e+00 0.000000000000000000e+00 0.000000000000000000e+00
0.000000000000000000e+00 0.000000000000000000e+00 0.000000000000000000e+00 0.000000000000000000e+00 0.000000000000000000e+00
4.643663171550128021e-05 0.000000000000000000e+00 1.906571722723620667e-04 0.000000000000000000e+00 1.353564730649146300e-04
2.482332113072595521e-04 0.000000000000000000e+00 1.774297410445026257e-03 0.000000000000000000e+00 3.286277747994504651e-03
4.329412417230904379e-04 0.000000000000000000e+00 2.793435875870880093e-03 0.000000000000000000e+00 1.076418306389459630e-02
4.129826167880110708e-04 0.000000000000000000e+00 1.931337675210002044e-03 0.000000000000000000e+00 1.556182169343288055e-02
1.834794614964568686e-03 0.000000000000000000e+00 2.674246033388380950e-03 0.000000000000000000e+00 2.149879090263216719e-02
5.505116549333058211e-03 0.000000000000000000e+00 5.319679672934393005e-03 0.000000000000000000e+00 2.709172166584766436e-02
7.706064054677918759e-03 0.000000000000000000e+00 8.035202408466939061e-03 0.000000000000000000e+00 2.866820137830663681e-02
9.349867187418890724e-03 1.273710672690272667e-05 8.337580607541585434e-03 0.000000000000000000e+00 3.037868532160062363e-02
1.336873938267347031e-02 0.000000000000000000e+00 3.287401450240199415e-03 0.000000000000000000e+00 3.256103360624537646e-02
1.197762520268063312e-02 0.000000000000000000e+00 1.816770462703992575e-04 0.000000000000000000e+00 4.108957723411580526e-02
5.568327124877362443e-03 0.000000000000000000e+00 0.000000000000000000e+00 0.000000000000000000e+00 6.509646685354056328e-02
0.000000000000000000e+00 6.876548821520139798e-04 0.000000000000000000e+00 0.000000000000000000e+00 1.021198617373997169e-01
0.000000000000000000e+00 4.204787590992676433e-02 0.000000000000000000e+00 2.026629927373243059e-02 1.172021859826998386e-01
0.000000000000000000e+00 1.049767846513917496e-01 0.000000000000000000e+00 5.476813111678716789e-02 7.590036236925709612e-02
0.000000000000000000e+00 1.247399309915606103e-01 1.845847443862367807e-02 8.518790915008914166e-02 4.732826591999551684e-03
3.469831138541477900e-02 8.001575400762314660e-02 7.358244436974506475e-02 7.659256376861121873e-02 0.000000000000000000e+00
9.524758315658055086e-02 1.327936658431810857e-02 1.004638860870017969e-01 3.576646842839677903e-02 0.000000000000000000e+00
1.120004072435305115e-01 0.000000000000000000e+00 6.939539617649162495e-02 0.000000000000000000e+00 1.601738575343181637e-03
7.282236131876262952e-02 0.000000000000000000e+00 2.294913991999814745e-02 0.000000000000000000e+00 1.182959310812777996e-03
2.940549171144343776e-02 0.000000000000000000e+00 3.799881675677122071e-03 2.882374985054433035e-04 4.784551061196324652e-03
3.212178477540758234e-03 0.000000000000000000e+00 1.361825079484847625e-03 1.421354971962272709e-04 2.805759120006801922e-03
0.000000000000000000e+00 0.000000000000000000e+00 8.557997666361886373e-05 7.403562583113585879e-04 1.150043213937995039e-03
0.000000000000000000e+00 0.000000000000000000e+00 0.000000000000000000e+00 5.808639498945336209e-04 4.022814507707359434e-04
0.000000000000000000e+00 0.000000000000000000e+00 0.000000000000000000e+00 0.000000000000000000e+00 0.000000000000000000e+00
0.000000000000000000e+00 0.000000000000000000e+00 0.000000000000000000e+00 0.000000000000000000e+00 0.000000000000000000e+00
0.000000000000000000e+00 0.000000000000000000e+00 0.000000000000000000e+00 0.000000000000000000e+00 0.000000000000000000e+00
0.000000000000000000e+00 0.000000000000000000e+00 0.000000000000000000e+00 0.000000000000000000e+00 0.000000000000000000e+00
0.000000000000000000e+00 0.000000000000000000e+00 0.000000000000000000e+00 0.000000000000000000e+00 0.000000000000000000e+00
2.295002355847148982e-04 0.000000000000000000e+00 8.741846348893925417e-04 0.000000000000000000e+00 6.032494208975037369e-04
3.411856901139860652e-04 0.000000000000000000e+00 1.083045921528516834e-03 0.000000000000000000e+00 1.257772666271614152e-03
4.305368543290534369e-04 0.000000000000000000e+00 7.167799749031859196e-04 0.000000000000000000e+00 5.783926061973797619e-03
1.064496679240611952e-03 0.000000000000000000e+00 0.000000000000000000e+00 0.000000000000000000e+00 7.199218687025352691e-03
2.425627998914078268e-03 0.000000000000000000e+00 1.032755949569400976e-03 0.000000000000000000e+00 8.756752680795055338e-03
4.290564028966059769e-03 0.000000000000000000e+00 3.092375002071493656e-03 0.000000000000000000e+00 9.733084237570743813e-03
5.429688578771222143e-03 0.000000000000000000e+00 4.526697092924978141e-03 4.536720458652876989e-05 1.273111674376904527e-02
4.994355306457859758e-03 0.000000000000000000e+00 4.594954913334150549e-03 3.121850750355445112e-03 1.175220330266293911e-02
8.105628662606509729e-03 0.000000000000000000e+00 1.012803013222653929e-03 4.076622031385832533e-03 2.120513930686171791e-02
4.898813612828392325e-03 0.000000000000000000e+00 0.000000000000000000e+00 5.557525908714188757e-03 4.578384990287223677e-02
0.000000000000000000e+00 0.000000000000000000e+00 0.000000000000000000e+00 1.060847090284145790e-02 6.708699624647555815e-02
0.000000000000000000e+00 2.373186195626639933e-02 0.000000000000000000e+00 1.955966715057371949e-02 9.265077321298952062e-02
0.000000000000000000e+00 7.623263527545433293e-02 0.000000000000000000e+00 4.107511722270425214e-02 8.905369882113528535e-02
0.000000000000000000e+00 1.231721879424886451e-01 0.000000000000000000e+00 7.281454025551642451e-02 4.502434227918188786e-02
1.511672821954354422e-02 1.141026149094697406e-01 1.648269972871953259e-02 8.643110710257964624e-02 0.000000000000000000e+00
6.974081705829585087e-02 5.246272639604024346e-02 7.610656921689590293e-02 6.629937286490175663e-02 0.000000000000000000e+00
1.014126758908571596e-01 0.000000000000000000e+00 9.980149476544197817e-02 2.619582539510378200e-02 0.000000000000000000e+00
8.726583876484958480e-02 0.000000000000000000e+00 7.430387037929403471e-02 0.000000000000000000e+00 2.742502455525971505e-03
4.629580592849282666e-02 0.000000000000000000e+00 2.987675362420801409e-02 2.464719244509448910e-03 2.206928066534293194e-03
1.491572368502503548e-02 0.000000000000000000e+00 7.125426131959006031e-03 0.000000000000000000e+00 5.693511105040486783e-03
6.345415480087045722e-04 0.000000000000000000e+00 2.111439888681635336e-03 1.570921152728126232e-03 3.157455609401386108e-03
0.000000000000000000e+00 0.000000000000000000e+00 0.000000000000000000e+00 1.717292698655827022e-03 2.583734123146221376e-03
0.000000000000000000e+00 0.000000000000000000e+00 0.000000000000000000e+00 1.668796265435538951e-03 1.085885010042865169e-03
0.000000000000000000e+00 2.166372263156370321e-06 0.000000000000000000e+00 3.753833632454183574e-04 0.000000000000000000e+00
0.000000000000000000e+00 0.000000000000000000e+00 0.000000000000000000e+00 0.000000000000000000e+00 0.000000000000000000e+00
0.000000000000000000e+00 0.000000000000000000e+00 0.000000000000000000e+00 0.000000000000000000e+00 0.000000000000000000e+00
0.000000000000000000e+00 0.000000000000000000e+00 0.000000000000000000e+00 0.000000000000000000e+00 0.000000000000000000e+00
0.000000000000000000e+00 0.000000000000000000e+00 0.000000000000000000e+00 0.000000000000000000e+00 0.000000000000000000e+00
3.649107683729426658e-04 0.000000000000000000e+00 1.036073890914566064e-03 0.000000000000000000e+00 6.176162321832616344e-04
5.014559978484670923e-04 0.000000000000000000e+00 1.015783262139835367e-03 0.000000000000000000e+00 7.173588060410954941e-04
7.110263312455908716e-04 0.000000000000000000e+00 3.848232006039198263e-04 1.185592691657387439e-04 1.451455320708570527e-03
1.591653404950548302e-03 0.000000000000000000e+00 2.563985879869269636e-04 2.515875492201776181e-03 1.361543352337638230e-03
3.145144301681818740e-03 0.000000000000000000e+00 1.297004157252959824e-03 7.690687130970443562e-03 1.533124637408586925e-03
5.142049456006178229e-03 0.000000000000000000e+00 2.192826282203598747e-03 1.446570698527508032e-02 2.471596415596833806e-03
6.036151936216956407e-03 0.000000000000000000e+00 2.342572594616338223e-04 2.266315060169333401e-02 5.009790025409520051e-03
5.723625048062129343e-03 0.000000000000000000e+00 0.000000000000000000e+00 3.198539599743856904e-02 7.367075536300496906e-03
4.652893152345427899e-03 0.000000000000000000e+00 0.000000000000000000e+00 4.127081818747076886e-02 2.134854593214272067e-02
9.418930838729743914e-04 0.000000000000000000e+00 0.000000000000000000e+00 4.803045070386952747e-02 4.340158016497951132e-02
0.000000000000000000e+00 1.655272071542759904e-02 0.000000000000000000e+00 5.378924948799683470e-02 6.292473920923627451e-02
0.000000000000000000e+00 5.454393387257131659e-02 0.000000000000000000e+00 6.002436292305992488e-02 7.239201919658763695e-02
0.000000000000000000e+00 9.964517340583242677e-02 0.000000000000000000e+00 7.727778245591225559e-02 5.547047188766986853e-02
2.224120588509586813e-02 1.229094525857468562e-01 0.000000000000000000e+00 9.075374351864372302e-02 1.741557151177166446e-02
6.047774912907453310e-02 8.546692369350611385e-02 2.739610965983158009e-02 8.029107677543383115e-02 0.000000000000000000e+00
8.865025148109884068e-02 1.930040405704880682e-02 9.007706849539104388e-02 5.293577671858466782e-02 0.000000000000000000e+00
8.524726803083247650e-02 0.000000000000000000e+00 1.055251515817781649e-01 2.212396374085477679e-02 0.000000000000000000e+00
5.195903681532956786e-02 0.000000000000000000e+00 7.503217356676143701e-02 6.859060733420953467e-03 3.697801470093939162e-03
2.094905195097674158e-02 0.000000000000000000e+00 2.973269306449004973e-02 5.580164382778031798e-03 3.515670623433531181e-03
3.463536241920788655e-03 0.000000000000000000e+00 7.924125101786748046e-03 3.346951477414462483e-03 5.966674821981774249e-03
0.000000000000000000e+00 0.000000000000000000e+00 2.073982849560027618e-03 6.105767244908871620e-03 2.962452586637263907e-03
0.000000000000000000e+00 0.000000000000000000e+00 0.000000000000000000e+00 4.394406658495305165e-03 2.423322804105642204e-03
0.000000000000000000e+00 0.000000000000000000e+00 0.000000000000000000e+00 1.372583281997486263e-03 2.271855705184064062e-03
0.000000000000000000e+00 1.201783153283780239e-06 0.000000000000000000e+00 2.082418657419841653e-04 0.000000000000000000e+00
0.000000000000000000e+00 0.000000000000000000e+00 0.000000000000000000e+00 0.000000000000000000e+00 0.000000000000000000e+00
0.000000000000000000e+00 0.000000000000000000e+00 0.000000000000000000e+00 0.000000000000000000e+00 0.000000000000000000e+00
0.000000000000000000e+00 0.000000000000000000e+00 0.000000000000000000e+00 0.000000000000000000e+00 0.000000000000000000e+00
0.000000000000000000e+00 0.000000000000000000e+00 0.000000000000000000e+00 0.000000000000000000e+00 0.000000000000000000e+00
2.804006652283356723e-04 0.000000000000000000e+00 4.066825500296134964e-04 0.000000000000000000e+00 1.531350413368355828e-04
1.034354031066393297e-03 0.000000000000000000e+00 4.173795264115619133e-04 6.673785021100251541e-04 1.635146472162728919e-05
2.348358012095130062e-03 0.000000000000000000e+00 0.000000000000000000e+00 4.852274361961078468e-03 0.000000000000000000e+00
5.565203559611639483e-03 0.000000000000000000e+00 0.000000000000000000e+00 1.681281371512508699e-02 0.000000000000000000e+00
9.235481446839820599e-03 0.000000000000000000e+00 0.000000000000000000e+00 3.480233686584561364e-02 0.000000000000000000e+00
1.197190706015328204e-02 0.000000000000000000e+00 0.000000000000000000e+00 5.654680982334110012e-02 0.000000000000000000e+00
1.275119630035069680e-02 0.000000000000000000e+00 0.000000000000000000e+00 8.058383648299061175e-02 0.000000000000000000e+00
7.996320319983978020e-03 0.000000000000000000e+00 0.000000000000000000e+00 1.033850215391766553e-01 0.000000000000000000e+00
6.380982914566602458e-03 0.000000000000000000e+00 0.000000000000000000e+00 1.199332554189726091e-01 1.392670373481072130e-02
2.290813708949809933e-03 1.351235098863689740e-02 0.000000000000000000e+00 1.259151466617322856e-01 2.870392743788535359e-02
1.494756444200195803e-03 4.169551875500311644e-02 0.000000000000000000e+00 1.235132626142031037e-01 4.437123380446084814e-02
6.376153354205588326e-03 8.200560511835758293e-02 0.000000000000000000e+00 1.218321548558383427e-01 3.875120167416088585e-02
2.811775138774407629e-02 1.123972105982908865e-01 0.000000000000000000e+00 1.159150188617838889e-01 1.686355412322816660e-02
6.072670650048282021e-02 1.005383677944223647e-01 0.000000000000000000e+00 1.036396292283851689e-01 0.000000000000000000e+00
8.366247152245542829e-02 4.338453701380300814e-02 5.883567854538811898e-02 7.442946012356305152e-02 0.000000000000000000e+00
7.965451104418838635e-02 0.000000000000000000e+00 1.102381229261303469e-01 5.008313977669705958e-02 0.000000000000000000e+00
5.389741487195209152e-02 0.000000000000000000e+00 1.095109370249864461e-01 2.565642702715606460e-02 1.576147176293829543e-03
2.246135005294037576e-02 0.000000000000000000e+00 6.786711716687955642e-02 1.482879139400316432e-02 8.617912579457060601e-03
5.118653274664830728e-03 0.000000000000000000e+00 2.376347922602475848e-02 1.119773061353686663e-02 7.272015021144038506e-03
0.000000000000000000e+00 0.000000000000000000e+00 6.208542584220287652e-03 6.714139813685239024e-03 7.364528499883275792e-03
0.000000000000000000e+00 0.000000000000000000e+00 2.091824871059101525e-03 7.336213162486939117e-03 5.664405660881673132e-03
0.000000000000000000e+00 0.000000000000000000e+00 1.188984597547605932e-03 5.179743249572519442e-03 6.231807792646044952e-03
0.000000000000000000e+00 0.000000000000000000e+00 1.112913918965334698e-04 3.419175654095621191e-04 3.822738325675862584e-03
0.000000000000000000e+00 0.000000000000000000e+00 0.000000000000000000e+00 3.142162280392769434e-04 4.307664278363396680e-04
0.000000000000000000e+00 0.000000000000000000e+00 0.000000000000000000e+00 0.000000000000000000e+00 0.000000000000000000e+00
0.000000000000000000e+00 0.000000000000000000e+00 0.000000000000000000e+00 0.000000000000000000e+00 0.000000000000000000e+00
0.000000000000000000e+00 0.000000000000000000e+00 0.000000000000000000e+00 0.000000000000000000e+00 0.000000000000000000e+00
0.000000000000000000e+00 0.000000000000000000e+00 0.000000000000000000e+00 0.000000000000000000e+00 0.000000000000000000e+00
6.551452627271873259e-04 0.000000000000000000e+00 0.000000000000000000e+00 6.173592947926540963e-04 0.000000000000000000e+00
2.958684906095302575e-03 0.000000000000000000e+00 0.000000000000000000e+00 4.709258362784119606e-03 0.000000000000000000e+00
9.244265265847402893e-03 0.000000000000000000e+00 0.000000000000000000e+00 2.140544401851652082e-02 0.000000000000000000e+00
1.571377838416115544e-02 0.000000000000000000e+00 0.000000000000000000e+00 4.885904790207026144e-02 0.000000000000000000e+00
2.262614055971854179e-02 0.000000000000000000e+00 0.000000000000000000e+00 8.660297651370520156e-02 0.000000000000000000e+00
2.339185600153538200e-02 0.000000000000000000e+00 0.000000000000000000e+00 1.174785998108703600e-01 0.000000000000000000e+00
2.071462243823029431e-02 0.000000000000000000e+00 1.619584444847922472e-03 1.439854649074346904e-01 0.000000000000000000e+00
2.144253537266485946e-02 0.000000000000000000e+00 7.085123048477402243e-03 1.552608060119161637e-01 2.282335338768773803e-03
2.330726223407778366e-02 1.146267066472137636e-02 6.253435168958133838e-03 1.564747086617725991e-01 1.808354185087557991e-02
2.571222262550866555e-02 3.692196776626160970e-02 0.000000000000000000e+00 1.553342617437638296e-01 2.837493479710436958e-02
3.432158574232220538e-02 7.451863350723986201e-02 0.000000000000000000e+00 1.443674269019054324e-01 3.049251356812644753e-02
4.632384437963504159e-02 9.798519276558452507e-02 0.000000000000000000e+00 1.369408355417505996e-01 1.797761792264614480e-02
6.575949865940142192e-02 9.542849077180309836e-02 0.000000000000000000e+00 1.175881205919368372e-01 9.029781355008101654e-03
8.132762987853221770e-02 5.840463147859949189e-02 3.576467460215693867e-02 9.578125389794017730e-02 7.757065241429402999e-03
7.437203297304433025e-02 6.521684947515410564e-03 9.538971376432557603e-02 7.892832140690490828e-02 8.450814751080951842e-03
4.528103749303596243e-02 0.000000000000000000e+00 1.262095178108990079e-01 6.363443842998608990e-02 2.914168256621070714e-03
1.595963595331400739e-02 0.000000000000000000e+00 1.016725191825061242e-01 4.953971558388906710e-02 6.666673964392263660e-03
0.000000000000000000e+00 0.000000000000000000e+00 5.902176540477912375e-02 3.631380816933435507e-02 1.216187089470529767e-02
0.000000000000000000e+00 0.000000000000000000e+00 2.222399448870266900e-02 2.452057858461353587e-02 1.466361082320592236e-02
0.000000000000000000e+00 0.000000000000000000e+00 7.750667419249293415e-03 1.798149723306111114e-02 1.825226580034478713e-02
0.000000000000000000e+00 0.000000000000000000e+00 1.143079114638994882e-03 1.655852729112377436e-02 1.927295677664556464e-02
0.000000000000000000e+00 0.000000000000000000e+00 0.000000000000000000e+00 8.813778618962972433e-03 1.776504750070465044e-02
0.000000000000000000e+00 0.000000000000000000e+00 0.000000000000000000e+00 2.036553629925726139e-03 9.244638205960017605e-03
0.000000000000000000e+00 0.000000000000000000e+00 0.000000000000000000e+00 8.749482475361251279e-04 3.708324350985095410e-03
0.000000000000000000e+00 0.000000000000000000e+00 0.000000000000000000e+00 0.000000000000000000e+00 0.000000000000000000e+00
0.000000000000000000e+00 0.000000000000000000e+00 0.000000000000000000e+00 0.000000000000000000e+00 0.000000000000000000e+00
0.000000000000000000e+00 0.000000000000000000e+00 0.000000000000000000e+00 0.000000000000000000e+00 0.000000000000000000e+00
0.000000000000000000e+00 0.000000000000000000e+00 0.000000000000000000e+00 0.000000000000000000e+00 0.000000000000000000e+00
1.973070398816814154e-03 0.000000000000000000e+00 0.000000000000000000e+00 3.044597253876286328e-03 0.000000000000000000e+00
1.226043195387420057e-02 0.000000000000000000e+00 0.000000000000000000e+00 1.434710716942929828e-02 0.000000000000000000e+00
2.653941358483338439e-02 0.000000000000000000e+00 0.000000000000000000e+00 4.391725301784283469e-02 0.000000000000000000e+00
4.003316746592538306e-02 0.000000000000000000e+00 0.000000000000000000e+00 8.508683329795048433e-02 0.000000000000000000e+00
3.986223118894264422e-02 0.000000000000000000e+00 4.251584104396323276e-03 1.222591199356655306e-01 0.000000000000000000e+00
3.419899318168155566e-02 0.000000000000000000e+00 2.170642869515376078e-02 1.409198829849355461e-01 0.000000000000000000e+00
2.765064454709701205e-02 0.000000000000000000e+00 3.761142609257024649e-02 1.446463882395399581e-01 1.291326189447507787e-02
2.604562182312226970e-02 1.258030504879819982e-02 3.540487345518027879e-02 1.406074395197700055e-01 3.369270539898709671e-02
3.667839544391740536e-02 3.780923429710121575e-02 2.417370582909413382e-02 1.278237809621934062e-01 4.909982979469967174e-02
5.279625022689159869e-02 6.829511991128880966e-02 1.098114315948853920e-02 1.120507413424780413e-01 5.427294184482728268e-02
6.713407109100359704e-02 8.914959791233172115e-02 3.798592093578463929e-03 1.061170544484194705e-01 4.699742709227695825e-02
7.906821060392119072e-02 8.754428632194113935e-02 1.309122644199837114e-02 1.020232072274975116e-01 3.965817376346381096e-02
8.471193820385936046e-02 6.077221384490530398e-02 3.967047845764760244e-02 9.686302547552176623e-02 3.546006000112023049e-02
7.697912257177952355e-02 1.778608210356561262e-02 8.228294288711723858e-02 9.193836886899248162e-02 3.690988003645787052e-02
5.143822592580394454e-02 0.000000000000000000e+00 1.153008311884929915e-01 9.020541330635867272e-02 3.191772057520546324e-02
1.585158022472125255e-02 0.000000000000000000e+00 1.164899451222290994e-01 8.687342039892752277e-02 2.890601378784908929e-02
0.000000000000000000e+00 0.000000000000000000e+00 7.812079450716453988e-02 8.552050943181713216e-02 3.031388596078109926e-02
0.000000000000000000e+00 0.000000000000000000e+00 4.564695498746500907e-02 7.288984576888175859e-02 3.502941011405596300e-02
0.000000000000000000e+00 0.000000000000000000e+00 2.189290777473284350e-02 5.719696324817325622e-02 3.781736504735878218e-02
0.000000000000000000e+00 0.000000000000000000e+00 5.907217160983717005e-03 4.381701168850861416e-02 4.388838663278837871e-02
0.000000000000000000e+00 0.000000000000000000e+00 0.000000000000000000e+00 3.340691286541790789e-02 4.347195070479887430e-02
0.000000000000000000e+00 0.000000000000000000e+00 0.000000000000000000e+00 2.337102389036803049e-02 3.558185785414352820e-02
0.000000000000000000e+00 0.000000000000000000e+00 0.000000000000000000e+00 7.782045598196635910e-03 2.003425565024423080e-02
0.000000000000000000e+00 0.000000000000000000e+00 0.000000000000000000e+00 2.043439197658579367e-03 6.312472124632568550e-03
0.000000000000000000e+00 0.000000000000000000e+00 0.000000000000000000e+00 0.000000000000000000e+00 0.000000000000000000e+00
0.000000000000000000e+00 0.000000000000000000e+00 0.000000000000000000e+00 0.000000000000000000e+00 0.000000000000000000e+00
0.000000000000000000e+00 0.000000000000000000e+00 0.000000000000000000e+00 0.000000000000000000e+00 0.000000000000000000e+00
0.000000000000000000e+00 0.000000000000000000e+00 0.000000000000000000e+00 0.000000000000000000e+00 0.000000000000000000e+00
7.210141962992454648e-03 0.000000000000000000e+00 0.000000000000000000e+00 7.842057531170742307e-03 0.000000000000000000e+00
2.976799249027059155e-02 0.000000000000000000e+00 0.000000000000000000e+00 2.391666737758078864e-02 0.000000000000000000e+00
5.466950901601284885e-02 0.000000000000000000e+00 0.000000000000000000e+00 6.371818185492315878e-02 0.000000000000000000e+00
5.647523892401570128e-02 0.000000000000000000e+00 4.913238469941566891e-03 1.094767932846753972e-01 0.000000000000000000e+00
4.469849694084099961e-02 0.000000000000000000e+00 2.984504105706512964e-02 1.296921178888756354e-01 3.521902261814173572e-03
3.028108473475734502e-02 0.000000000000000000e+00 5.281457837838174352e-02 1.261523613674906674e-01 2.561577982458726824e-02
2.363842051886161019e-02 1.442698574854435999e-02 5.569047855539729225e-02 1.092925564521021464e-01 5.101820180093450535e-02
3.356285450254262864e-02 4.095353235316104290e-02 3.628093510947282690e-02 8.411240152603233211e-02 7.425916332277834875e-02
5.644151735966006916e-02 7.279270196892929923e-02 1.347994344778520072e-02 6.237917820976760647e-02 8.271759431628311621e-02
8.379809897353979187e-02 8.862708293246501778e-02 1.477733875332954945e-03 4.978217802075077941e-02 8.495985470228380187e-02
9.836250589046634241e-02 8.659290524658891375e-02 8.370722370678559607e-03 5.420595105803555774e-02 7.783014701221205311e-02
1.008683553727590110e-01 6.085240402778190061e-02 3.701466567776605376e-02 5.616665094641379308e-02 7.742543851091242268e-02
8.740846859555591319e-02 2.587546782660369790e-02 7.356796444497921972e-02 6.748493745377177888e-02 7.432439590025423370e-02
6.484182944061255005e-02 0.000000000000000000e+00 1.054779393880398569e-01 7.543940863544046360e-02 6.643167383398075609e-02
3.782279647171123832e-02 0.000000000000000000e+00 1.150489080647798257e-01 8.330511005491933463e-02 6.127386101308982674e-02
9.428454407819347044e-03 0.000000000000000000e+00 9.157130734513804771e-02 9.545591507176473534e-02 5.605910912641929450e-02
0.000000000000000000e+00 0.000000000000000000e+00 5.617796657961132006e-02 1.043339165980675665e-01 5.575794570798542349e-02
0.000000000000000000e+00 0.000000000000000000e+00 3.138159983801135783e-02 9.824306432768152575e-02 6.224719699726800198e-02
0.000000000000000000e+00 0.000000000000000000e+00 1.200362121604903187e-02 8.720057498183279854e-02 6.832417639478785554e-02
0.000000000000000000e+00 0.000000000000000000e+00 2.680954941617613458e-03 7.108449221677812235e-02 7.053612302150297220e-02
0.000000000000000000e+00 0.000000000000000000e+00 0.000000000000000000e+00 5.252284684006108123e-02 6.467901030482410552e-02
0.000000000000000000e+00 0.000000000000000000e+00 0.000000000000000000e+00 3.459074088821105508e-02 5.151953692064315665e-02
0.000000000000000000e+00 0.000000000000000000e+00 0.000000000000000000e+00 1.226184900727024345e-02 2.971171632723139736e-02
0.000000000000000000e+00 0.000000000000000000e+00 0.000000000000000000e+00 3.120724583098500107e-03 7.630933955235982662e-03
0.000000000000000000e+00 0.000000000000000000e+00 0.000000000000000000e+00 9.241652448652713011e-05 1.816409122047637679e-04
0.000000000000000000e+00 0.000000000000000000e+00 0.000000000000000000e+00 0.000000000000000000e+00 0.000000000000000000e+00
0.000000000000000000e+00 0.000000000000000000e+00 0.000000000000000000e+00 0.000000000000000000e+00 0.000000000000000000e+00
0.000000000000000000e+00 0.000000000000000000e+00 0.000000000000000000e+00 0.000000000000000000e+00 0.000000000000000000e+00
1.513366162239918392e-02 0.000000000000000000e+00 0.000000000000000000e+00 1.072900945357889609e-02 0.000000000000000000e+00
5.357584757183744828e-02 0.000000000000000000e+00 0.000000000000000000e+00 3.030010786592754121e-02 0.000000000000000000e+00
8.059217222130507507e-02 0.000000000000000000e+00 0.000000000000000000e+00 6.453132167301905975e-02 0.000000000000000000e+00
6.552151248704803088e-02 0.000000000000000000e+00 2.557028901270376117e-02 1.087042154213814504e-01 0.000000000000000000e+00
4.195942895386434168e-02 0.000000000000000000e+00 4.840032763734750804e-02 1.260795056965926531e-01 1.274008812334809573e-02
2.433745069653606846e-02 1.601890066784400143e-02 5.225680078755250840e-02 1.136100285496501744e-01 4.320027760991650839e-02
3.177267832562891831e-02 4.666946910499319978e-02 2.988267603152845731e-02 8.486565651124346188e-02 6.774451659949026761e-02
5.314267195002227162e-02 7.920725317564236700e-02 2.139800492333174091e-04 5.744581544856722927e-02 8.319633170060791727e-02
8.811108327334651880e-02 9.241084445325077612e-02 0.000000000000000000e+00 3.484406575645077747e-02 9.210126084927232337e-02
1.081344633942716016e-01 9.084939408742907785e-02 0.000000000000000000e+00 2.880295018695008119e-02 9.194893270965243115e-02
1.104621887696180527e-01 6.817598505993296976e-02 1.748313205477512386e-02 2.580703804458304301e-02 1.000295916402003243e-01
9.369375708670803216e-02 3.788035394239303022e-02 6.321010469023449763e-02 2.450722046823137004e-02 1.059749650119674869e-01
7.104645868663651831e-02 1.415907738032676742e-02 1.050504601674406985e-01 2.415759863778130581e-02 1.056184626978926289e-01
5.365065242909119320e-02 1.167800838649164308e-03 1.216659696630770504e-01 3.087106959063322734e-02 1.002200959773797834e-01
3.977601762979625366e-02 0.000000000000000000e+00 1.066826915678443927e-01 4.752393613965506802e-02 9.631369711302503744e-02
2.903785791553379139e-02 0.000000000000000000e+00 7.378093160667367756e-02 6.523793413510647898e-02 9.237657171432812897e-02
1.067899388648648785e-02 0.000000000000000000e+00 4.606438690668726577e-02 7.886008902212968130e-02 8.498867657994818581e-02
0.000000000000000000e+00 0.000000000000000000e+00 2.375403933598338804e-02 8.501176076112740287e-02 8.683549389476237501e-02
0.000000000000000000e+00 0.000000000000000000e+00 1.043340778978265118e-02 7.923061093555471002e-02 9.070098600781734133e-02
0.000000000000000000e+00 0.000000000000000000e+00 1.820135962005317706e-03 6.618011970419415690e-02 8.728187935350033289e-02
0.000000000000000000e+00 0.000000000000000000e+00 0.000000000000000000e+00 4.744473782813536655e-02 7.877313873497232555e-02
0.000000000000000000e+00 0.000000000000000000e+00 0.000000000000000000e+00 3.135211406411817642e-02 5.558867895583714802e-02
0.000000000000000000e+00 0.000000000000000000e+00 0.000000000000000000e+00 1.233644228618261535e-02 2.470699949672517520e-02
0.000000000000000000e+00 0.000000000000000000e+00 0.000000000000000000e+00 9.827648898764645199e-04 2.724706251257589737e-03
0.000000000000000000e+00 0.000000000000000000e+00 0.000000000000000000e+00 3.776159065040891958e-05 7.421886735248402461e-05
0.000000000000000000e+00 0.000000000000000000e+00 0.000000000000000000e+00 0.000000000000000000e+00 0.000000000000000000e+00
0.000000000000000000e+00 0.000000000000000000e+00 0.000000000000000000e+00 0.000000000000000000e+00 0.000000000000000000e+00
1.582282648015601858e-04 4.452985288027667705e-05 0.000000000000000000e+00 1.406119627807807856e-04 0.000000000000000000e+00
2.615683811868526817e-02 0.000000000000000000e+00 0.000000000000000000e+00 9.959214039855441084e-03 0.000000000000000000e+00
7.412248844096049061e-02 0.000000000000000000e+00 0.000000000000000000e+00 2.157096377828130601e-02 0.000000000000000000e+00
1.006799282686174357e-01 0.000000000000000000e+00 3.189191455533479935e-03 5.195731930872700410e-02 0.000000000000000000e+00
8.806519800700754463e-02 0.000000000000000000e+00 3.513816853874013324e-02 8.994187823105431745e-02 0.000000000000000000e+00
6.374437961658016571e-02 1.422345085786304482e-02 5.113632931760643541e-02 1.061571959171090235e-01 1.490166218955998878e-02
4.823594004455755702e-02 4.386955218351783203e-02 3.771583338006055663e-02 1.038815725794748068e-01 3.619682144160381310e-02
5.868709393772023053e-02 7.796606454345819670e-02 1.205717926721781678e-02 8.068099683703854053e-02 5.779796802168413183e-02
8.412212106180054494e-02 9.712489461584974948e-02 0.000000000000000000e+00 5.235394287624987181e-02 7.435237617960854806e-02
1.049517617577069295e-01 9.665830286999788079e-02 0.000000000000000000e+00 2.853445658282536060e-02 8.201610980054731270e-02
1.062345945611141429e-01 8.299580722146886191e-02 2.071901773258478727e-02 1.004798062467310467e-02 9.177991996484576032e-02
8.277588870335665650e-02 6.122005721481742213e-02 6.902994379564854344e-02 0.000000000000000000e+00 1.007971541063719945e-01
4.654805831106941655e-02 4.101369618740931255e-02 1.180753473818915017e-01 0.000000000000000000e+00 1.064661574999572202e-01
3.785387195540518973e-02 3.177856748820070271e-02 1.281936700500354021e-01 0.000000000000000000e+00 1.051777580922069050e-01
4.524647391818376746e-02 3.505969996013480472e-02 1.107227403170744640e-01 0.000000000000000000e+00 9.904090100824437803e-02
5.495662069406475475e-02 3.959020733440713619e-02 7.802697061311107685e-02 0.000000000000000000e+00 9.325467780052922040e-02
5.614353747771566594e-02 4.009616941190519840e-02 4.972440090138305346e-02 1.165338383416450116e-02 8.876274213572137028e-02
3.664558578591470966e-02 3.775102258413316758e-02 3.572816363087879393e-02 2.755626166114815562e-02 8.552464587364023985e-02
1.846511942054398364e-02 3.792338453370153184e-02 2.190130472300210948e-02 3.846105057918090125e-02 8.043167115197780159e-02
3.156472995420300885e-03 3.590003136406601236e-02 1.063259355988566655e-02 4.142109841603552889e-02 7.557399865894710855e-02
0.000000000000000000e+00 2.987442144375422257e-02 3.757065497093260622e-03 4.081553661687976897e-02 6.452959266680249883e-02
0.000000000000000000e+00 1.827300917060587990e-02 0.000000000000000000e+00 3.456393959970668894e-02 5.276675992085047562e-02
0.000000000000000000e+00 1.035432468693524635e-02 0.000000000000000000e+00 2.050776497956222078e-02 3.589108936424322688e-02
0.000000000000000000e+00 3.331453873637755733e-03 0.000000000000000000e+00 9.122130098104868842e-03 9.503513579307266979e-03
0.000000000000000000e+00 2.495071670469412159e-04 0.000000000000000000e+00 6.813485083263026232e-04 1.004082633488200373e-03
0.000000000000000000e+00 0.000000000000000000e+00 0.000000000000000000e+00 0.000000000000000000e+00 0.000000000000000000e+00
0.000000000000000000e+00 0.000000000000000000e+00 0.000000000000000000e+00 0.000000000000000000e+00 0.000000000000000000e+00
0.000000000000000000e+00 0.000000000000000000e+00 0.000000000000000000e+00 0.000000000000000000e+00 0.000000000000000000e+00
1.051405140402560503e-03 1.491651290822704656e-04 0.000000000000000000e+00 2.459437137286112464e-04 0.000000000000000000e+00
2.952462323595550497e-02 0.000000000000000000e+00 0.000000000000000000e+00 3.359228251979286956e-03 0.000000000000000000e+00
8.149520796507299381e-02 0.000000000000000000e+00 0.000000000000000000e+00 5.058113403952235743e-03 0.000000000000000000e+00
1.149701060014976794e-01 0.000000000000000000e+00 8.570497081457413568e-03 1.968777558362140925e-02 0.000000000000000000e+00
1.149052349563120246e-01 7.815460714436714418e-03 3.871349838458724990e-02 4.513514726934617777e-02 0.000000000000000000e+00
9.504233690740666873e-02 2.859286651622675382e-02 5.837651705254800344e-02 6.310313246333065784e-02 8.470091379906709295e-03
8.099460079394074641e-02 6.218789313164485577e-02 5.805853020716542773e-02 6.258259661080872727e-02 2.364931763992443939e-02
8.349160832407546973e-02 9.387703128684614373e-02 4.590737600664215878e-02 4.534934832740371291e-02 4.133919384031852634e-02
8.639831048632024002e-02 1.081541097294338727e-01 4.557851921809877305e-02 2.556662139855903418e-02 4.837673201788104949e-02
7.999570231407734933e-02 1.054610599776253932e-01 6.465760082979783718e-02 5.617406280117250711e-03 5.716650038713917692e-02
5.116439939460268316e-02 9.180422648320697709e-02 1.049143741352403930e-01 0.000000000000000000e+00 6.582454965713656347e-02
1.797797479509537916e-02 7.562506628007338583e-02 1.406236170617043701e-01 0.000000000000000000e+00 6.968881665370992018e-02
0.000000000000000000e+00 6.922291690728918367e-02 1.443240745332585173e-01 0.000000000000000000e+00 7.012601663062829893e-02
7.069455866421090785e-03 7.104511974235046268e-02 1.197857818807004787e-01 0.000000000000000000e+00 6.441440447070920228e-02
3.221912176273021566e-02 8.128780378898015080e-02 7.865952419995925204e-02 0.000000000000000000e+00 5.838322350253172255e-02
5.193915181633277506e-02 9.127482244933741995e-02 4.409230737670086914e-02 0.000000000000000000e+00 5.335352019222269065e-02
5.785031870750429600e-02 9.228773186544592111e-02 2.791214152021146214e-02 0.000000000000000000e+00 4.944488381685490513e-02
5.038224039658371900e-02 8.694102539093473414e-02 1.850327589632265110e-02 0.000000000000000000e+00 4.921368968573260061e-02
3.307167671958689825e-02 8.093863472541848458e-02 1.473054687721451692e-02 8.801247824289650315e-03 4.429715364299078445e-02
1.406322140805956432e-02 6.807928495524082080e-02 9.481122631540000664e-03 2.180834781508831852e-02 3.430838851231202830e-02
0.000000000000000000e+00 4.867514171181980265e-02 4.962742881673916188e-03 2.534662118551988738e-02 2.875457160908535467e-02
0.000000000000000000e+00 3.235882706334379522e-02 0.000000000000000000e+00 2.360993460939925237e-02 1.921343307928763747e-02
0.000000000000000000e+00 1.699600663359670041e-02 0.000000000000000000e+00 1.373536182769590636e-02 1.070655234343225251e-02
0.000000000000000000e+00 5.172698903131745483e-03 0.000000000000000000e+00 3.834972777095899208e-03 2.133482583601190290e-03
0.000000000000000000e+00 9.939963534080354225e-05 5.541034459125026185e-05 0.000000000000000000e+00 2.121756230117123956e-03
0.000000000000000000e+00 0.000000000000000000e+00 0.000000000000000000e+00 0.000000000000000000e+00 0.000000000000000000e+00
0.000000000000000000e+00 0.000000000000000000e+00 0.000000000000000000e+00 0.000000000000000000e+00 0.000000000000000000e+00
0.000000000000000000e+00 0.000000000000000000e+00 0.000000000000000000e+00 0.000000000000000000e+00 0.000000000000000000e+00
1.881234336844055327e-03 3.190092319099637071e-04 2.707645564024733554e-04 0.000000000000000000e+00 1.975677772140158842e-04
2.309412360734360362e-02 0.000000000000000000e+00 0.000000000000000000e+00 0.000000000000000000e+00 1.295289702807446604e-03
6.108252592589451246e-02 0.000000000000000000e+00 0.000000000000000000e+00 0.000000000000000000e+00 1.049230222807752237e-03
1.064510718715222376e-01 0.000000000000000000e+00 4.948211067827326323e-03 0.000000000000000000e+00 5.955614309658424253e-04
1.185896077315346242e-01 1.341888843105933961e-02 3.531871061189622435e-02 0.000000000000000000e+00 2.244182163756485750e-03
1.073716123382687654e-01 4.119681102184194477e-02 6.911452518883537399e-02 9.501143459833178567e-03 0.000000000000000000e+00
8.790593950714006843e-02 6.919392012442827922e-02 9.118016555588165373e-02 1.148747430851998486e-02 0.000000000000000000e+00
7.066990641810816376e-02 9.544137678410570536e-02 1.058863378439557912e-01 1.854957593728301076e-03 1.111564798674517969e-02
5.128660948341192544e-02 1.060661810543469946e-01 1.212427625608327314e-01 0.000000000000000000e+00 2.160155378255178629e-02
2.373008047041006915e-02 1.066633166029413160e-01 1.406793086561498318e-01 0.000000000000000000e+00 2.658022539380412025e-02
0.000000000000000000e+00 9.464946498506511541e-02 1.579145431533940658e-01 0.000000000000000000e+00 3.101934769665053160e-02
0.000000000000000000e+00 8.635151130183549295e-02 1.470551981393833085e-01 0.000000000000000000e+00 2.914744658692301760e-02
0.000000000000000000e+00 8.690588295826924548e-02 1.142843327680980736e-01 0.000000000000000000e+00 2.331496561672387682e-02
0.000000000000000000e+00 9.079248041903097144e-02 7.160367213522178531e-02 0.000000000000000000e+00 1.922313275918741127e-02
2.333276933516897217e-02 9.747003676507193237e-02 3.926480993564195054e-02 0.000000000000000000e+00 1.543788105305700549e-02
4.262253168356643779e-02 1.007282070349788256e-01 2.062415390067923182e-02 0.000000000000000000e+00 1.633768252150202480e-02
4.974935685300774929e-02 1.004865620592491487e-01 9.853608406304212308e-03 0.000000000000000000e+00 1.445292356428094609e-02
4.523197305415213587e-02 9.285110104628095662e-02 4.861996451172926649e-03 0.000000000000000000e+00 1.312797174892846482e-02
3.395074514525135700e-02 8.120971058939728537e-02 4.323235006799283284e-03 0.000000000000000000e+00 1.158656217698572979e-02
1.848778490127289328e-02 6.406832625278544024e-02 3.884207355094080206e-03 9.505989781900633928e-03 6.222072661933582098e-03
3.986100990248955117e-03 4.633963096052721997e-02 1.092782649106153635e-03 1.785199931259181041e-02 1.106911907591641734e-03
0.000000000000000000e+00 2.596758724488129957e-02 8.235262281386441412e-04 1.705337475355332005e-02 1.307787928621886560e-03
0.000000000000000000e+00 1.266261006117541839e-02 1.657123257755152654e-03 9.647637796768691529e-03 0.000000000000000000e+00
0.000000000000000000e+00 2.617552411683710979e-03 9.723278914639660580e-04 2.743747916704178651e-03 2.364359973288556046e-04
0.000000000000000000e+00 8.937515189752356177e-05 7.443968327244130853e-05 0.000000000000000000e+00 3.175723811252306196e-04
0.000000000000000000e+00 0.000000000000000000e+00 0.000000000000000000e+00 0.000000000000000000e+00 0.000000000000000000e+00
0.000000000000000000e+00 0.000000000000000000e+00 0.000000000000000000e+00 0.000000000000000000e+00 0.000000000000000000e+00
0.000000000000000000e+00 0.000000000000000000e+00 0.000000000000000000e+00 0.000000000000000000e+00 0.000000000000000000e+00
8.086983118476895457e-04 1.983693835296456212e-04 8.996265878199503170e-04 0.000000000000000000e+00 1.484410786402351088e-04
1.185023802909332576e-02 0.000000000000000000e+00 4.307613404810845610e-04 0.000000000000000000e+00 1.696662203416435212e-03
3.070236993646514520e-02 0.000000000000000000e+00 2.655405373964709031e-03 0.000000000000000000e+00 4.056175291392412341e-03
6.311638642794001330e-02 0.000000000000000000e+00 6.900077289447805254e-03 0.000000000000000000e+00 8.905017619484822261e-03
8.575530045101005527e-02 6.182860113607453398e-03 2.752544900981643283e-02 0.000000000000000000e+00 1.338702584736827482e-02
8.767881869487791080e-02 2.935921322815350162e-02 6.104405188466877075e-02 0.000000000000000000e+00 7.567493984633500391e-03
6.651043343490810333e-02 4.969642731369942890e-02 1.003240350489602306e-01 0.000000000000000000e+00 1.167777143262844781e-03
3.761951468365846984e-02 7.047620305526851314e-02 1.264971365214092869e-01 0.000000000000000000e+00 0.000000000000000000e+00
8.949472242094412208e-03 8.076909246057477343e-02 1.421644564497581420e-01 0.000000000000000000e+00 7.001269062161393289e-03
0.000000000000000000e+00 8.209726958710518441e-02 1.406481395914216947e-01 0.000000000000000000e+00 9.606092576998140342e-03
0.000000000000000000e+00 7.782518987232871222e-02 1.192018395044262963e-01 0.000000000000000000e+00 5.696069585794718074e-03
0.000000000000000000e+00 7.358378429417643252e-02 8.563131506703550166e-02 0.000000000000000000e+00 0.000000000000000000e+00
0.000000000000000000e+00 7.080618574538706522e-02 5.459976803601905571e-02 0.000000000000000000e+00 0.000000000000000000e+00
1.136941039769256284e-03 6.940060169839407100e-02 3.197310376761442613e-02 0.000000000000000000e+00 0.000000000000000000e+00
1.630864072673367249e-02 6.808643556814160391e-02 1.936088661901022925e-02 0.000000000000000000e+00 0.000000000000000000e+00
2.951257210986835133e-02 6.763360749275559858e-02 1.254913603194709494e-02 0.000000000000000000e+00 1.740918015348081683e-04
3.396410516002286439e-02 6.498505479067299972e-02 1.009574974151891159e-02 0.000000000000000000e+00 0.000000000000000000e+00
2.873870653706368447e-02 5.684789896434538914e-02 5.531850549351928145e-03 0.000000000000000000e+00 0.000000000000000000e+00
2.027686860220935874e-02 4.904936571411536161e-02 3.807686694860051672e-03 0.000000000000000000e+00 0.000000000000000000e+00
1.318581228182930110e-02 3.857265867835307088e-02 3.108844899098226356e-03 6.058501828389065667e-03 0.000000000000000000e+00
4.848795643129334872e-03 2.611839578442244278e-02 2.329761141675455727e-03 8.109413529313391072e-03 0.000000000000000000e+00
0.000000000000000000e+00 1.320005434474904454e-02 1.426489875249941069e-03 6.324877613454587925e-03 2.356693786171209712e-03
0.000000000000000000e+00 6.486121710638857729e-03 1.666508277558888772e-03 5.338097991298649918e-03 0.000000000000000000e+00
0.000000000000000000e+00 1.426452490914199194e-03 1.393096496373499946e-03 1.694876185119572991e-03 0.000000000000000000e+00
0.000000000000000000e+00 9.284923080521187530e-05 2.423835365367796454e-04 0.000000000000000000e+00 1.085838715122259831e-05
0.000000000000000000e+00 0.000000000000000000e+00 0.000000000000000000e+00 0.000000000000000000e+00 0.000000000000000000e+00
0.000000000000000000e+00 0.000000000000000000e+00 0.000000000000000000e+00 0.000000000000000000e+00 0.000000000000000000e+00
0.000000000000000000e+00 0.000000000000000000e+00 0.000000000000000000e+00 0.000000000000000000e+00 0.000000000000000000e+00
0.000000000000000000e+00 0.000000000000000000e+00 0.000000000000000000e+00 0.000000000000000000e+00 0.000000000000000000e+00
1.525900241848623115e-03 0.000000000000000000e+00 0.000000000000000000e+00 0.000000000000000000e+00 1.742202195986672624e-04
8.253499677645955920e-03 0.000000000000000000e+00 0.000000000000000000e+00 0.000000000000000000e+00 3.082266400437709639e-03
1.951251672499593193e-02 0.000000000000000000e+00 2.709949840047213340e-03 0.000000000000000000e+00 8.009952174901201899e-03
3.242280266958420809e-02 0.000000000000000000e+00 1.240054061683974578e-02 0.000000000000000000e+00 1.395350475391217426e-02
3.318830699881894497e-02 6.185230746526434314e-03 2.879663449608267298e-02 0.000000000000000000e+00 1.366128697705278755e-02
2.322141928760947799e-02 1.569665675225499768e-02 4.752979413329075364e-02 0.000000000000000000e+00 1.054142944656018092e-02
9.093683571949876324e-03 2.660976794492068975e-02 6.150839733212081634e-02 0.000000000000000000e+00 7.146466628443311035e-03
0.000000000000000000e+00 3.391645406688716807e-02 6.103911292699672198e-02 0.000000000000000000e+00 4.989649953136056706e-03
0.000000000000000000e+00 3.744841596410655032e-02 4.927691105853514164e-02 0.000000000000000000e+00 2.985569892887158291e-03
0.000000000000000000e+00 3.646919716042652110e-02 3.498178403658649266e-02 0.000000000000000000e+00 2.589960774958816178e-04
0.000000000000000000e+00 3.499776253397852283e-02 1.793545208420227119e-02 0.000000000000000000e+00 0.000000000000000000e+00
0.000000000000000000e+00 3.254342265447977833e-02 7.555435541003696805e-03 0.000000000000000000e+00 0.000000000000000000e+00
2.395903011728672729e-03 2.887715620209674663e-02 4.478619568506909607e-03 0.000000000000000000e+00 0.000000000000000000e+00
8.583659705420418687e-03 2.743342940860344845e-02 3.387997329567593065e-03 0.000000000000000000e+00 0.000000000000000000e+00
1.352694185522787876e-02 2.330815582703619007e-02 3.580061296375213267e-03 0.000000000000000000e+00 0.000000000000000000e+00
1.328868066991691424e-02 2.045036705571510321e-02 1.894912593658855480e-03 0.000000000000000000e+00 2.689048406685109723e-04
9.522849448014895912e-03 1.582132969373166442e-02 2.585172513567416189e-03 0.000000000000000000e+00 3.172628974059502147e-03
6.622115743625234772e-03 1.197324557913807298e-02 3.239408076460194123e-03 0.000000000000000000e+00 6.147790043360448244e-03
4.463965295743627798e-03 9.823785492577140344e-03 3.539325372274867900e-03 0.000000000000000000e+00 5.888066307723581819e-03
3.902718747529900726e-04 7.346641410303013028e-03 3.561595525303342356e-03 4.485448610721521592e-04 5.234463420044914612e-03
0.000000000000000000e+00 2.381471413075741169e-03 2.913739995742982685e-03 0.000000000000000000e+00 5.181644124185676506e-03
0.000000000000000000e+00 4.983106019275096443e-04 9.226798488552262695e-05 0.000000000000000000e+00 1.822849749496399272e-03
0.000000000000000000e+00 2.090663268932429640e-04 1.118053618470220766e-04 0.000000000000000000e+00 1.205078729249292400e-05
0.000000000000000000e+00 0.000000000000000000e+00 3.016200501015034062e-04 0.000000000000000000e+00 3.856391441154308642e-04
0.000000000000000000e+00 0.000000000000000000e+00 0.000000000000000000e+00 0.000000000000000000e+00 0.000000000000000000e+00
0.000000000000000000e+00 0.000000000000000000e+00 0.000000000000000000e+00 0.000000000000000000e+00 0.000000000000000000e+00
0.000000000000000000e+00 0.000000000000000000e+00 0.000000000000000000e+00 0.000000000000000000e+00 0.000000000000000000e+00
0.000000000000000000e+00 0.000000000000000000e+00 0.000000000000000000e+00 0.000000000000000000e+00 0.000000000000000000e+00
2.991602254185725634e-04 0.000000000000000000e+00 0.000000000000000000e+00 0.000000000000000000e+00 7.320204057680476900e-05
1.257907534880418335e-03 0.000000000000000000e+00 1.498112446048626973e-04 0.000000000000000000e+00 8.614785347430473084e-04
2.107947521956613987e-03 0.000000000000000000e+00 5.355279595790431212e-04 0.000000000000000000e+00 1.721179710348632978e-03
4.388434030729739151e-03 0.000000000000000000e+00 1.682016178861253869e-03 0.000000000000000000e+00 4.950053437202868792e-03
5.313052909702810009e-03 4.779795922201503190e-04 2.497313088054316579e-03 0.000000000000000000e+00 5.511331120857715718e-03
3.742783215102119670e-03 6.544899477924802020e-04 4.444995157054953440e-03 0.000000000000000000e+00 4.722470040575221448e-03
2.114928586462489542e-03 7.347198121605749005e-04 6.031673546719582349e-03 0.000000000000000000e+00 3.456128768500310849e-03
1.121908460320263697e-03 1.442014824191200891e-03 5.996058570454472145e-03 0.000000000000000000e+00 4.457038634296923117e-03
1.040165145122978318e-03 3.292376965988993726e-03 3.506733275349495534e-03 0.000000000000000000e+00 3.094951898290281000e-03
1.003362953532059348e-03 4.024051431116448807e-03 2.570642861785776140e-03 0.000000000000000000e+00 2.469934233959973375e-03
7.429790821785904869e-04 4.227955397861558190e-03 2.146845373316836302e-03 0.000000000000000000e+00 2.257906311635666553e-03
3.169062419565477247e-04 4.915784683437458835e-03 4.465322312714452182e-04 0.000000000000000000e+00 0.000000000000000000e+00
9.393626461841910174e-04 3.905484931581164072e-03 2.471362912335983947e-04 0.000000000000000000e+00 1.643855114484875439e-05
1.767689994001549062e-03 3.317285597790798745e-03 2.109903634941746582e-04 0.000000000000000000e+00 1.059064184431580003e-03
1.383893081316153652e-03 2.160679148929081726e-03 1.162698758270724192e-03 0.000000000000000000e+00 2.827108159525045135e-03
7.676124618400187926e-04 1.757796256816645695e-03 8.689023031943360212e-04 0.000000000000000000e+00 3.119092890322147128e-03
5.568618052727151210e-04 7.758251078601812421e-04 8.050999399799551844e-04 0.000000000000000000e+00 3.227822799457564801e-03
6.852854830101155151e-04 6.165980785761112151e-04 3.633750185521477565e-04 0.000000000000000000e+00 2.961753084065236671e-03
4.679905421076395369e-04 1.047211186596550616e-04 5.816178891836953002e-04 0.000000000000000000e+00 2.572848691205077525e-03
0.000000000000000000e+00 6.518554158256097960e-08 1.822822386754149740e-03 0.000000000000000000e+00 2.105078591014807217e-03
5.822351074176724655e-05 0.000000000000000000e+00 1.450405896635675526e-03 0.000000000000000000e+00 2.077410214601789051e-03
1.379507661783714719e-04 0.000000000000000000e+00 3.563537162898950815e-04 0.000000000000000000e+00 1.467774922114090195e-03
9.070616352191640408e-06 3.913920958286353806e-06 0.000000000000000000e+00 0.000000000000000000e+00 1.459358704546522912e-04
0.000000000000000000e+00 0.000000000000000000e+00 0.000000000000000000e+00 0.000000000000000000e+00 0.000000000000000000e+00
0.000000000000000000e+00 0.000000000000000000e+00 0.000000000000000000e+00 0.000000000000000000e+00 0.000000000000000000e+00
0.000000000000000000e+00 0.000000000000000000e+00 0.000000000000000000e+00 0.000000000000000000e+00 0.000000000000000000e+00
0.000000000000000000e+00 0.000000000000000000e+00 0.000000000000000000e+00 0.000000000000000000e+00 0.000000000000000000e+00
0.000000000000000000e+00 0.000000000000000000e+00 0.000000000000000000e+00 0.000000000000000000e+00 0.000000000000000000e+00
0.000000000000000000e+00 0.000000000000000000e+00 0.000000000000000000e+00 0.000000000000000000e+00 0.000000000000000000e+00
0.000000000000000000e+00 0.000000000000000000e+00 0.000000000000000000e+00 0.000000000000000000e+00 0.000000000000000000e+00
0.000000000000000000e+00 0.000000000000000000e+00 0.000000000000000000e+00 0.000000000000000000e+00 0.000000000000000000e+00
0.000000000000000000e+00 0.000000000000000000e+00 0.000000000000000000e+00 0.000000000000000000e+00 0.000000000000000000e+00
0.000000000000000000e+00 0.000000000000000000e+00 0.000000000000000000e+00 0.000000000000000000e+00 0.000000000000000000e+00
0.000000000000000000e+00 0.000000000000000000e+00 0.000000000000000000e+00 0.000000000000000000e+00 0.000000000000000000e+00
0.000000000000000000e+00 0.000000000000000000e+00 0.000000000000000000e+00 0.000000000000000000e+00 0.000000000000000000e+00
0.000000000000000000e+00 0.000000000000000000e+00 0.000000000000000000e+00 0.000000000000000000e+00 0.000000000000000000e+00
0.000000000000000000e+00 0.000000000000000000e+00 0.000000000000000000e+00 0.000000000000000000e+00 0.000000000000000000e+00
0.000000000000000000e+00 0.000000000000000000e+00 0.000000000000000000e+00 0.000000000000000000e+00 0.000000000000000000e+00
0.000000000000000000e+00 0.000000000000000000e+00 0.000000000000000000e+00 0.000000000000000000e+00 0.000000000000000000e+00
0.000000000000000000e+00 0.000000000000000000e+00 0.000000000000000000e+00 0.000000000000000000e+00 0.000000000000000000e+00
0.000000000000000000e+00 0.000000000000000000e+00 0.000000000000000000e+00 0.000000000000000000e+00 0.000000000000000000e+00
0.000000000000000000e+00 0.000000000000000000e+00 0.000000000000000000e+00 0.000000000000000000e+00 0.000000000000000000e+00
0.000000000000000000e+00 0.000000000000000000e+00 7.079199796344611397e-05 0.000000000000000000e+00 7.939030189697799484e-05
0.000000000000000000e+00 0.000000000000000000e+00 5.001112114191851336e-04 0.000000000000000000e+00 5.608540682399409949e-04
0.000000000000000000e+00 0.000000000000000000e+00 5.777540478952223864e-04 0.000000000000000000e+00 6.479273025785625391e-04
0.000000000000000000e+00 0.000000000000000000e+00 2.534810249658883598e-04 0.000000000000000000e+00 2.842685003407922992e-04
0.000000000000000000e+00 0.000000000000000000e+00 0.000000000000000000e+00 0.000000000000000000e+00 0.000000000000000000e+00
0.000000000000000000e+00 0.000000000000000000e+00 0.000000000000000000e+00 0.000000000000000000e+00 0.000000000000000000e+00
0.000000000000000000e+00 0.000000000000000000e+00 0.000000000000000000e+00 0.000000000000000000e+00 0.000000000000000000e+00
0.000000000000000000e+00 0.000000000000000000e+00 0.000000000000000000e+00 0.000000000000000000e+00 0.000000000000000000e+00
0.000000000000000000e+00 0.000000000000000000e+00 0.000000000000000000e+00 0.000000000000000000e+00 0.000000000000000000e+00
0.000000000000000000e+00 0.000000000000000000e+00 0.000000000000000000e+00 0.000000000000000000e+00 0.000000000000000000e+00
0.000000000000000000e+00 0.000000000000000000e+00 0.000000000000000000e+00 0.000000000000000000e+00 0.000000000000000000e+00
0.000000000000000000e+00 0.000000000000000000e+00 0.000000000000000000e+00 0.000000000000000000e+00 0.000000000000000000e+00
0.000000000000000000e+00 0.000000000000000000e+00 0.000000000000000000e+00 0.000000000000000000e+00 0.000000000000000000e+00
0.000000000000000000e+00 0.000000000000000000e+00 0.000000000000000000e+00 0.000000000000000000e+00 0.000000000000000000e+00
0.000000000000000000e+00 0.000000000000000000e+00 0.000000000000000000e+00 0.000000000000000000e+00 0.000000000000000000e+00
0.000000000000000000e+00 0.000000000000000000e+00 0.000000000000000000e+00 0.000000000000000000e+00 0.000000000000000000e+00
0.000000000000000000e+00 0.000000000000000000e+00 0.000000000000000000e+00 0.000000000000000000e+00 0.000000000000000000e+00
0.000000000000000000e+00 0.000000000000000000e+00 0.000000000000000000e+00 0.000000000000000000e+00 0.000000000000000000e+00
0.000000000000000000e+00 0.000000000000000000e+00 0.000000000000000000e+00 0.000000000000000000e+00 0.000000000000000000e+00
0.000000000000000000e+00 0.000000000000000000e+00 0.000000000000000000e+00 0.000000000000000000e+00 0.000000000000000000e+00
0.000000000000000000e+00 0.000000000000000000e+00 0.000000000000000000e+00 0.000000000000000000e+00 0.000000000000000000e+00
0.000000000000000000e+00 0.000000000000000000e+00 0.000000000000000000e+00 0.000000000000000000e+00 0.000000000000000000e+00
0.000000000000000000e+00 0.000000000000000000e+00 0.000000000000000000e+00 0.000000000000000000e+00 0.000000000000000000e+00
0.000000000000000000e+00 0.000000000000000000e+00 0.000000000000000000e+00 0.000000000000000000e+00 0.000000000000000000e+00
0.000000000000000000e+00 0.000000000000000000e+00 0.000000000000000000e+00 0.000000000000000000e+00 0.000000000000000000e+00
0.000000000000000000e+00 0.000000000000000000e+00 0.000000000000000000e+00 0.000000000000000000e+00 0.000000000000000000e+00
0.000000000000000000e+00 0.000000000000000000e+00 0.000000000000000000e+00 0.000000000000000000e+00 0.000000000000000000e+00
0.000000000000000000e+00 0.000000000000000000e+00 0.000000000000000000e+00 0.000000000000000000e+00 0.000000000000000000e+00
0.000000000000000000e+00 0.000000000000000000e+00 0.000000000000000000e+00 0.000000000000000000e+00 0.000000000000000000e+00
0.000000000000000000e+00 0.000000000000000000e+00 0.000000000000000000e+00 0.000000000000000000e+00 0.000000000000000000e+00
0.000000000000000000e+00 0.000000000000000000e+00 0.000000000000000000e+00 0.000000000000000000e+00 0.000000000000000000e+00
0.000000000000000000e+00 0.000000000000000000e+00 0.000000000000000000e+00 0.000000000000000000e+00 0.000000000000000000e+00
0.000000000000000000e+00 0.000000000000000000e+00 0.000000000000000000e+00 0.000000000000000000e+00 0.000000000000000000e+00
0.000000000000000000e+00 0.000000000000000000e+00 0.000000000000000000e+00 0.000000000000000000e+00 0.000000000000000000e+00
0.000000000000000000e+00 0.000000000000000000e+00 0.000000000000000000e+00 0.000000000000000000e+00 0.000000000000000000e+00
0.000000000000000000e+00 0.000000000000000000e+00 0.000000000000000000e+00 0.000000000000000000e+00 0.000000000000000000e+00
0.000000000000000000e+00 0.000000000000000000e+00 0.000000000000000000e+00 0.000000000000000000e+00 0.000000000000000000e+00
0.000000000000000000e+00 0.000000000000000000e+00 0.000000000000000000e+00 0.000000000000000000e+00 0.000000000000000000e+00
0.000000000000000000e+00 0.000000000000000000e+00 0.000000000000000000e+00 0.000000000000000000e+00 0.000000000000000000e+00
0.000000000000000000e+00 0.000000000000000000e+00 0.000000000000000000e+00 0.000000000000000000e+00 0.000000000000000000e+00
0.000000000000000000e+00 0.000000000000000000e+00 0.000000000000000000e+00 0.000000000000000000e+00 0.000000000000000000e+00
0.000000000000000000e+00 0.000000000000000000e+00 0.000000000000000000e+00 0.000000000000000000e+00 0.000000000000000000e+00
0.000000000000000000e+00 0.000000000000000000e+00 0.000000000000000000e+00 0.000000000000000000e+00 0.000000000000000000e+00
0.000000000000000000e+00 0.000000000000000000e+00 0.000000000000000000e+00 0.000000000000000000e+00 0.000000000000000000e+00
0.000000000000000000e+00 0.000000000000000000e+00 0.000000000000000000e+00 0.000000000000000000e+00 0.000000000000000000e+00
0.000000000000000000e+00 0.000000000000000000e+00 0.000000000000000000e+00 0.000000000000000000e+00 0.000000000000000000e+00
0.000000000000000000e+00 0.000000000000000000e+00 0.000000000000000000e+00 0.000000000000000000e+00 0.000000000000000000e+00
0.000000000000000000e+00 0.000000000000000000e+00 0.000000000000000000e+00 0.000000000000000000e+00 0.000000000000000000e+00
0.000000000000000000e+00 0.000000000000000000e+00 0.000000000000000000e+00 0.000000000000000000e+00 0.000000000000000000e+00
0.000000000000000000e+00 0.000000000000000000e+00 0.000000000000000000e+00 0.000000000000000000e+00 0.000000000000000000e+00
0.000000000000000000e+00 0.000000000000000000e+00 0.000000000000000000e+00 0.000000000000000000e+00 0.000000000000000000e+00
0.000000000000000000e+00 0.000000000000000000e+00 0.000000000000000000e+00 0.000000000000000000e+00 0.000000000000000000e+00
0.000000000000000000e+00 0.000000000000000000e+00 0.000000000000000000e+00 0.000000000000000000e+00 0.000000000000000000e+00
0.000000000000000000e+00 0.000000000000000000e+00 0.000000000000000000e+00 0.000000000000000000e+00 0.000000000000000000e+00
0.000000000000000000e+00 0.000000000000000000e+00 0.000000000000000000e+00 0.000000000000000000e+00 0.000000000000000000e+00
0.000000000000000000e+00 0.000000000000000000e+00 0.000000000000000000e+00 0.000000000000000000e+00 0.000000000000000000e+00
0.000000000000000000e+00 0.000000000000000000e+00 0.000000000000000000e+00 0.000000000000000000e+00 0.000000000000000000e+00
0.000000000000000000e+00 0.000000000000000000e+00 0.000000000000000000e+00 0.000000000000000000e+00 0.000000000000000000e+00
0.000000000000000000e+00 0.000000000000000000e+00 0.000000000000000000e+00 0.000000000000000000e+00 0.000000000000000000e+00
0.000000000000000000e+00 0.000000000000000000e+00 0.000000000000000000e+00 0.000000000000000000e+00 0.000000000000000000e+00
0.000000000000000000e+00 0.000000000000000000e+00 0.000000000000000000e+00 0.000000000000000000e+00 0.000000000000000000e+00
0.000000000000000000e+00 0.000000000000000000e+00 0.000000000000000000e+00 0.000000000000000000e+00 0.000000000000000000e+00
0.000000000000000000e+00 0.000000000000000000e+00 0.000000000000000000e+00 0.000000000000000000e+00 0.000000000000000000e+00
0.000000000000000000e+00 0.000000000000000000e+00 0.000000000000000000e+00 0.000000000000000000e+00 0.000000000000000000e+00
0.000000000000000000e+00 0.000000000000000000e+00 0.000000000000000000e+00 0.000000000000000000e+00 0.000000000000000000e+00
0.000000000000000000e+00 0.000000000000000000e+00 0.000000000000000000e+00 0.000000000000000000e+00 0.000000000000000000e+00
0.000000000000000000e+00 0.000000000000000000e+00 0.000000000000000000e+00 0.000000000000000000e+00 0.000000000000000000e+00
