405.88849544525146
0.000000000000000000e+00 0.000000000000000000e+00 0.000000000000000000e+00 0.000000000000000000e+00 0.000000000000000000e+00
0.000000000000000000e+00 0.000000000000000000e+00 0.000000000000000000e+00 0.000000000000000000e+00 0.000000000000000000e+00
0.000000000000000000e+00 0.000000000000000000e+00 0.000000000000000000e+00 0.000000000000000000e+00 0.000000000000000000e+00
0.000000000000000000e+00 0.000000000000000000e+00 0.000000000000000000e+00 0.000000000000000000e+00 0.000000000000000000e+00
0.000000000000000000e+00 0.000000000000000000e+00 0.000000000000000000e+00 0.000000000000000000e+00 0.000000000000000000e+00
0.000000000000000000e+00 0.000000000000000000e+00 0.000000000000000000e+00 0.000000000000000000e+00 0.000000000000000000e+00
0.000000000000000000e+00 0.000000000000000000e+00 0.000000000000000000e+00 0.000000000000000000e+00 0.000000000000000000e+00
0.000000000000000000e+00 0.000000000000000000e+00 0.000000000000000000e+00 0.000000000000000000e+00 0.000000000000000000e+00
0.000000000000000000e+00 0.000000000000000000e+00 0.000000000000000000e+00 0.000000000000000000e+00 0.000000000000000000e+00
0.000000000000000000e+00 0.000000000000000000e+00 0.000000000000000000e+00 0.000000000000000000e+00 0.000000000000000000e+00
0.000000000000000000e+00 0.000000000000000000e+00 0.000000000000000000e+00 0.000000000000000000e+00 0.000000000000000000e+00
0.000000000000000000e+00 0.000000000000000000e+00 0.000000000000000000e+00 0.000000000000000000e+00 0.000000000000000000e+00
0.000000000000000000e+00 0.000000000000000000e+00 0.000000000000000000e+00 0.000000000000000000e+00 0.000000000000000000e+00
0.000000000000000000e+00 0.000000000000000000e+00 0.000000000000000000e+00 0.000000000000000000e+00 0.000000000000000000e+00
0.000000000000000000e+00 0.000000000000000000e+00 0.000000000000000000e+00 0.000000000000000000e+00 0.000000000000000000e+00
0.000000000000000000e+00 0.000000000000000000e+00 0.000000000000000000e+00 0.000000000000000000e+00 0.000000000000000000e+00
0.000000000000000000e+00 0.000000000000000000e+00 0.000000000000000000e+00 0.000000000000000000e+00 0.000000000000000000e+00
0.000000000000000000e+00 0.000000000000000000e+00 0.000000000000000000e+00 0.000000000000000000e+00 0.000000000000000000e+00
0.000000000000000000e+00 0.000000000000000000e+00 0.000000000000000000e+00 0.000000000000000000e+00 0.000000000000000000e+00
0.000000000000000000e+00 0.000000000000000000e+00 0.000000000000000000e+00 0.000000000000000000e+00 0.000000000000000000e+00
0.000000000000000000e+00 0.000000000000000000e+00 0.000000000000000000e+00 0.000000000000000000e+00 0.000000000000000000e+00
0.000000000000000000e+00 0.000000000000000000e+00 0.000000000000000000e+00 0.000000000000000000e+00 0.000000000000000000e+00
0.000000000000000000e+00 0.000000000000000000e+00 0.000000000000000000e+00 0.000000000000000000e+00 0.000000000000000000e+00
0.000000000000000000e+00 0.000000000000000000e+00 0.000000000000000000e+00 0.000000000000000000e+00 0.000000000000000000e+00
0.000000000000000000e+00 0.000000000000000000e+00 0.000000000000000000e+00 0.000000000000000000e+00 0.000000000000000000e+00
0.000000000000000000e+00 0.000000000000000000e+00 0.000000000000000000e+00 0.000000000000000000e+00 0.000000000000000000e+00
0.000000000000000000e+00 0.000000000000000000e+00 0.000000000000000000e+00 0.000000000000000000e+00 0.000000000000000000e+00
0.000000000000000000e+00 0.000000000000000000e+00 0.000000000000000000e+00 0.000000000000000000e+00 0.000000000000000000e+00
0.000000000000000000e+00 0.000000000000000000e+00 0.000000000000000000e+00 0.000000000000000000e+00 0.000000000000000000e+00
0.000000000000000000e+00 0.000000000000000000e+00 0.000000000000000000e+00 0.000000000000000000e+00 0.000000000000000000e+00
0.000000000000000000e+00 0.000000000000000000e+00 0.000000000000000000e+00 0.000000000000000000e+00 0.000000000000000000e+00
0.000000000000000000e+00 0.000000000000000000e+00 0.000000000000000000e+00 0.000000000000000000e+00 0.000000000000000000e+00
0.000000000000000000e+00 0.000000000000000000e+00 0.000000000000000000e+00 0.000000000000000000e+00 0.000000000000000000e+00
0.000000000000000000e+00 0.000000000000000000e+00 0.000000000000000000e+00 0.000000000000000000e+00 0.000000000000000000e+00
0.000000000000000000e+00 0.000000000000000000e+00 0.000000000000000000e+00 0.000000000000000000e+00 0.000000000000000000e+00
0.000000000000000000e+00 0.000000000000000000e+00 0.000000000000000000e+00 0.000000000000000000e+00 0.000000000000000000e+00
0.000000000000000000e+00 0.000000000000000000e+00 0.000000000000000000e+00 0.000000000000000000e+00 0.000000000000000000e+00
0.000000000000000000e+00 0.000000000000000000e+00 0.000000000000000000e+00 0.000000000000000000e+00 0.000000000000000000e+00
0.000000000000000000e+00 0.000000000000000000e+00 0.000000000000000000e+00 0.000000000000000000e+00 0.000000000000000000e+00
0.000000000000000000e+00 0.000000000000000000e+00 0.000000000000000000e+00 0.000000000000000000e+00 0.000000000000000000e+00
0.000000000000000000e+00 0.000000000000000000e+00 0.000000000000000000e+00 0.000000000000000000e+00 0.000000000000000000e+00
0.000000000000000000e+00 0.000000000000000000e+00 0.000000000000000000e+00 0.000000000000000000e+00 0.000000000000000000e+00
0.000000000000000000e+00 0.000000000000000000e+00 0.000000000000000000e+00 0.000000000000000000e+00 0.000000000000000000e+00
0.000000000000000000e+00 0.000000000000000000e+00 0.000000000000000000e+00 0.000000000000000000e+00 0.000000000000000000e+00
0.000000000000000000e+00 0.000000000000000000e+00 0.000000000000000000e+00 0.000000000000000000e+00 0.000000000000000000e+00
0.000000000000000000e+00 0.000000000000000000e+00 0.000000000000000000e+00 0.000000000000000000e+00 0.000000000000000000e+00
0.000000000000000000e+00 0.000000000000000000e+00 0.000000000000000000e+00 0.000000000000000000e+00 0.000000000000000000e+00
0.000000000000000000e+00 0.000000000000000000e+00 0.000000000000000000e+00 0.000000000000000000e+00 0.000000000000000000e+00
0.000000000000000000e+00 0.000000000000000000e+00 0.000000000000000000e+00 0.000000000000000000e+00 0.000000000000000000e+00
0.000000000000000000e+00 0.000000000000000000e+00 0.000000000000000000e+00 0.000000000000000000e+00 0.000000000000000000e+00
0.000000000000000000e+00 0.000000000000000000e+00 0.000000000000000000e+00 0.000000000000000000e+00 0.000000000000000000e+00
0.000000000000000000e+00 0.000000000000000000e+00 0.000000000000000000e+00 0.000000000000000000e+00 0.000000000000000000e+00
0.000000000000000000e+00 0.000000000000000000e+00 0.000000000000000000e+00 0.000000000000000000e+00 0.000000000000000000e+00
0.000000000000000000e+00 0.000000000000000000e+00 0.000000000000000000e+00 0.000000000000000000e+00 0.000000000000000000e+00
0.000000000000000000e+00 0.000000000000000000e+00 0.000000000000000000e+00 0.000000000000000000e+00 0.000000000000000000e+00
0.000000000000000000e+00 0.000000000000000000e+00 0.000000000000000000e+00 0.000000000000000000e+00 0.000000000000000000e+00
0.000000000000000000e+00 0.000000000000000000e+00 0.000000000000000000e+00 0.000000000000000000e+00 0.000000000000000000e+00
0.000000000000000000e+00 0.000000000000000000e+00 0.000000000000000000e+00 0.000000000000000000e+00 0.000000000000000000e+00
0.000000000000000000e+00 0.000000000000000000e+00 0.000000000000000000e+00 0.000000000000000000e+00 0.000000000000000000e+00
0.000000000000000000e+00 0.000000000000000000e+00 0.000000000000000000e+00 0.000000000000000000e+00 0.000000000000000000e+00
0.000000000000000000e+00 0.000000000000000000e+00 0.000000000000000000e+00 0.000000000000000000e+00 0.000000000000000000e+00
0.000000000000000000e+00 0.000000000000000000e+00 0.000000000000000000e+00 0.000000000000000000e+00 0.000000000000000000e+00
0.000000000000000000e+00 0.000000000000000000e+00 0.000000000000000000e+00 0.000000000000000000e+00 0.000000000000000000e+00
0.000000000000000000e+00 0.000000000000000000e+00 0.000000000000000000e+00 0.000000000000000000e+00 0.000000000000000000e+00
0.000000000000000000e+00 0.000000000000000000e+00 0.000000000000000000e+00 0.000000000000000000e+00 0.000000000000000000e+00
0.000000000000000000e+00 0.000000000000000000e+00 0.000000000000000000e+00 0.000000000000000000e+00 0.000000000000000000e+00
0.000000000000000000e+00 8.783063827758890861e-05 0.000000000000000000e+00 1.482859722114892459e-04 0.000000000000000000e+00
0.000000000000000000e+00 2.123056971414844136e-04 0.000000000000000000e+00 4.043194762289233643e-04 0.000000000000000000e+00
0.000000000000000000e+00 1.711954329234704726e-04 0.000000000000000000e+00 4.988912897363304184e-04 2.635144838856039743e-05
0.000000000000000000e+00 7.977265807609434445e-05 0.000000000000000000e+00 5.038579171475901031e-04 2.874376510358920048e-05
0.000000000000000000e+00 1.343707229699782932e-04 0.000000000000000000e+00 8.138006017587025949e-04 0.000000000000000000e+00
0.000000000000000000e+00 1.505085499314697635e-04 0.000000000000000000e+00 7.714850958125344781e-04 0.000000000000000000e+00
0.000000000000000000e+00 1.580566937509421161e-04 0.000000000000000000e+00 7.965383738473869220e-04 0.000000000000000000e+00
0.000000000000000000e+00 1.549054682666295684e-04 0.000000000000000000e+00 7.737062852086549602e-04 0.000000000000000000e+00
0.000000000000000000e+00 1.018470183963939214e-04 0.000000000000000000e+00 4.609336731788028080e-04 0.000000000000000000e+00
0.000000000000000000e+00 3.523267299455042561e-05 0.000000000000000000e+00 1.505425504283270050e-04 7.321563100689829666e-07
0.000000000000000000e+00 4.172290223038866592e-06 0.000000000000000000e+00 1.782740728756501296e-05 8.670272092922130418e-08
0.000000000000000000e+00 0.000000000000000000e+00 0.000000000000000000e+00 0.000000000000000000e+00 0.000000000000000000e+00
0.000000000000000000e+00 0.000000000000000000e+00 0.000000000000000000e+00 0.000000000000000000e+00 0.000000000000000000e+00
0.000000000000000000e+00 0.000000000000000000e+00 0.000000000000000000e+00 0.000000000000000000e+00 0.000000000000000000e+00
0.000000000000000000e+00 0.000000000000000000e+00 0.000000000000000000e+00 0.000000000000000000e+00 0.000000000000000000e+00
0.000000000000000000e+00 0.000000000000000000e+00 0.000000000000000000e+00 0.000000000000000000e+00 0.000000000000000000e+00
0.000000000000000000e+00 0.000000000000000000e+00 0.000000000000000000e+00 0.000000000000000000e+00 0.000000000000000000e+00
0.000000000000000000e+00 0.000000000000000000e+00 0.000000000000000000e+00 0.000000000000000000e+00 0.000000000000000000e+00
0.000000000000000000e+00 0.000000000000000000e+00 0.000000000000000000e+00 0.000000000000000000e+00 0.000000000000000000e+00
0.000000000000000000e+00 0.000000000000000000e+00 0.000000000000000000e+00 0.000000000000000000e+00 0.000000000000000000e+00
0.000000000000000000e+00 0.000000000000000000e+00 0.000000000000000000e+00 0.000000000000000000e+00 0.000000000000000000e+00
0.000000000000000000e+00 0.000000000000000000e+00 0.000000000000000000e+00 0.000000000000000000e+00 0.000000000000000000e+00
0.000000000000000000e+00 1.799741124125220052e-06 8.196657312581233970e-06 0.000000000000000000e+00 1.463868870590536739e-05
0.000000000000000000e+00 3.383495844072451401e-04 4.097203544828720929e-05 4.048888610544800534e-04 0.000000000000000000e+00
0.000000000000000000e+00 4.639856153837077879e-04 1.133280096211072521e-04 5.459102456331120859e-04 0.000000000000000000e+00
0.000000000000000000e+00 9.074856739071608452e-04 2.183208107587713816e-04 9.799497942573982736e-04 0.000000000000000000e+00
0.000000000000000000e+00 1.444329414116847640e-03 3.547752990421203755e-04 2.586153242772965682e-03 0.000000000000000000e+00
0.000000000000000000e+00 2.070795632327819720e-03 7.974618810537788304e-04 4.886801027625002625e-03 0.000000000000000000e+00
0.000000000000000000e+00 2.433326487617043943e-03 1.491498716059856547e-03 7.480319218635222804e-03 0.000000000000000000e+00
0.000000000000000000e+00 2.735662270603183340e-03 2.361914553824127298e-03 1.302503315071986724e-02 0.000000000000000000e+00
0.000000000000000000e+00 2.511982921270753972e-03 2.972669734923594903e-03 1.721664123350937284e-02 0.000000000000000000e+00
0.000000000000000000e+00 2.014430483609905374e-03 3.080234626773461527e-03 2.007708480977276819e-02 0.000000000000000000e+00
0.000000000000000000e+00 1.951527131536645717e-03 2.299103678203754265e-03 2.252767998397171498e-02 0.000000000000000000e+00
0.000000000000000000e+00 1.877909333260106232e-03 8.738359166139811124e-04 2.176716803627124289e-02 2.141104390376093874e-03
0.000000000000000000e+00 1.623317608300298143e-03 1.617603516707929599e-04 1.837521656277963863e-02 3.902836957574213738e-03
0.000000000000000000e+00 1.545713796611685028e-03 0.000000000000000000e+00 1.419405193972197131e-02 4.771679058167274841e-03
0.000000000000000000e+00 1.237172195429264493e-03 0.000000000000000000e+00 8.772380625186279243e-03 4.446973590211698857e-03
0.000000000000000000e+00 9.315382348713166071e-04 0.000000000000000000e+00 5.197218917514010057e-03 3.551746937813838462e-03
0.000000000000000000e+00 6.354046577506559197e-04 0.000000000000000000e+00 3.833632553564393555e-03 2.646517234137110448e-03
0.000000000000000000e+00 2.394887613158527210e-04 0.000000000000000000e+00 1.192155695914346846e-03 1.373186674499550812e-03
0.000000000000000000e+00 8.231306570441826128e-05 0.000000000000000000e+00 1.294822300628513834e-04 3.816500623184560935e-04
0.000000000000000000e+00 0.000000000000000000e+00 0.000000000000000000e+00 0.000000000000000000e+00 0.000000000000000000e+00
0.000000000000000000e+00 0.000000000000000000e+00 0.000000000000000000e+00 0.000000000000000000e+00 0.000000000000000000e+00
0.000000000000000000e+00 0.000000000000000000e+00 0.000000000000000000e+00 0.000000000000000000e+00 0.000000000000000000e+00
0.000000000000000000e+00 0.000000000000000000e+00 0.000000000000000000e+00 0.000000000000000000e+00 0.000000000000000000e+00
0.000000000000000000e+00 0.000000000000000000e+00 0.000000000000000000e+00 0.000000000000000000e+00 0.000000000000000000e+00
0.000000000000000000e+00 0.000000000000000000e+00 0.000000000000000000e+00 0.000000000000000000e+00 0.000000000000000000e+00
0.000000000000000000e+00 0.000000000000000000e+00 6.829935667534999910e-06 0.000000000000000000e+00 2.853759839828708621e-05
0.000000000000000000e+00 0.000000000000000000e+00 0.000000000000000000e+00 0.000000000000000000e+00 0.000000000000000000e+00
0.000000000000000000e+00 5.786717706644744190e-05 6.726593063613424685e-06 0.000000000000000000e+00 1.744983469664290464e-05
0.000000000000000000e+00 1.094193426808481385e-03 0.000000000000000000e+00 4.275450113117656927e-04 0.000000000000000000e+00
0.000000000000000000e+00 5.225444693373681483e-03 0.000000000000000000e+00 2.296328752282274493e-03 0.000000000000000000e+00
0.000000000000000000e+00 1.120780678401789299e-02 1.215526467919970975e-03 2.621009120178049902e-03 0.000000000000000000e+00
0.000000000000000000e+00 2.099299075790599101e-02 5.053223115777620914e-03 3.881483348053391472e-03 0.000000000000000000e+00
0.000000000000000000e+00 3.219169333666001276e-02 1.284749095398399037e-02 5.691166982507935360e-03 0.000000000000000000e+00
0.000000000000000000e+00 4.037242701858992366e-02 2.562028265771261817e-02 7.330004783557443962e-03 0.000000000000000000e+00
0.000000000000000000e+00 4.293809436603442109e-02 4.413330011360412641e-02 9.842627076965128341e-03 0.000000000000000000e+00
0.000000000000000000e+00 3.913977769929345013e-02 6.272547774886226557e-02 1.761901536002359950e-02 0.000000000000000000e+00
0.000000000000000000e+00 3.145962149022556859e-02 7.807374311877750273e-02 2.317325889996320679e-02 0.000000000000000000e+00
0.000000000000000000e+00 2.289227957730980215e-02 8.629103471235048672e-02 2.569496232645020195e-02 6.176763985465170449e-03
0.000000000000000000e+00 1.223434780559094770e-02 8.350295805953533712e-02 2.515407796939974835e-02 2.342988871737520379e-02
0.000000000000000000e+00 3.506865842132949815e-03 7.181526542070271191e-02 2.233702260657006652e-02 4.382600931290057261e-02
0.000000000000000000e+00 0.000000000000000000e+00 5.128562264771612672e-02 1.743462908701806993e-02 6.071945577579570402e-02
0.000000000000000000e+00 0.000000000000000000e+00 2.980000877616458335e-02 1.066997264334131751e-02 6.831331964402026502e-02
0.000000000000000000e+00 0.000000000000000000e+00 1.284985242154869541e-02 6.705139437067110519e-03 6.332093006152317294e-02
0.000000000000000000e+00 0.000000000000000000e+00 2.520864422612840820e-03 5.523881970177974866e-03 4.668292861844489799e-02
0.000000000000000000e+00 0.000000000000000000e+00 0.000000000000000000e+00 3.929919917286843305e-03 2.651251718325289483e-02
0.000000000000000000e+00 4.697794236876264625e-04 0.000000000000000000e+00 3.631445965654558558e-03 1.145277592992249675e-02
0.000000000000000000e+00 4.576748534871348984e-04 0.000000000000000000e+00 1.404549494180438703e-03 3.876704777581248870e-03
0.000000000000000000e+00 1.289776539984540066e-05 5.306871153533628715e-05 4.919415768797866379e-06 1.035025002107055922e-04
0.000000000000000000e+00 0.000000000000000000e+00 0.000000000000000000e+00 0.000000000000000000e+00 0.000000000000000000e+00
0.000000000000000000e+00 0.000000000000000000e+00 0.000000000000000000e+00 0.000000000000000000e+00 0.000000000000000000e+00
0.000000000000000000e+00 0.000000000000000000e+00 0.000000000000000000e+00 0.000000000000000000e+00 0.000000000000000000e+00
0.000000000000000000e+00 0.000000000000000000e+00 0.000000000000000000e+00 0.000000000000000000e+00 0.000000000000000000e+00
0.000000000000000000e+00 0.000000000000000000e+00 0.000000000000000000e+00 0.000000000000000000e+00 0.000000000000000000e+00
0.000000000000000000e+00 0.000000000000000000e+00 0.000000000000000000e+00 0.000000000000000000e+00 0.000000000000000000e+00
0.000000000000000000e+00 6.004850028833988940e-06 1.670638044624159015e-05 0.000000000000000000e+00 2.419584531102314539e-05
1.763670285712671247e-05 1.175293047400788370e-03 0.000000000000000000e+00 4.243358374007205250e-05 0.000000000000000000e+00
0.000000000000000000e+00 7.883147420056220780e-03 0.000000000000000000e+00 3.139870644134623036e-04 0.000000000000000000e+00
0.000000000000000000e+00 2.327058867919101076e-02 0.000000000000000000e+00 1.495660337319462078e-03 0.000000000000000000e+00
0.000000000000000000e+00 4.376786814837817924e-02 2.244067097230957424e-03 0.000000000000000000e+00 0.000000000000000000e+00
0.000000000000000000e+00 6.735541200331643386e-02 1.063310636883993930e-02 0.000000000000000000e+00 0.000000000000000000e+00
0.000000000000000000e+00 8.573963076081844714e-02 3.057367538370049653e-02 0.000000000000000000e+00 0.000000000000000000e+00
0.000000000000000000e+00 9.266329236291118154e-02 6.006373366708022549e-02 0.000000000000000000e+00 0.000000000000000000e+00
0.000000000000000000e+00 8.641219452937685952e-02 9.282773475137715002e-02 0.000000000000000000e+00 0.000000000000000000e+00
0.000000000000000000e+00 7.416739830090030017e-02 1.190841684496102837e-01 0.000000000000000000e+00 0.000000000000000000e+00
2.057014752561957000e-03 6.000090907174270710e-02 1.366632691969390523e-01 0.000000000000000000e+00 0.000000000000000000e+00
5.373570165404785610e-03 4.107510454504245678e-02 1.459329266977205386e-01 0.000000000000000000e+00 1.788589150462705640e-02
4.593216791904434181e-03 2.214224490942975215e-02 1.441700487015420418e-01 2.876881027507622858e-05 4.174070793911707766e-02
4.337330490102335912e-04 4.278589343743690807e-03 1.323877243350524424e-01 2.122365399041013529e-03 7.038537707552272593e-02
0.000000000000000000e+00 0.000000000000000000e+00 1.079106006150384600e-01 0.000000000000000000e+00 1.024292721582029386e-01
0.000000000000000000e+00 0.000000000000000000e+00 7.135265978389060404e-02 0.000000000000000000e+00 1.335822287899333383e-01
0.000000000000000000e+00 0.000000000000000000e+00 3.682787485952247752e-02 0.000000000000000000e+00 1.450559247049821032e-01
0.000000000000000000e+00 0.000000000000000000e+00 9.942601647570350337e-03 0.000000000000000000e+00 1.273627638108059401e-01
0.000000000000000000e+00 0.000000000000000000e+00 0.000000000000000000e+00 0.000000000000000000e+00 8.779198052768479033e-02
0.000000000000000000e+00 0.000000000000000000e+00 0.000000000000000000e+00 1.021389410782826091e-03 4.474355023941390536e-02
0.000000000000000000e+00 1.435979067965860629e-04 0.000000000000000000e+00 2.627346155223325101e-03 1.360856972256292534e-02
0.000000000000000000e+00 5.298541834132056432e-05 0.000000000000000000e+00 1.117374409781822378e-03 2.353924466964535476e-03
4.623446202516203726e-05 0.000000000000000000e+00 0.000000000000000000e+00 1.785048259321109633e-04 6.109233963326948314e-05
0.000000000000000000e+00 0.000000000000000000e+00 0.000000000000000000e+00 0.000000000000000000e+00 0.000000000000000000e+00
0.000000000000000000e+00 0.000000000000000000e+00 0.000000000000000000e+00 0.000000000000000000e+00 0.000000000000000000e+00
0.000000000000000000e+00 0.000000000000000000e+00 0.000000000000000000e+00 0.000000000000000000e+00 0.000000000000000000e+00
0.000000000000000000e+00 0.000000000000000000e+00 0.000000000000000000e+00 0.000000000000000000e+00 0.000000000000000000e+00
0.000000000000000000e+00 0.000000000000000000e+00 2.982294638837210378e-06 0.000000000000000000e+00 3.329495713632234036e-07
2.679151151584196642e-05 1.261856135461620221e-04 0.000000000000000000e+00 1.435885197384159824e-04 1.019000855227735623e-05
2.432437572715119112e-04 5.580611451010287355e-03 0.000000000000000000e+00 7.197212332337045828e-04 0.000000000000000000e+00
1.038549328026928693e-03 2.176757459589417909e-02 0.000000000000000000e+00 1.108993926232124377e-03 0.000000000000000000e+00
3.318828869592943889e-03 4.638266429679699376e-02 0.000000000000000000e+00 1.173686644516305734e-03 0.000000000000000000e+00
1.105285638177621113e-02 7.703076356063691399e-02 0.000000000000000000e+00 0.000000000000000000e+00 0.000000000000000000e+00
2.242064422569296084e-02 1.044149092418706626e-01 8.778883915414325417e-03 0.000000000000000000e+00 0.000000000000000000e+00
3.948628322803108409e-02 1.152819926796562061e-01 3.270077223996761123e-02 0.000000000000000000e+00 0.000000000000000000e+00
5.707667831213120851e-02 1.061380461025408090e-01 6.061489253477043287e-02 0.000000000000000000e+00 0.000000000000000000e+00
7.408332917549534380e-02 8.893106493907015908e-02 8.297296937004737527e-02 0.000000000000000000e+00 0.000000000000000000e+00
9.003822933106063464e-02 7.015906080729264471e-02 9.142895610537514484e-02 0.000000000000000000e+00 8.773047207000068091e-04
9.938912284397291574e-02 5.906347211568400285e-02 8.926707610181790209e-02 4.140311915117857178e-03 1.881737654877729121e-02
1.018375018783403141e-01 5.345526805070056897e-02 8.456328836916593428e-02 2.359930068316310955e-02 3.668267105765073144e-02
9.778867206566940751e-02 4.755449647801524016e-02 8.548391339976935122e-02 3.888549733524176294e-02 4.522410131409747985e-02
8.719740842123878399e-02 3.326782899963182105e-02 9.351770853404277328e-02 4.362818105591188822e-02 5.377211547626997018e-02
7.039917561316758055e-02 1.114196382801482289e-02 9.961396444907824610e-02 3.571304614094322760e-02 7.060874931000231391e-02
4.997361336275251559e-02 0.000000000000000000e+00 8.397038294422005944e-02 1.071421119577175250e-02 1.106060668505712691e-01
2.841192238777230997e-02 0.000000000000000000e+00 5.095405323597007596e-02 0.000000000000000000e+00 1.540204704926347867e-01
1.053713531843630639e-02 0.000000000000000000e+00 1.722068320379414527e-02 0.000000000000000000e+00 1.702687090145475202e-01
2.837029273296608894e-03 0.000000000000000000e+00 0.000000000000000000e+00 0.000000000000000000e+00 1.430485757406992631e-01
0.000000000000000000e+00 0.000000000000000000e+00 0.000000000000000000e+00 0.000000000000000000e+00 8.463850151928836718e-02
0.000000000000000000e+00 3.675151912431293046e-04 0.000000000000000000e+00 4.186692535263037557e-03 3.005813410276125114e-02
2.157746043783015670e-05 2.298236340399617398e-04 0.000000000000000000e+00 2.278492308667954061e-03 5.420331391163682629e-03
4.389916478309009425e-05 0.000000000000000000e+00 0.000000000000000000e+00 4.031191848144378563e-04 2.104911995194901910e-04
0.000000000000000000e+00 0.000000000000000000e+00 0.000000000000000000e+00 0.000000000000000000e+00 0.000000000000000000e+00
0.000000000000000000e+00 0.000000000000000000e+00 0.000000000000000000e+00 0.000000000000000000e+00 0.000000000000000000e+00
0.000000000000000000e+00 0.000000000000000000e+00 0.000000000000000000e+00 0.000000000000000000e+00 0.000000000000000000e+00
0.000000000000000000e+00 0.000000000000000000e+00 0.000000000000000000e+00 0.000000000000000000e+00 0.000000000000000000e+00
6.681080466632404484e-06 0.000000000000000000e+00 8.364212144178871237e-07 1.189503740808370850e-04 4.540221294372542068e-05
2.463999689294852670e-06 3.973636020645623457e-04 0.000000000000000000e+00 1.979173989542093047e-04 0.000000000000000000e+00
1.282250513498304611e-03 9.423924452117413142e-03 0.000000000000000000e+00 1.588388368534971676e-03 0.000000000000000000e+00
4.799409937391815352e-03 3.143142657582683602e-02 0.000000000000000000e+00 3.155815839119226109e-03 0.000000000000000000e+00
1.325376133058541774e-02 6.211445300931168340e-02 0.000000000000000000e+00 2.698938495309475410e-03 0.000000000000000000e+00
3.198742572102198506e-02 8.996457796286166930e-02 0.000000000000000000e+00 0.000000000000000000e+00 0.000000000000000000e+00
5.534408366948428276e-02 1.057486392034255457e-01 0.000000000000000000e+00 0.000000000000000000e+00 0.000000000000000000e+00
8.339065347259617955e-02 1.003349626511378240e-01 1.130103688397049271e-02 0.000000000000000000e+00 0.000000000000000000e+00
1.070835029471016303e-01 7.993707720276015116e-02 2.552148231600401621e-02 0.000000000000000000e+00 0.000000000000000000e+00
1.268617785015580812e-01 5.638945325212605525e-02 2.916240713588747618e-02 0.000000000000000000e+00 9.124033670093220638e-03
1.372692406921968700e-01 4.370042165775812892e-02 1.787046718204535894e-02 2.140400460384896467e-02 2.362159371208281261e-02
1.371390617505845178e-01 4.324590038528321884e-02 2.378086927620281978e-03 5.470774650974454673e-02 3.761935884776739653e-02
1.326157058231524077e-01 5.266831392734021289e-02 0.000000000000000000e+00 8.427573646156034937e-02 3.820213386898059504e-02
1.253813994706828305e-01 6.595844060490625715e-02 0.000000000000000000e+00 1.089917087825846703e-01 2.435734829471523227e-02
1.161682157860418618e-01 6.537560500170830347e-02 2.209630830738337423e-02 1.207125428525027133e-01 4.012214067567245260e-03
1.020598941765942930e-01 4.408664721041232609e-02 5.908074661980314279e-02 1.078104150325415039e-01 0.000000000000000000e+00
8.468028446385167385e-02 1.205561913673043259e-02 7.712531795707555649e-02 6.729255417828870767e-02 3.027153276748194982e-02
6.031909184778656147e-02 0.000000000000000000e+00 5.678320308122313670e-02 1.770372049380588772e-02 1.028540765551692465e-01
3.483739652840731754e-02 0.000000000000000000e+00 2.160813917250344746e-02 0.000000000000000000e+00 1.651483908178934534e-01
1.474170269310434364e-02 0.000000000000000000e+00 0.000000000000000000e+00 0.000000000000000000e+00 1.658139925961271688e-01
5.163476789206609963e-03 0.000000000000000000e+00 0.000000000000000000e+00 0.000000000000000000e+00 1.076731713053587780e-01
2.582545844496450960e-03 5.838121817975527742e-04 0.000000000000000000e+00 4.480608231345446779e-03 4.183739403975571952e-02
7.820642281057184082e-04 2.534125942209008433e-04 0.000000000000000000e+00 3.358278071621800635e-03 7.986047963739265065e-03
6.966269768095602886e-05 2.682103088417412388e-05 0.000000000000000000e+00 3.775846336964291884e-04 3.164406149206943058e-04
0.000000000000000000e+00 0.000000000000000000e+00 0.000000000000000000e+00 0.000000000000000000e+00 0.000000000000000000e+00
0.000000000000000000e+00 0.000000000000000000e+00 0.000000000000000000e+00 0.000000000000000000e+00 0.000000000000000000e+00
0.000000000000000000e+00 0.000000000000000000e+00 0.000000000000000000e+00 0.000000000000000000e+00 0.000000000000000000e+00
0.000000000000000000e+00 0.000000000000000000e+00 0.000000000000000000e+00 0.000000000000000000e+00 0.000000000000000000e+00
7.642817249082650710e-05 0.000000000000000000e+00 1.427908508458384700e-05 0.000000000000000000e+00 6.330324594254802505e-05
4.871109992648310540e-05 2.579367560021464151e-04 0.000000000000000000e+00 8.508196205958399629e-05 0.000000000000000000e+00
2.273363379036766850e-03 1.082151330212037868e-02 0.000000000000000000e+00 1.527616186708713030e-03 0.000000000000000000e+00
8.161581989713189225e-03 3.408967878484939207e-02 0.000000000000000000e+00 4.425942037400779940e-03 0.000000000000000000e+00
1.973898785607192119e-02 5.699521905513071224e-02 0.000000000000000000e+00 4.098913155727484763e-03 0.000000000000000000e+00
3.882548712809025249e-02 7.425745404078419598e-02 0.000000000000000000e+00 0.000000000000000000e+00 0.000000000000000000e+00
6.253249361725202182e-02 7.524807717211862146e-02 0.000000000000000000e+00 0.000000000000000000e+00 0.000000000000000000e+00
8.567647854008597630e-02 5.916367792754320676e-02 0.000000000000000000e+00 0.000000000000000000e+00 0.000000000000000000e+00
1.037952823127108598e-01 3.544885028195922383e-02 0.000000000000000000e+00 0.000000000000000000e+00 7.434986565388645822e-03
1.108829662160069757e-01 1.953646525828370284e-02 0.000000000000000000e+00 2.425409456476861764e-02 1.856640559432289408e-02
1.039173907296107591e-01 1.771155711778323386e-02 0.000000000000000000e+00 5.737141141936355493e-02 2.989149771861239827e-02
9.021155407841370544e-02 2.962607625222620292e-02 0.000000000000000000e+00 8.721117668182776228e-02 3.306535916605165409e-02
8.059849806943882033e-02 5.167870171780139521e-02 0.000000000000000000e+00 1.114360622718414545e-01 2.058575176206018861e-02
7.535924947641320371e-02 7.516755573933930901e-02 0.000000000000000000e+00 1.376304712303821620e-01 0.000000000000000000e+00
7.361987404155541370e-02 8.361798935438219393e-02 9.297478258549358651e-03 1.567739742983537410e-01 0.000000000000000000e+00
7.740178368972035206e-02 6.310978364773126015e-02 5.862962933591369524e-02 1.424906498566401725e-01 0.000000000000000000e+00
7.990369568985133952e-02 2.195722846108629986e-02 8.304284254451463343e-02 9.649183130152215460e-02 0.000000000000000000e+00
6.854111845368754397e-02 0.000000000000000000e+00 6.167537176363233065e-02 2.863252976676595313e-02 7.370229134319437880e-02
4.857548345174836357e-02 0.000000000000000000e+00 1.841885401837776992e-02 0.000000000000000000e+00 1.575975731843775596e-01
2.284520852138697405e-02 0.000000000000000000e+00 0.000000000000000000e+00 0.000000000000000000e+00 1.651730819737316502e-01
9.818016292564530484e-03 0.000000000000000000e+00 0.000000000000000000e+00 2.314446799307244475e-03 1.069368826937884542e-01
4.455089610153042425e-03 1.572069739575360963e-03 0.000000000000000000e+00 8.400687286349866126e-03 4.247462703037217790e-02
1.409747304430506018e-03 3.158125806793007635e-04 0.000000000000000000e+00 4.006835502084300608e-03 7.430763106736112088e-03
9.857687986043418480e-05 5.882516529242191427e-05 0.000000000000000000e+00 2.186802208974891163e-04 1.768960541140814427e-04
0.000000000000000000e+00 0.000000000000000000e+00 0.000000000000000000e+00 0.000000000000000000e+00 0.000000000000000000e+00
0.000000000000000000e+00 0.000000000000000000e+00 0.000000000000000000e+00 0.000000000000000000e+00 0.000000000000000000e+00
0.000000000000000000e+00 0.000000000000000000e+00 0.000000000000000000e+00 0.000000000000000000e+00 0.000000000000000000e+00
0.000000000000000000e+00 0.000000000000000000e+00 0.000000000000000000e+00 0.000000000000000000e+00 0.000000000000000000e+00
8.764317606285005040e-05 0.000000000000000000e+00 1.637438561330012378e-05 0.000000000000000000e+00 7.259230920585681341e-05
5.298962766506499491e-04 4.320793067268157480e-05 0.000000000000000000e+00 1.783906543218532418e-04 0.000000000000000000e+00
2.293754256813653088e-03 7.452251955872947649e-03 0.000000000000000000e+00 1.639084061928017255e-03 0.000000000000000000e+00
8.540517141431610421e-03 2.287575536198760418e-02 0.000000000000000000e+00 4.251039731143948196e-03 0.000000000000000000e+00
1.780334685712339424e-02 3.635200109928306278e-02 0.000000000000000000e+00 3.449314993280445940e-03 0.000000000000000000e+00
3.185307850220913534e-02 4.360018705138077322e-02 0.000000000000000000e+00 0.000000000000000000e+00 1.545588888457448157e-04
4.671221150233959701e-02 3.873455928165100981e-02 0.000000000000000000e+00 0.000000000000000000e+00 1.070952364399345999e-03
5.889879588108881681e-02 2.432625508831350036e-02 0.000000000000000000e+00 2.047424989238386898e-03 2.282671917028617110e-03
6.287348854142099652e-02 1.212119358541042212e-02 0.000000000000000000e+00 1.566211422599752406e-02 7.684477967715718644e-03
5.838205579159677638e-02 6.929030874313384797e-03 0.000000000000000000e+00 3.835897876039639359e-02 1.341044328804735959e-02
4.592081736700710098e-02 1.450628126495268413e-02 0.000000000000000000e+00 6.308311091154682193e-02 1.507309125970766536e-02
3.027135154106264103e-02 3.393499783614945670e-02 0.000000000000000000e+00 8.654802110178240471e-02 7.425376293748099654e-03
1.927109816589168620e-02 6.147921579123782204e-02 0.000000000000000000e+00 1.086366290603996143e-01 0.000000000000000000e+00
1.519011643692453825e-02 8.600158912268075773e-02 7.486739637570381974e-03 1.338737787411312663e-01 0.000000000000000000e+00
2.734552012081687897e-02 8.701785202582661138e-02 5.021443151590570392e-02 1.492038161080750935e-01 0.000000000000000000e+00
5.115099166786490903e-02 5.527108621154196849e-02 8.954498939437331717e-02 1.281260529554331951e-01 0.000000000000000000e+00
7.040101427353037677e-02 1.309825186456310339e-02 9.290800261995206533e-02 7.389860590108364435e-02 0.000000000000000000e+00
6.959841292928527212e-02 0.000000000000000000e+00 5.311958834283919684e-02 1.005970996069223758e-02 9.899595625518552156e-02
4.982954634627270729e-02 0.000000000000000000e+00 4.238769839753386490e-03 0.000000000000000000e+00 1.632139985677332483e-01
2.608339920067309289e-02 0.000000000000000000e+00 0.000000000000000000e+00 0.000000000000000000e+00 1.483725699069376180e-01
1.186003284021490065e-02 1.918641725930237373e-03 0.000000000000000000e+00 7.169552008049345088e-03 8.435922713038669640e-02
4.420284467668174171e-03 1.460395958729838323e-03 0.000000000000000000e+00 1.122069605512578810e-02 3.065377612065759913e-02
1.373677140838694237e-03 1.049533361560356072e-04 0.000000000000000000e+00 4.588230002810081594e-03 4.534131020279929050e-03
6.922405922503783098e-06 1.109385593886872613e-05 0.000000000000000000e+00 5.623589393356980633e-05 1.529073329462194819e-05
0.000000000000000000e+00 1.642029883195005188e-06 0.000000000000000000e+00 7.235330393600902564e-06 2.224099292313854496e-06
0.000000000000000000e+00 0.000000000000000000e+00 0.000000000000000000e+00 0.000000000000000000e+00 0.000000000000000000e+00
0.000000000000000000e+00 0.000000000000000000e+00 0.000000000000000000e+00 0.000000000000000000e+00 0.000000000000000000e+00
0.000000000000000000e+00 0.000000000000000000e+00 0.000000000000000000e+00 0.000000000000000000e+00 0.000000000000000000e+00
4.361390278009113190e-05 0.000000000000000000e+00 8.148390945007207684e-06 0.000000000000000000e+00 3.612413491286707362e-05
3.882467014783562735e-04 2.600563992306615557e-05 0.000000000000000000e+00 1.458100681577209916e-04 0.000000000000000000e+00
2.184582934466522842e-03 4.563381559402796689e-03 0.000000000000000000e+00 1.420612751883756778e-03 1.831014168840404931e-04
6.579597606769445849e-03 1.077314712473407751e-02 0.000000000000000000e+00 2.445560006553955997e-03 0.000000000000000000e+00
1.177910026790058261e-02 1.719208062915708254e-02 0.000000000000000000e+00 2.997611974393036595e-03 0.000000000000000000e+00
1.841344463162611356e-02 2.003705680854258459e-02 0.000000000000000000e+00 1.538345328066444660e-03 0.000000000000000000e+00
2.351666280809202800e-02 1.719368463040901046e-02 0.000000000000000000e+00 2.956100315909566435e-03 9.138429333733322875e-05
2.690460321743836508e-02 1.132786409951969456e-02 0.000000000000000000e+00 8.041515784376731049e-03 6.386183575435164716e-05
2.354892679793246096e-02 1.128987846008313450e-02 0.000000000000000000e+00 2.068217691951970347e-02 1.369780236333269924e-03
1.462455724591078809e-02 1.882337773014281651e-02 0.000000000000000000e+00 3.723540846568430124e-02 1.145604820919648601e-03
2.151960716876020422e-03 3.920712007990191650e-02 0.000000000000000000e+00 5.844525113369731378e-02 0.000000000000000000e+00
0.000000000000000000e+00 6.487734960488079905e-02 6.107299357166902018e-03 8.283820471026225041e-02 0.000000000000000000e+00
0.000000000000000000e+00 8.745372290713340768e-02 2.891822787662306007e-02 1.055517069822073800e-01 0.000000000000000000e+00
0.000000000000000000e+00 9.380060628668651646e-02 6.459932600668129299e-02 1.189158917709151608e-01 0.000000000000000000e+00
1.784223967744652528e-02 7.581187048818653629e-02 9.688579653267960501e-02 1.149345185369832489e-01 0.000000000000000000e+00
5.106705746745369978e-02 3.895648247296123329e-02 1.063830470735284556e-01 8.604211965798931605e-02 0.000000000000000000e+00
7.232862840267376137e-02 6.048345108032258596e-03 7.572750041434331281e-02 3.898198975139119393e-02 6.147189288171023280e-02
6.822439145038458608e-02 0.000000000000000000e+00 2.418254300066463233e-02 0.000000000000000000e+00 1.367392659561854629e-01
4.356747814399695995e-02 6.437472639945361532e-04 0.000000000000000000e+00 0.000000000000000000e+00 1.544927378734808898e-01
2.325653043371192497e-02 3.633967687384800655e-03 0.000000000000000000e+00 2.189925973375086814e-03 1.120857226649125682e-01
9.805588930045142093e-03 2.744102194503896929e-03 0.000000000000000000e+00 1.019711755125674892e-02 5.271877100767867474e-02
3.888325786726348765e-03 1.235576308744285078e-03 0.000000000000000000e+00 9.051652644494622910e-03 1.595570289155606378e-02
7.462649565343238171e-04 1.562653223063927613e-06 0.000000000000000000e+00 3.114577868969941894e-03 1.931311374955305528e-03
0.000000000000000000e+00 7.395969135347464301e-06 0.000000000000000000e+00 8.283497400428887114e-05 3.350024786015721382e-06
0.000000000000000000e+00 1.128895544696565418e-05 0.000000000000000000e+00 4.974289645600626220e-05 1.529068263465781626e-05
0.000000000000000000e+00 0.000000000000000000e+00 0.000000000000000000e+00 0.000000000000000000e+00 0.000000000000000000e+00
0.000000000000000000e+00 0.000000000000000000e+00 0.000000000000000000e+00 0.000000000000000000e+00 0.000000000000000000e+00
0.000000000000000000e+00 0.000000000000000000e+00 0.000000000000000000e+00 0.000000000000000000e+00 0.000000000000000000e+00
3.198352870540022212e-05 0.000000000000000000e+00 5.975486693005312288e-06 0.000000000000000000e+00 2.649103226943580881e-05
3.682729143252657820e-04 7.970825592108617222e-06 0.000000000000000000e+00 5.678460286923852978e-05 3.916840195525781023e-05
1.092077966768011891e-03 1.939802726056403170e-03 0.000000000000000000e+00 1.098003949289699972e-03 3.175165090768034990e-04
3.375891612153763231e-03 5.138665791079602592e-03 0.000000000000000000e+00 1.543141860897143764e-03 3.021850204012407090e-04
5.480532396268519499e-03 8.175896752174515586e-03 0.000000000000000000e+00 2.616088131225560720e-03 1.483646306443592891e-05
7.743637402380709744e-03 9.230664685129718119e-03 0.000000000000000000e+00 2.050894676544431743e-03 0.000000000000000000e+00
7.475581960327853936e-03 1.135457882221765913e-02 0.000000000000000000e+00 4.121533594298026730e-03 0.000000000000000000e+00
4.868409959055267251e-03 1.594838089888296964e-02 0.000000000000000000e+00 8.924233729689283121e-03 0.000000000000000000e+00
0.000000000000000000e+00 2.967369867207612574e-02 3.617559539532083732e-03 1.984416329818220956e-02 0.000000000000000000e+00
0.000000000000000000e+00 5.511301935179362121e-02 1.528873947103980523e-02 3.535340455217794026e-02 0.000000000000000000e+00
0.000000000000000000e+00 8.003292634126958627e-02 3.482940084008182696e-02 5.693582602743032378e-02 0.000000000000000000e+00
0.000000000000000000e+00 9.613452630299088031e-02 6.307452627555774904e-02 7.610444395667591289e-02 0.000000000000000000e+00
0.000000000000000000e+00 9.961686034022103342e-02 9.079390654473781797e-02 8.941174249184341560e-02 0.000000000000000000e+00
2.114768203840117905e-03 8.435221884605885456e-02 1.124623551388292536e-01 9.505741508135874540e-02 0.000000000000000000e+00
3.665795022686018506e-02 5.926912511273983719e-02 1.124695704403636254e-01 8.554296885146907281e-02 3.736830676868929842e-03
6.252681089530025271e-02 3.093289619556797640e-02 8.720748932957868294e-02 6.135531083028218646e-02 5.746434451502969304e-02
6.478222158481393433e-02 1.906732775916319955e-02 4.242832666838976946e-02 3.146897213712140234e-02 1.161746524224361587e-01
4.838283237031838074e-02 2.150262841938587605e-02 0.000000000000000000e+00 1.408969467788979794e-02 1.435585223199560834e-01
2.947551450179798291e-02 1.914309070926575526e-02 0.000000000000000000e+00 1.074708311587378728e-02 1.202400400661920582e-01
1.442438128876598162e-02 1.129127586651160718e-02 0.000000000000000000e+00 1.193195221247263758e-02 6.884946784331837100e-02
5.416694452052960712e-03 4.151582394901144786e-03 0.000000000000000000e+00 8.777224419550189866e-03 2.481728032593829777e-02
2.295387502098786454e-03 3.236522372046663474e-04 0.000000000000000000e+00 4.174969500305081814e-03 5.448352694948335913e-03
3.062975234537735161e-04 1.384883217541809221e-04 0.000000000000000000e+00 1.465195333701407301e-03 6.372668666224119011e-04
1.481499627401120441e-06 0.000000000000000000e+00 3.565558359062660575e-07 1.335214961423278351e-06 0.000000000000000000e+00
1.158622881449437273e-06 9.702437684023141749e-07 0.000000000000000000e+00 1.223537706874051816e-06 0.000000000000000000e+00
0.000000000000000000e+00 0.000000000000000000e+00 0.000000000000000000e+00 0.000000000000000000e+00 0.000000000000000000e+00
0.000000000000000000e+00 0.000000000000000000e+00 0.000000000000000000e+00 0.000000000000000000e+00 0.000000000000000000e+00
0.000000000000000000e+00 0.000000000000000000e+00 0.000000000000000000e+00 0.000000000000000000e+00 0.000000000000000000e+00
5.399816534677952891e-06 0.000000000000000000e+00 1.008848402715181904e-06 0.000000000000000000e+00 4.472511941593063636e-06
3.714656604344800079e-05 1.089226986253462478e-06 0.000000000000000000e+00 0.000000000000000000e+00 1.748535521266391297e-06
0.000000000000000000e+00 6.319513211931240262e-04 0.000000000000000000e+00 8.606324172145206992e-04 3.056286124991040160e-04
9.629165831816508328e-04 2.421378512281722756e-03 0.000000000000000000e+00 1.234350564467263890e-03 5.043823528341616780e-04
1.718719302450587858e-03 5.006216599663313761e-03 0.000000000000000000e+00 1.763706259367202713e-03 2.220923552065902297e-04
1.445223114425735200e-03 7.385103965521840931e-03 0.000000000000000000e+00 1.330163579018878942e-03 7.111040156455830825e-04
0.000000000000000000e+00 1.480578013760960356e-02 7.092820634207846727e-04 1.994850444476942066e-03 0.000000000000000000e+00
0.000000000000000000e+00 3.272124550377234625e-02 5.923657096730894703e-03 5.059883320435231563e-03 1.047342465730717164e-03
0.000000000000000000e+00 6.023185041108914534e-02 2.105097838599925136e-02 1.087634100220517472e-02 4.988561174394857793e-03
0.000000000000000000e+00 8.535017318959674248e-02 4.902027543736198201e-02 1.668339556882017169e-02 1.278964853168459807e-02
0.000000000000000000e+00 9.894932520441521162e-02 8.430646517459038092e-02 2.699523581690491114e-02 1.366730704293425865e-02
0.000000000000000000e+00 9.795985622437414220e-02 1.084092192025795515e-01 4.573462158187748677e-02 1.183068388418231920e-02
1.456787394212113833e-02 8.512036710399119299e-02 1.179413764791762131e-01 6.371633128290668524e-02 1.817023211343876329e-02
4.333079453873786568e-02 6.802880050720533367e-02 1.136387348330049479e-01 7.362310259855558980e-02 3.379322615735435437e-02
5.873572425871952801e-02 5.669239892774125683e-02 9.662181633413606530e-02 7.029914284355294474e-02 6.208897670094483401e-02
5.669725756925622639e-02 5.289032183255443914e-02 6.833628938630037508e-02 5.423483720778714268e-02 9.707561079069453036e-02
3.861357638937305131e-02 5.625219438850881382e-02 2.845168500712999191e-02 4.187798199420816186e-02 1.241308632099351883e-01
1.661463839166824399e-02 6.128988091031494639e-02 0.000000000000000000e+00 3.121077976250031735e-02 1.194534339073262258e-01
3.858656089449202190e-03 5.058347856013192118e-02 0.000000000000000000e+00 2.274364304838732975e-02 8.236373462761521769e-02
3.723988174629209438e-04 2.864967325325389752e-02 0.000000000000000000e+00 1.575406154102684808e-02 3.950926399841441644e-02
0.000000000000000000e+00 1.073247103078274825e-02 0.000000000000000000e+00 7.477118326078551792e-03 1.275689499426384786e-02
1.065182923915816216e-04 2.723029760516177018e-03 0.000000000000000000e+00 2.846373721437087719e-03 2.481074505136075543e-03
1.662247447702952670e-04 4.853162651524087776e-04 0.000000000000000000e+00 1.022466640445244233e-03 0.000000000000000000e+00
1.320253388438450966e-05 5.186560239780269369e-05 0.000000000000000000e+00 1.517920619092511219e-04 0.000000000000000000e+00
1.784279237432121284e-05 1.494175403339565019e-05 0.000000000000000000e+00 1.884248068586040563e-05 0.000000000000000000e+00
0.000000000000000000e+00 0.000000000000000000e+00 0.000000000000000000e+00 0.000000000000000000e+00 0.000000000000000000e+00
0.000000000000000000e+00 0.000000000000000000e+00 0.000000000000000000e+00 0.000000000000000000e+00 0.000000000000000000e+00
0.000000000000000000e+00 0.000000000000000000e+00 0.000000000000000000e+00 0.000000000000000000e+00 0.000000000000000000e+00
0.000000000000000000e+00 0.000000000000000000e+00 0.000000000000000000e+00 0.000000000000000000e+00 0.000000000000000000e+00
0.000000000000000000e+00 0.000000000000000000e+00 0.000000000000000000e+00 0.000000000000000000e+00 0.000000000000000000e+00
0.000000000000000000e+00 2.826124295182748532e-04 0.000000000000000000e+00 6.612935921152977370e-04 4.157634648576497526e-04
0.000000000000000000e+00 1.436225436427437116e-03 0.000000000000000000e+00 1.306112619463853375e-03 7.323763980108556875e-04
0.000000000000000000e+00 3.185883348563129779e-03 0.000000000000000000e+00 1.742445203993570535e-03 9.061478003106903821e-04
0.000000000000000000e+00 8.536342438750966696e-03 1.299648426833428826e-04 0.000000000000000000e+00 1.292134556768620478e-03
0.000000000000000000e+00 2.099943107741564230e-02 3.140778949667142120e-03 0.000000000000000000e+00 2.966611543356028214e-03
0.000000000000000000e+00 4.497554132106119928e-02 1.062098394962439872e-02 0.000000000000000000e+00 9.674627559723175674e-03
0.000000000000000000e+00 6.818052178653051520e-02 3.137314717847287937e-02 0.000000000000000000e+00 2.200972690678830099e-02
1.731119562373363303e-03 8.270164437059379647e-02 6.087531531187975048e-02 0.000000000000000000e+00 3.371679853863378262e-02
2.452920095693487262e-02 8.226382067044946123e-02 8.465505398937758774e-02 5.592831721636802762e-03 4.143256710323760944e-02
5.615411285315975026e-02 7.061515757914568758e-02 9.465943752929172061e-02 2.615082109561971124e-02 4.657090932826975921e-02
8.084946180489402390e-02 5.774532129542413877e-02 9.164994968706820233e-02 4.601502885846697061e-02 5.338168445325530004e-02
9.063343061921312616e-02 5.211793423915875301e-02 8.256768126271640806e-02 5.665695345991089010e-02 6.168576626268220536e-02
8.047262621712364394e-02 5.570913583026169263e-02 7.336453674808415815e-02 5.970347098613159459e-02 7.351939754359629320e-02
5.556988741183287173e-02 6.864365800208560575e-02 6.265172949267591718e-02 5.442253257759190749e-02 8.826684902645906550e-02
1.894714944583192687e-02 8.564744614541934531e-02 4.552832681912460933e-02 4.067425358239390443e-02 1.024851694050449985e-01
0.000000000000000000e+00 9.725393871599359585e-02 2.497980154430607183e-02 3.084776355159152619e-02 9.597796377660186562e-02
0.000000000000000000e+00 9.030793443514009700e-02 4.108362972495864171e-03 2.053766949283603038e-02 6.968119354861403159e-02
0.000000000000000000e+00 6.128141063260142407e-02 0.000000000000000000e+00 1.482719991517023050e-02 3.450674631200190828e-02
0.000000000000000000e+00 2.855190309415534325e-02 0.000000000000000000e+00 6.895671077110668463e-03 1.336064413932831242e-02
0.000000000000000000e+00 8.864791302152440558e-03 0.000000000000000000e+00 2.625324705052916284e-03 3.022577354770262029e-03
0.000000000000000000e+00 1.836994542774826383e-03 0.000000000000000000e+00 1.385910881913548012e-03 0.000000000000000000e+00
2.940857565016884959e-05 4.645205800461892531e-04 0.000000000000000000e+00 7.161782557440772145e-04 0.000000000000000000e+00
0.000000000000000000e+00 0.000000000000000000e+00 0.000000000000000000e+00 0.000000000000000000e+00 0.000000000000000000e+00
0.000000000000000000e+00 0.000000000000000000e+00 0.000000000000000000e+00 0.000000000000000000e+00 0.000000000000000000e+00
0.000000000000000000e+00 0.000000000000000000e+00 0.000000000000000000e+00 0.000000000000000000e+00 0.000000000000000000e+00
0.000000000000000000e+00 0.000000000000000000e+00 0.000000000000000000e+00 0.000000000000000000e+00 0.000000000000000000e+00
1.989435913641199815e-05 0.000000000000000000e+00 0.000000000000000000e+00 4.464666512463639864e-06 7.247804922537503039e-05
5.231610628513365528e-06 0.000000000000000000e+00 6.670268114217204301e-06 0.000000000000000000e+00 3.989257544761991742e-05
0.000000000000000000e+00 1.210932455073333359e-04 0.000000000000000000e+00 7.275762719219157175e-04 3.345654406656315273e-04
0.000000000000000000e+00 8.877715893876564996e-04 0.000000000000000000e+00 2.029627920792584535e-03 1.154359355104814244e-03
0.000000000000000000e+00 2.838241621259541669e-03 0.000000000000000000e+00 2.210041016681599940e-03 2.168033542283719865e-03
0.000000000000000000e+00 7.897371137040769609e-03 0.000000000000000000e+00 0.000000000000000000e+00 3.086035004406299971e-03
1.155015468158708536e-03 1.977562040957038525e-02 2.037839256122270151e-03 0.000000000000000000e+00 7.013311202487635537e-03
8.129874401822714466e-03 3.901101633494538645e-02 7.838583547224067805e-03 0.000000000000000000e+00 1.421440507398967143e-02
2.678718561521368710e-02 4.938733528816801471e-02 2.074538647549223694e-02 0.000000000000000000e+00 2.689767551280845478e-02
5.686318990170486504e-02 5.090623253420457905e-02 3.482602131723854660e-02 0.000000000000000000e+00 3.964143352654052321e-02
9.230933725815017310e-02 4.255229510346905664e-02 4.190410456713117293e-02 1.516486380166117289e-06 4.827845979737765969e-02
1.211415610255985875e-01 3.182082413232391327e-02 4.105746250295604777e-02 2.132285049401878851e-02 4.911676043417357446e-02
1.388914136920466336e-01 2.299777303717686142e-02 3.550447652321489511e-02 4.145939125491004268e-02 4.550953978992362120e-02
1.384748283517512890e-01 2.104247486604303094e-02 3.518084275876247335e-02 5.582538036020128630e-02 3.943074554763983941e-02
1.217142411942227220e-01 2.527223415133567769e-02 4.197345129237472355e-02 6.166635189922295424e-02 3.770472344919387209e-02
8.809227108988716692e-02 3.850165674656938486e-02 5.562348943691772241e-02 5.757109103118527443e-02 4.475659351048991152e-02
4.265991651496554848e-02 6.329125642846120114e-02 6.677123573424108283e-02 4.194560085283120798e-02 6.195000883333582481e-02
0.000000000000000000e+00 9.911573858221257860e-02 5.738989323305822982e-02 2.278548305471046406e-02 7.546200417818099693e-02
0.000000000000000000e+00 1.215205592974769461e-01 2.862099304727079574e-02 7.282162164231250137e-03 7.046795662373825375e-02
0.000000000000000000e+00 1.062542533221104840e-01 2.066595579055548366e-03 6.009504666421675370e-03 4.525378688794388232e-02
0.000000000000000000e+00 6.161734229068445423e-02 0.000000000000000000e+00 7.007298416159513446e-03 2.035842475747914535e-02
0.000000000000000000e+00 2.184388214528838051e-02 0.000000000000000000e+00 3.916194764803629727e-03 5.212839118807756529e-03
0.000000000000000000e+00 5.362590442942489523e-03 0.000000000000000000e+00 2.103375814756309505e-03 3.487392065172806896e-04
0.000000000000000000e+00 7.625104743011566072e-04 0.000000000000000000e+00 1.020268063792581200e-03 0.000000000000000000e+00
0.000000000000000000e+00 0.000000000000000000e+00 0.000000000000000000e+00 0.000000000000000000e+00 0.000000000000000000e+00
0.000000000000000000e+00 0.000000000000000000e+00 0.000000000000000000e+00 0.000000000000000000e+00 0.000000000000000000e+00
0.000000000000000000e+00 0.000000000000000000e+00 0.000000000000000000e+00 0.000000000000000000e+00 0.000000000000000000e+00
0.000000000000000000e+00 0.000000000000000000e+00 0.000000000000000000e+00 0.000000000000000000e+00 0.000000000000000000e+00
1.713542031947859140e-05 0.000000000000000000e+00 2.184754483787081970e-05 0.000000000000000000e+00 1.306626384226386515e-04
0.000000000000000000e+00 6.108886120367695686e-05 0.000000000000000000e+00 0.000000000000000000e+00 4.381744096529467062e-04
0.000000000000000000e+00 5.312810905809319537e-04 0.000000000000000000e+00 8.288197010137703146e-04 1.319637260400802290e-03
0.000000000000000000e+00 2.345015763107376108e-03 0.000000000000000000e+00 3.389038919482160583e-03 3.818958997916118564e-03
0.000000000000000000e+00 4.259970294656759138e-03 0.000000000000000000e+00 3.860923868788410616e-03 5.122396270785705037e-03
0.000000000000000000e+00 6.797445256757627362e-03 0.000000000000000000e+00 3.068619740078082879e-03 5.550198584729086441e-03
5.261780720047783307e-03 1.164227985037249481e-02 0.000000000000000000e+00 0.000000000000000000e+00 7.986543648448680630e-03
1.968261266440183774e-02 1.985377754822989851e-02 0.000000000000000000e+00 0.000000000000000000e+00 1.192330131230740116e-02
4.635742925643034779e-02 2.181477892522343601e-02 7.275057049263663382e-04 0.000000000000000000e+00 1.890168744919309626e-02
8.077344977276385007e-02 1.818217800626594979e-02 1.844478985754680446e-03 0.000000000000000000e+00 2.509625787487561668e-02
1.133033846043816489e-01 8.956745505375441480e-03 0.000000000000000000e+00 1.862556517425718872e-02 2.570130926188258016e-02
1.330870038841659997e-01 9.049527156208889275e-04 0.000000000000000000e+00 3.922454019339911835e-02 2.047951716726518351e-02
1.404280413431052976e-01 0.000000000000000000e+00 0.000000000000000000e+00 5.443962823131715673e-02 1.230373853712601537e-02
1.392917153919898121e-01 0.000000000000000000e+00 0.000000000000000000e+00 6.607049621567481767e-02 1.293456099378954187e-03
1.328379965547011321e-01 0.000000000000000000e+00 1.072484876779409083e-02 7.523758737944179209e-02 0.000000000000000000e+00
1.146325225789452396e-01 0.000000000000000000e+00 3.771528656190255985e-02 7.832346961878791647e-02 0.000000000000000000e+00
8.050322658640178541e-02 5.745675159037449443e-03 7.064206460136256138e-02 6.031094323670212892e-02 2.007547758221412890e-02
3.343570143639564701e-02 5.136004265535401569e-02 8.076511772373493048e-02 2.296143812575800885e-02 5.224309186271213629e-02
0.000000000000000000e+00 1.156291384657929938e-01 5.301254620201768797e-02 0.000000000000000000e+00 6.632153527062650822e-02
0.000000000000000000e+00 1.392148876247545908e-01 1.298411638721296349e-02 0.000000000000000000e+00 5.329953489368133290e-02
0.000000000000000000e+00 1.002957748735337495e-01 0.000000000000000000e+00 2.049949683932478922e-03 2.592194673676858491e-02
0.000000000000000000e+00 4.634277969626694055e-02 0.000000000000000000e+00 6.136799601606308247e-03 7.315760124146632355e-03
0.000000000000000000e+00 1.084633875388602182e-02 0.000000000000000000e+00 3.105123706090642550e-03 9.417626856067027718e-04
0.000000000000000000e+00 1.466340856248128394e-03 0.000000000000000000e+00 1.495681665348184324e-03 0.000000000000000000e+00
0.000000000000000000e+00 0.000000000000000000e+00 0.000000000000000000e+00 0.000000000000000000e+00 0.000000000000000000e+00
5.237059542373726054e-05 0.000000000000000000e+00 0.000000000000000000e+00 0.000000000000000000e+00 5.623815073963352965e-05
0.000000000000000000e+00 0.000000000000000000e+00 0.000000000000000000e+00 0.000000000000000000e+00 0.000000000000000000e+00
0.000000000000000000e+00 0.000000000000000000e+00 0.000000000000000000e+00 0.000000000000000000e+00 0.000000000000000000e+00
8.015723669222411755e-06 0.000000000000000000e+00 0.000000000000000000e+00 1.000069231253610414e-04 5.532825880091934393e-05
0.000000000000000000e+00 3.263146405081587386e-04 0.000000000000000000e+00 8.403778929767971150e-04 1.488135810741934330e-03
0.000000000000000000e+00 2.062136682131752129e-03 0.000000000000000000e+00 2.750383408442468123e-03 4.710613967382057052e-03
0.000000000000000000e+00 4.647795862684492990e-03 0.000000000000000000e+00 6.941038913936555844e-03 9.288214013152747486e-03
0.000000000000000000e+00 5.768169073247415152e-03 0.000000000000000000e+00 8.921861558879935067e-03 1.194163497714887182e-02
0.000000000000000000e+00 7.127272886580394637e-03 0.000000000000000000e+00 9.563753699662218277e-03 1.082967807661853327e-02
2.478019452439000035e-03 7.731424044407871239e-03 0.000000000000000000e+00 1.031404443536221294e-02 8.917970331987217988e-03
1.517826704233702327e-02 8.072970479535994739e-03 0.000000000000000000e+00 8.558408678095274363e-03 7.090359240471126590e-03
3.569342538639325851e-02 6.008081917081020684e-03 0.000000000000000000e+00 9.564709362837467768e-03 7.413011262478065057e-03
5.602255462134472785e-02 1.260069583534744559e-03 0.000000000000000000e+00 1.551399596859999452e-02 7.286272662757302919e-03
7.266415793728261963e-02 0.000000000000000000e+00 0.000000000000000000e+00 2.905584926192343945e-02 2.504492366127086637e-03
7.913657257680220547e-02 0.000000000000000000e+00 0.000000000000000000e+00 4.351209032654335812e-02 0.000000000000000000e+00
8.110188202191381812e-02 0.000000000000000000e+00 0.000000000000000000e+00 5.400492336062132775e-02 0.000000000000000000e+00
8.522167808449429560e-02 0.000000000000000000e+00 0.000000000000000000e+00 6.625909985507931477e-02 0.000000000000000000e+00
9.446175929354609646e-02 0.000000000000000000e+00 0.000000000000000000e+00 9.016760252370081830e-02 0.000000000000000000e+00
1.016209281906142597e-01 0.000000000000000000e+00 1.742092972854627358e-02 1.157303957260149008e-01 0.000000000000000000e+00
9.434491716960501095e-02 0.000000000000000000e+00 6.135428699487615462e-02 9.767555808992495203e-02 1.406659055148446131e-03
6.319558973047000039e-02 0.000000000000000000e+00 9.200705795837438306e-02 3.667306346699718278e-02 3.498601005457922797e-02
1.843657971454292291e-02 7.921320417383032053e-02 7.353772326715996011e-02 0.000000000000000000e+00 5.774481725898881340e-02
0.000000000000000000e+00 1.456085288079538020e-01 2.593013104844468439e-02 0.000000000000000000e+00 5.009542674197386969e-02
0.000000000000000000e+00 1.306542155738412980e-01 0.000000000000000000e+00 0.000000000000000000e+00 2.708889028199512952e-02
0.000000000000000000e+00 7.002589236995827859e-02 0.000000000000000000e+00 6.129817567694872092e-03 8.169862483993133723e-03
0.000000000000000000e+00 2.082525617584415206e-02 0.000000000000000000e+00 4.434429030877488215e-03 1.290232665403027914e-03
0.000000000000000000e+00 2.848511266335874113e-03 0.000000000000000000e+00 1.928034067160674719e-03 0.000000000000000000e+00
0.000000000000000000e+00 0.000000000000000000e+00 0.000000000000000000e+00 0.000000000000000000e+00 0.000000000000000000e+00
0.000000000000000000e+00 0.000000000000000000e+00 0.000000000000000000e+00 0.000000000000000000e+00 0.000000000000000000e+00
0.000000000000000000e+00 0.000000000000000000e+00 0.000000000000000000e+00 0.000000000000000000e+00 0.000000000000000000e+00
0.000000000000000000e+00 0.000000000000000000e+00 0.000000000000000000e+00 0.000000000000000000e+00 0.000000000000000000e+00
1.600097206555887105e-05 0.000000000000000000e+00 0.000000000000000000e+00 7.513570505875214996e-05 3.193627992789966084e-05
0.000000000000000000e+00 3.792430646002248286e-04 0.000000000000000000e+00 1.137377143231960109e-03 2.074124717315144889e-03
0.000000000000000000e+00 3.410635957215473087e-03 0.000000000000000000e+00 4.883770199345110682e-03 1.025017980699085424e-02
0.000000000000000000e+00 6.877316539968428982e-03 0.000000000000000000e+00 1.054965599565889887e-02 2.023294871378249205e-02
0.000000000000000000e+00 9.557113879070055357e-03 0.000000000000000000e+00 1.527674201172092919e-02 2.432448925978227677e-02
0.000000000000000000e+00 1.181284581180565806e-02 0.000000000000000000e+00 2.069326689012767825e-02 2.050121354298204898e-02
0.000000000000000000e+00 1.087449444417771562e-02 0.000000000000000000e+00 2.399800358981563075e-02 1.426213165185880039e-02
1.247455238401719117e-03 9.903115270275592366e-03 0.000000000000000000e+00 2.596497858891719940e-02 6.247015228539093759e-03
9.764366086253728136e-03 7.559271100810407984e-03 0.000000000000000000e+00 2.487471175095431336e-02 1.124048022798167104e-03
1.778281986818588262e-02 4.630278891879053074e-03 0.000000000000000000e+00 2.472010802046090833e-02 0.000000000000000000e+00
2.385378484613523767e-02 2.487635797953019826e-03 0.000000000000000000e+00 2.784101793309970777e-02 0.000000000000000000e+00
2.731837990176672060e-02 0.000000000000000000e+00 0.000000000000000000e+00 3.384594425576687576e-02 0.000000000000000000e+00
3.082349297176454478e-02 0.000000000000000000e+00 0.000000000000000000e+00 4.195874900427551402e-02 0.000000000000000000e+00
3.796696247180782885e-02 0.000000000000000000e+00 0.000000000000000000e+00 6.259216899611268203e-02 0.000000000000000000e+00
5.142544779352747203e-02 0.000000000000000000e+00 0.000000000000000000e+00 1.091323856309998758e-01 0.000000000000000000e+00
6.993323370847960574e-02 0.000000000000000000e+00 3.426182988795439897e-03 1.585264701838052792e-01 0.000000000000000000e+00
8.409691329952549699e-02 0.000000000000000000e+00 5.348280291556654908e-02 1.344644048407742376e-01 6.435556645925454879e-03
7.365972132804925188e-02 0.000000000000000000e+00 9.858319872003121209e-02 4.463728920351096169e-02 3.157103039745855905e-02
3.820100818673718979e-02 5.124363390342182023e-02 8.601650203059543753e-02 0.000000000000000000e+00 4.627992380943778128e-02
3.459782329334043765e-03 1.388288620564901432e-01 3.310829846478720306e-02 0.000000000000000000e+00 3.968896365447772967e-02
0.000000000000000000e+00 1.454745504971969028e-01 0.000000000000000000e+00 0.000000000000000000e+00 2.314895100553359536e-02
0.000000000000000000e+00 8.805840011383718469e-02 0.000000000000000000e+00 5.647384747937391793e-03 6.961730612118085561e-03
0.000000000000000000e+00 2.959083664568193384e-02 0.000000000000000000e+00 5.600550941922138523e-03 8.879789389751429609e-04
0.000000000000000000e+00 3.038353968467008993e-03 0.000000000000000000e+00 1.768204643029621086e-03 0.000000000000000000e+00
0.000000000000000000e+00 0.000000000000000000e+00 0.000000000000000000e+00 0.000000000000000000e+00 0.000000000000000000e+00
0.000000000000000000e+00 0.000000000000000000e+00 0.000000000000000000e+00 0.000000000000000000e+00 0.000000000000000000e+00
0.000000000000000000e+00 0.000000000000000000e+00 0.000000000000000000e+00 0.000000000000000000e+00 0.000000000000000000e+00
0.000000000000000000e+00 0.000000000000000000e+00 0.000000000000000000e+00 0.000000000000000000e+00 0.000000000000000000e+00
3.987090704053223808e-06 0.000000000000000000e+00 6.483460694717990640e-06 3.184447252526454106e-06 9.511811912976458886e-06
0.000000000000000000e+00 2.008663012042009150e-04 0.000000000000000000e+00 8.191438452618503546e-04 4.400062871678192891e-03
0.000000000000000000e+00 4.138641074461450221e-03 0.000000000000000000e+00 5.134726746012600700e-03 2.095587725268269544e-02
0.000000000000000000e+00 8.975359418413682636e-03 0.000000000000000000e+00 1.161458213487508336e-02 4.034718108555956917e-02
0.000000000000000000e+00 1.434194938153232103e-02 0.000000000000000000e+00 1.938249582588319128e-02 4.768896672247480845e-02
0.000000000000000000e+00 1.995843509447483080e-02 2.690344763562339987e-04 2.798810241371000804e-02 4.144035563601405903e-02
0.000000000000000000e+00 2.204601750959072140e-02 3.912565226221935942e-03 3.716427851958025580e-02 2.667911530621328367e-02
0.000000000000000000e+00 2.300481378372829303e-02 3.651538067382257072e-03 4.724153062152457172e-02 9.170918158233907005e-03
0.000000000000000000e+00 1.952951736072603903e-02 2.969255366204839094e-04 4.869184153597979486e-02 0.000000000000000000e+00
0.000000000000000000e+00 1.550468879909184736e-02 0.000000000000000000e+00 4.504307984716846014e-02 0.000000000000000000e+00
1.873220189720717528e-03 1.268288596395263784e-02 0.000000000000000000e+00 4.165367257599067452e-02 0.000000000000000000e+00
3.793846563023169777e-03 8.303923560187935482e-03 0.000000000000000000e+00 4.292648540420518355e-02 0.000000000000000000e+00
5.974918912403920715e-03 4.961585456991856810e-03 0.000000000000000000e+00 5.577290486867693409e-02 3.680933350402989558e-03
1.010406287512598776e-02 0.000000000000000000e+00 0.000000000000000000e+00 9.001211251947251191e-02 8.738297146445578659e-03
2.152357104212549582e-02 0.000000000000000000e+00 0.000000000000000000e+00 1.528817059352632068e-01 1.290622964220005005e-02
4.268889493211485558e-02 0.000000000000000000e+00 7.848710486026097902e-03 1.900125558795414393e-01 1.509329300700962100e-02
6.581674459749813078e-02 0.000000000000000000e+00 6.480410399785785369e-02 1.367816774791894840e-01 2.465562081465026700e-02
7.106914639710980308e-02 0.000000000000000000e+00 1.075421554242272926e-01 2.855658983987510377e-02 3.494919728280024285e-02
4.735687470806033972e-02 4.891500476262158892e-02 9.050577907433302038e-02 0.000000000000000000e+00 3.913623530050548693e-02
1.401930965182395655e-02 1.413837718350504091e-01 3.141625651036399069e-02 0.000000000000000000e+00 2.774491627591270035e-02
0.000000000000000000e+00 1.508630142238732430e-01 0.000000000000000000e+00 0.000000000000000000e+00 1.613470455215089416e-02
0.000000000000000000e+00 9.381569783918344840e-02 0.000000000000000000e+00 6.077718679214986520e-03 4.918151334792864385e-03
0.000000000000000000e+00 3.047339420781849592e-02 0.000000000000000000e+00 5.675053158550428210e-03 0.000000000000000000e+00
0.000000000000000000e+00 2.795911945937341360e-03 0.000000000000000000e+00 1.718036214156808215e-03 0.000000000000000000e+00
0.000000000000000000e+00 0.000000000000000000e+00 0.000000000000000000e+00 0.000000000000000000e+00 0.000000000000000000e+00
0.000000000000000000e+00 0.000000000000000000e+00 0.000000000000000000e+00 0.000000000000000000e+00 0.000000000000000000e+00
0.000000000000000000e+00 0.000000000000000000e+00 0.000000000000000000e+00 0.000000000000000000e+00 0.000000000000000000e+00
0.000000000000000000e+00 0.000000000000000000e+00 0.000000000000000000e+00 0.000000000000000000e+00 0.000000000000000000e+00
5.744213972330560814e-05 0.000000000000000000e+00 2.813624105652174173e-05 0.000000000000000000e+00 4.966193625955515217e-05
0.000000000000000000e+00 5.586074033190189972e-05 0.000000000000000000e+00 1.117232096308777697e-03 7.713263574272414928e-03
0.000000000000000000e+00 3.073094649795877868e-03 0.000000000000000000e+00 3.834888686186361476e-03 3.433686710793526498e-02
0.000000000000000000e+00 7.855564179366560443e-03 0.000000000000000000e+00 5.816766753188374640e-03 6.742645493395184320e-02
0.000000000000000000e+00 1.477626702456366799e-02 5.922838401671577224e-04 1.086016953160792373e-02 8.724851073751488384e-02
0.000000000000000000e+00 2.448369621297929316e-02 9.717298046734922437e-03 2.213552575248391857e-02 7.860839507951383753e-02
0.000000000000000000e+00 3.221667795098604598e-02 1.623187055110052526e-02 4.583682185637888429e-02 5.006052018208705795e-02
0.000000000000000000e+00 3.836189191475324750e-02 1.664686697327662224e-02 6.571170758454136784e-02 2.057353661680201215e-02
0.000000000000000000e+00 3.865973033735911613e-02 9.463785919344500433e-03 7.767677900843945882e-02 1.472436493524739883e-03
0.000000000000000000e+00 3.678709457713823239e-02 8.148541822879600644e-04 8.197454489890486362e-02 0.000000000000000000e+00
0.000000000000000000e+00 3.127381823794002369e-02 0.000000000000000000e+00 8.089698608483758546e-02 0.000000000000000000e+00
0.000000000000000000e+00 2.459332953686446666e-02 0.000000000000000000e+00 8.932643763463221642e-02 6.864537582383523767e-03
0.000000000000000000e+00 1.577253519778998650e-02 0.000000000000000000e+00 1.123405134884593870e-01 1.821794330314611271e-02
0.000000000000000000e+00 3.225487289677355859e-03 0.000000000000000000e+00 1.564633079554620942e-01 2.984254370836701004e-02
1.583965197773766660e-03 0.000000000000000000e+00 0.000000000000000000e+00 1.949613437132958760e-01 3.991903395708810975e-02
2.618457255187767174e-02 0.000000000000000000e+00 4.008698415795480113e-02 1.814967407958182899e-01 4.146900130677957236e-02
5.557088148713722892e-02 0.000000000000000000e+00 9.450680399645083885e-02 9.260465397053080361e-02 3.862288458807711794e-02
6.753481053513779586e-02 0.000000000000000000e+00 1.153450476459883106e-01 0.000000000000000000e+00 3.318072308520103597e-02
4.869862295635758731e-02 8.177822365990367048e-02 7.747082092235567374e-02 0.000000000000000000e+00 2.544353057648730473e-02
1.848215326587642621e-02 1.548039800963609269e-01 1.935002892011466330e-02 0.000000000000000000e+00 1.634369943928240879e-02
0.000000000000000000e+00 1.460593922201443573e-01 0.000000000000000000e+00 0.000000000000000000e+00 8.531260657986143581e-03
0.000000000000000000e+00 8.379962068672397457e-02 0.000000000000000000e+00 7.217079952244781667e-03 5.651552075478224807e-04
0.000000000000000000e+00 2.289210443505575523e-02 0.000000000000000000e+00 4.152844320995525453e-03 0.000000000000000000e+00
0.000000000000000000e+00 2.084363315491482432e-03 0.000000000000000000e+00 1.423870105097003406e-03 0.000000000000000000e+00
0.000000000000000000e+00 0.000000000000000000e+00 0.000000000000000000e+00 0.000000000000000000e+00 0.000000000000000000e+00
0.000000000000000000e+00 0.000000000000000000e+00 0.000000000000000000e+00 0.000000000000000000e+00 0.000000000000000000e+00
0.000000000000000000e+00 0.000000000000000000e+00 0.000000000000000000e+00 0.000000000000000000e+00 0.000000000000000000e+00
0.000000000000000000e+00 0.000000000000000000e+00 0.000000000000000000e+00 0.000000000000000000e+00 0.000000000000000000e+00
1.139190946354507529e-04 0.000000000000000000e+00 1.700495137794453908e-05 0.000000000000000000e+00 9.428630678877291857e-05
0.000000000000000000e+00 0.000000000000000000e+00 0.000000000000000000e+00 0.000000000000000000e+00 9.156058607212301179e-03
0.000000000000000000e+00 3.499765812179273547e-04 0.000000000000000000e+00 0.000000000000000000e+00 4.250552414512114019e-02
0.000000000000000000e+00 3.942537088189222716e-03 0.000000000000000000e+00 0.000000000000000000e+00 8.741643299985407678e-02
0.000000000000000000e+00 1.043406157918547357e-02 5.552826074352674481e-03 0.000000000000000000e+00 1.218643964457610113e-01
0.000000000000000000e+00 1.818080873841817352e-02 2.014205410823283193e-02 3.883849849892150128e-03 1.235492275143493801e-01
0.000000000000000000e+00 2.973114077323618654e-02 3.491573970703069907e-02 3.236680579863923657e-02 9.324327917672318999e-02
0.000000000000000000e+00 4.729836951537031570e-02 4.050681505750713951e-02 6.784971110040191600e-02 5.311351137511027831e-02
0.000000000000000000e+00 5.805467697428453450e-02 3.241477986051242988e-02 1.011607095959483893e-01 2.259421335671181127e-02
0.000000000000000000e+00 6.257033341910793467e-02 1.663274616703356093e-02 1.266268795879669229e-01 1.188281722807576005e-02
0.000000000000000000e+00 5.851640249740583388e-02 2.551217935932862616e-03 1.410227106943343078e-01 1.769532740829453041e-02
0.000000000000000000e+00 4.772766064310573347e-02 0.000000000000000000e+00 1.568571726625231921e-01 3.209829696690705975e-02
0.000000000000000000e+00 3.169423533211288696e-02 0.000000000000000000e+00 1.778493289900825447e-01 4.808277881198155801e-02
0.000000000000000000e+00 1.176801042037754937e-02 1.348391192531930502e-02 1.912634139085814533e-01 5.935583576261409255e-02
0.000000000000000000e+00 0.000000000000000000e+00 4.667419883264339181e-02 1.730001787813993941e-01 5.937536803116331974e-02
3.324632643577279251e-02 0.000000000000000000e+00 9.145232609373835087e-02 1.093169961047600197e-01 4.641700309679137881e-02
6.039936948742899436e-02 0.000000000000000000e+00 1.187240018864427760e-01 1.221246178449182304e-02 3.318553422990448698e-02
6.471037902122209196e-02 5.343250623662235826e-02 1.022710086251502337e-01 0.000000000000000000e+00 1.843736389342875634e-02
4.410576708518141459e-02 1.324638115061185784e-01 4.666419195807648690e-02 0.000000000000000000e+00 8.833212035493226422e-03
1.705417263154061086e-02 1.596706142941074213e-01 1.163330731200113224e-03 0.000000000000000000e+00 5.354235981626317281e-03
2.743192624541547150e-03 1.223233049227676755e-01 0.000000000000000000e+00 2.945024068039247818e-04 9.276289135207486328e-04
0.000000000000000000e+00 5.953516088700876868e-02 0.000000000000000000e+00 5.900358352129914281e-03 0.000000000000000000e+00
0.000000000000000000e+00 1.399106971908977565e-02 0.000000000000000000e+00 3.001300123682798093e-03 0.000000000000000000e+00
0.000000000000000000e+00 1.060122197038769346e-03 0.000000000000000000e+00 6.435924634568528785e-04 0.000000000000000000e+00
0.000000000000000000e+00 0.000000000000000000e+00 0.000000000000000000e+00 0.000000000000000000e+00 0.000000000000000000e+00
0.000000000000000000e+00 0.000000000000000000e+00 0.000000000000000000e+00 0.000000000000000000e+00 0.000000000000000000e+00
0.000000000000000000e+00 0.000000000000000000e+00 0.000000000000000000e+00 0.000000000000000000e+00 0.000000000000000000e+00
0.000000000000000000e+00 0.000000000000000000e+00 0.000000000000000000e+00 0.000000000000000000e+00 0.000000000000000000e+00
6.401729867465932573e-05 0.000000000000000000e+00 3.826480474336513803e-05 0.000000000000000000e+00 1.036418816380393676e-04
0.000000000000000000e+00 0.000000000000000000e+00 0.000000000000000000e+00 0.000000000000000000e+00 6.523162757929009369e-03
0.000000000000000000e+00 0.000000000000000000e+00 0.000000000000000000e+00 0.000000000000000000e+00 3.368991905230429851e-02
0.000000000000000000e+00 4.077562018470682519e-04 0.000000000000000000e+00 0.000000000000000000e+00 8.162901850356310551e-02
0.000000000000000000e+00 2.492858338919267790e-03 8.479171774667121006e-03 0.000000000000000000e+00 1.300130797220432344e-01
0.000000000000000000e+00 7.531034260940103545e-03 2.673045179057174231e-02 0.000000000000000000e+00 1.539059497717451264e-01
0.000000000000000000e+00 1.610946373674101290e-02 5.027127273112935030e-02 0.000000000000000000e+00 1.438213212458132884e-01
0.000000000000000000e+00 3.587697970862335078e-02 6.922832078259964772e-02 3.117999056033258359e-02 1.095204423854382325e-01
0.000000000000000000e+00 5.472937213854991989e-02 7.473860868324369577e-02 7.135828581922674940e-02 7.594627727225522484e-02
0.000000000000000000e+00 6.719346643932160024e-02 6.428335404597769476e-02 1.067609252547028625e-01 6.229242359343861724e-02
0.000000000000000000e+00 6.998255145604846683e-02 5.250074934775064706e-02 1.334277588683335791e-01 6.324677965734196161e-02
0.000000000000000000e+00 6.282423292364686107e-02 4.973813071767754779e-02 1.478314854579305671e-01 6.996866075215769920e-02
0.000000000000000000e+00 4.579793568905463769e-02 6.071544620029933892e-02 1.469984561322720262e-01 7.163790301335755395e-02
0.000000000000000000e+00 2.686843793784700340e-02 8.268024646753992235e-02 1.247205344556827494e-01 6.494378296282447838e-02
2.955356496898099011e-02 1.544196408391140980e-02 1.092909468994753275e-01 7.662057706123799605e-02 4.460694094139502214e-02
5.874399315056616500e-02 2.495135954980505846e-02 1.242276756665209314e-01 5.747415862210974134e-03 2.510195825844874565e-02
7.125098397792213600e-02 6.680814517384957296e-02 1.066373663092177321e-01 0.000000000000000000e+00 9.284424031644014988e-03
6.246805389053815272e-02 1.228210953704018532e-01 5.739434032350497483e-02 0.000000000000000000e+00 0.000000000000000000e+00
3.833477849974540469e-02 1.524023598499079646e-01 1.074960585934603419e-02 0.000000000000000000e+00 0.000000000000000000e+00
1.505319313897774888e-02 1.310682870355630303e-01 0.000000000000000000e+00 0.000000000000000000e+00 0.000000000000000000e+00
4.561634176335056974e-03 7.892794589739760003e-02 0.000000000000000000e+00 2.778036772576540289e-03 0.000000000000000000e+00
1.175004735303473167e-03 3.097481119398396224e-02 0.000000000000000000e+00 3.904191527698377615e-03 0.000000000000000000e+00
3.952030015090848532e-04 5.206684022352589016e-03 0.000000000000000000e+00 1.121262386632244272e-03 0.000000000000000000e+00
1.840613008316078868e-05 6.516533796217556919e-05 0.000000000000000000e+00 4.874305734347812133e-05 0.000000000000000000e+00
0.000000000000000000e+00 0.000000000000000000e+00 0.000000000000000000e+00 0.000000000000000000e+00 0.000000000000000000e+00
0.000000000000000000e+00 0.000000000000000000e+00 0.000000000000000000e+00 0.000000000000000000e+00 0.000000000000000000e+00
0.000000000000000000e+00 0.000000000000000000e+00 0.000000000000000000e+00 0.000000000000000000e+00 0.000000000000000000e+00
0.000000000000000000e+00 0.000000000000000000e+00 0.000000000000000000e+00 0.000000000000000000e+00 0.000000000000000000e+00
3.643710156649240528e-06 0.000000000000000000e+00 1.510994457481904959e-05 0.000000000000000000e+00 1.005777120992478775e-05
0.000000000000000000e+00 0.000000000000000000e+00 1.232473708319762790e-05 0.000000000000000000e+00 3.418729861652561493e-03
0.000000000000000000e+00 0.000000000000000000e+00 0.000000000000000000e+00 0.000000000000000000e+00 1.928355732011127754e-02
0.000000000000000000e+00 0.000000000000000000e+00 0.000000000000000000e+00 0.000000000000000000e+00 5.365167382336365198e-02
0.000000000000000000e+00 0.000000000000000000e+00 6.160851502955576667e-03 0.000000000000000000e+00 9.681696594732168426e-02
0.000000000000000000e+00 0.000000000000000000e+00 2.239606227259963861e-02 0.000000000000000000e+00 1.376962529693250004e-01
0.000000000000000000e+00 0.000000000000000000e+00 4.947575492342775466e-02 0.000000000000000000e+00 1.536346049586033713e-01
3.536985811989969706e-04 2.577031401430138289e-03 8.091635331755984983e-02 0.000000000000000000e+00 1.397519806519510188e-01
1.210389887387785298e-03 1.873483532894722886e-02 1.040658095200056726e-01 1.078537279466301301e-03 1.132400660237498358e-01
2.816285054097652542e-03 3.730252955851489499e-02 1.116190191845422425e-01 3.189854003215495531e-02 9.135109783134418016e-02
7.385174720037007874e-03 4.955776993041766110e-02 1.140816426240431475e-01 5.168414650133874161e-02 7.622059390211929908e-02
1.736255433346547972e-02 5.429295607963074283e-02 1.159315059583172075e-01 5.505893997938896001e-02 6.518235619239823309e-02
3.475129722942181532e-02 5.041463184628645899e-02 1.220149668750254296e-01 4.161633751377341595e-02 4.900251815345418871e-02
5.801563501558362757e-02 4.737793980159309831e-02 1.267973481715692907e-01 1.081854709014442965e-02 3.012198928393739969e-02
7.923109847563203356e-02 5.857123612557453562e-02 1.198465672234002022e-01 0.000000000000000000e+00 1.089225716262378664e-02
8.673182944264155869e-02 8.852987852219942888e-02 9.164839520691203667e-02 0.000000000000000000e+00 0.000000000000000000e+00
7.761887862685706851e-02 1.203865392970790982e-01 4.818870476947429565e-02 0.000000000000000000e+00 0.000000000000000000e+00
5.348770504650129931e-02 1.356242747778383106e-01 8.792295207335100796e-03 0.000000000000000000e+00 0.000000000000000000e+00
2.936556301620967327e-02 1.164311127640446225e-01 0.000000000000000000e+00 0.000000000000000000e+00 0.000000000000000000e+00
1.243757922201211945e-02 7.668343820263109900e-02 0.000000000000000000e+00 9.493938191760453379e-04 0.000000000000000000e+00
4.587573662805384533e-03 3.575123384284456529e-02 0.000000000000000000e+00 2.936194727309252364e-03 0.000000000000000000e+00
1.006662478501001374e-03 1.102353481207992217e-02 0.000000000000000000e+00 1.923200008202961657e-03 0.000000000000000000e+00
1.765581812761460843e-04 1.302437447371136703e-03 0.000000000000000000e+00 3.646952490216552427e-04 0.000000000000000000e+00
0.000000000000000000e+00 0.000000000000000000e+00 0.000000000000000000e+00 0.000000000000000000e+00 0.000000000000000000e+00
0.000000000000000000e+00 0.000000000000000000e+00 0.000000000000000000e+00 0.000000000000000000e+00 0.000000000000000000e+00
3.833144199832357800e-06 0.000000000000000000e+00 8.129930907416019242e-07 0.000000000000000000e+00 0.000000000000000000e+00
0.000000000000000000e+00 0.000000000000000000e+00 0.000000000000000000e+00 0.000000000000000000e+00 0.000000000000000000e+00
0.000000000000000000e+00 0.000000000000000000e+00 0.000000000000000000e+00 0.000000000000000000e+00 0.000000000000000000e+00
0.000000000000000000e+00 0.000000000000000000e+00 0.000000000000000000e+00 0.000000000000000000e+00 0.000000000000000000e+00
1.618745213011597937e-04 0.000000000000000000e+00 7.057321207962250311e-06 0.000000000000000000e+00 9.555693369359888464e-04
8.009062444260417902e-04 0.000000000000000000e+00 0.000000000000000000e+00 0.000000000000000000e+00 6.835178992767599812e-03
3.546867204352469830e-03 0.000000000000000000e+00 0.000000000000000000e+00 0.000000000000000000e+00 2.296875882030057631e-02
8.114059264331039550e-03 0.000000000000000000e+00 0.000000000000000000e+00 0.000000000000000000e+00 4.780206337825369106e-02
1.735097724343634060e-02 0.000000000000000000e+00 5.852392570318274909e-03 0.000000000000000000e+00 7.758326336372312060e-02
3.025510039861965469e-02 0.000000000000000000e+00 2.243201347048156755e-02 0.000000000000000000e+00 1.024441449234494844e-01
4.607147272370550051e-02 0.000000000000000000e+00 4.755905582054852782e-02 0.000000000000000000e+00 1.089061076733290750e-01
6.140855126729840435e-02 0.000000000000000000e+00 7.490762334031418612e-02 0.000000000000000000e+00 9.848961929765553958e-02
7.426859121208097270e-02 0.000000000000000000e+00 9.767676980165730660e-02 0.000000000000000000e+00 7.610256404573603750e-02
8.571413996079554898e-02 4.128855779624069147e-03 1.122797976749409649e-01 0.000000000000000000e+00 4.803250924508303821e-02
9.874032791025494360e-02 2.338793514708295204e-02 1.138617009627862081e-01 0.000000000000000000e+00 2.310047296057832905e-02
1.100356037241850687e-01 4.254031974788873710e-02 1.048160374996785216e-01 0.000000000000000000e+00 1.012689111991102366e-03
1.142064668773379726e-01 6.264283044468996198e-02 8.291880048966117356e-02 0.000000000000000000e+00 0.000000000000000000e+00
1.083443296175070070e-01 8.346891746103711485e-02 5.276346166646629643e-02 0.000000000000000000e+00 0.000000000000000000e+00
8.826847324635418712e-02 9.903574953562657712e-02 1.999161330044907370e-02 0.000000000000000000e+00 0.000000000000000000e+00
6.135653092762072269e-02 1.011254349105278755e-01 0.000000000000000000e+00 0.000000000000000000e+00 0.000000000000000000e+00
3.627310319834589625e-02 8.466022255342359193e-02 0.000000000000000000e+00 0.000000000000000000e+00 0.000000000000000000e+00
1.868023791044794157e-02 5.448818856956010037e-02 0.000000000000000000e+00 1.700515961798428760e-03 0.000000000000000000e+00
7.531269801268720802e-03 2.542013017730113122e-02 0.000000000000000000e+00 3.276596597011907468e-03 0.000000000000000000e+00
2.261884713564245915e-03 9.022523515546868392e-03 0.000000000000000000e+00 2.183545347899788248e-03 0.000000000000000000e+00
5.580829830747171183e-04 1.901884057634415639e-03 0.000000000000000000e+00 7.094545936246977793e-04 0.000000000000000000e+00
5.844705826879916677e-05 9.150368222289137379e-05 0.000000000000000000e+00 9.694040474482460063e-05 0.000000000000000000e+00
3.648680226469285004e-06 0.000000000000000000e+00 1.094478952809071123e-05 5.330138225235147263e-04 0.000000000000000000e+00
1.887248393001351291e-07 0.000000000000000000e+00 5.661098031770641428e-07 2.756968047535431057e-05 0.000000000000000000e+00
6.209693603728421872e-05 0.000000000000000000e+00 1.317048807001397061e-05 0.000000000000000000e+00 0.000000000000000000e+00
0.000000000000000000e+00 0.000000000000000000e+00 0.000000000000000000e+00 0.000000000000000000e+00 0.000000000000000000e+00
0.000000000000000000e+00 0.000000000000000000e+00 0.000000000000000000e+00 0.000000000000000000e+00 0.000000000000000000e+00
0.000000000000000000e+00 0.000000000000000000e+00 0.000000000000000000e+00 0.000000000000000000e+00 0.000000000000000000e+00
1.039295295861776325e-04 0.000000000000000000e+00 0.000000000000000000e+00 6.770180186337679924e-05 1.496949601192905431e-04
9.442230215923336093e-04 0.000000000000000000e+00 0.000000000000000000e+00 4.104385600912402086e-04 1.636192909403700419e-03
3.337736631038579031e-03 0.000000000000000000e+00 0.000000000000000000e+00 8.494019863169869136e-04 5.525915650783652829e-03
8.839953314137272838e-03 0.000000000000000000e+00 0.000000000000000000e+00 0.000000000000000000e+00 1.207951759035680306e-02
1.914320026172828398e-02 0.000000000000000000e+00 0.000000000000000000e+00 0.000000000000000000e+00 2.072633845867413727e-02
3.248384243880778760e-02 0.000000000000000000e+00 0.000000000000000000e+00 0.000000000000000000e+00 2.695399844063788367e-02
5.351454849628253102e-02 0.000000000000000000e+00 1.735608783145618913e-03 0.000000000000000000e+00 2.687814314208205463e-02
7.854392350330664796e-02 0.000000000000000000e+00 7.947897569547167015e-03 0.000000000000000000e+00 2.058120486174313049e-02
1.016092573347636557e-01 0.000000000000000000e+00 1.374525854035739923e-02 0.000000000000000000e+00 9.323042021580366101e-03
1.198636144387193875e-01 0.000000000000000000e+00 1.743665896414592006e-02 0.000000000000000000e+00 0.000000000000000000e+00
1.249065930173113848e-01 0.000000000000000000e+00 1.456276972582533878e-02 0.000000000000000000e+00 0.000000000000000000e+00
1.196984476973395328e-01 1.889144448547573629e-02 6.857315703146098750e-03 0.000000000000000000e+00 0.000000000000000000e+00
1.018098369209316373e-01 3.386903040236196455e-02 0.000000000000000000e+00 0.000000000000000000e+00 0.000000000000000000e+00
7.633596568613158773e-02 4.322025489839588508e-02 0.000000000000000000e+00 0.000000000000000000e+00 0.000000000000000000e+00
5.030575661574105545e-02 4.370596298012029840e-02 0.000000000000000000e+00 0.000000000000000000e+00 0.000000000000000000e+00
2.980135262831169057e-02 3.356295711043889157e-02 0.000000000000000000e+00 1.159497090182717198e-03 0.000000000000000000e+00
1.484741682314142698e-02 2.043876052295852744e-02 0.000000000000000000e+00 2.029979291555891307e-03 0.000000000000000000e+00
6.706727234086436000e-03 9.700901901216666887e-03 0.000000000000000000e+00 2.701923333788601531e-03 0.000000000000000000e+00
2.559350685409100736e-03 3.663649524388957763e-03 0.000000000000000000e+00 2.110148904235397988e-03 0.000000000000000000e+00
9.445753264321248358e-04 1.451593823377706014e-03 0.000000000000000000e+00 1.066250409818930668e-03 0.000000000000000000e+00
2.925153125492757134e-04 2.224515490971004726e-04 0.000000000000000000e+00 2.994476847854489888e-04 0.000000000000000000e+00
1.997105188617501591e-05 1.864501110464157139e-05 0.000000000000000000e+00 3.640307206003983717e-05 0.000000000000000000e+00
0.000000000000000000e+00 0.000000000000000000e+00 0.000000000000000000e+00 0.000000000000000000e+00 0.000000000000000000e+00
0.000000000000000000e+00 0.000000000000000000e+00 0.000000000000000000e+00 0.000000000000000000e+00 0.000000000000000000e+00
0.000000000000000000e+00 0.000000000000000000e+00 0.000000000000000000e+00 0.000000000000000000e+00 0.000000000000000000e+00
0.000000000000000000e+00 0.000000000000000000e+00 0.000000000000000000e+00 0.000000000000000000e+00 0.000000000000000000e+00
0.000000000000000000e+00 0.000000000000000000e+00 0.000000000000000000e+00 0.000000000000000000e+00 0.000000000000000000e+00
0.000000000000000000e+00 0.000000000000000000e+00 0.000000000000000000e+00 0.000000000000000000e+00 0.000000000000000000e+00
3.539102232110687483e-06 0.000000000000000000e+00 0.000000000000000000e+00 1.000667161560407033e-05 5.292536403210473881e-06
3.908166729478571949e-05 0.000000000000000000e+00 0.000000000000000000e+00 1.011368114042002334e-04 6.090168665692211638e-05
5.353333548058438092e-04 0.000000000000000000e+00 0.000000000000000000e+00 5.910792343892381584e-04 2.520007863956257011e-04
1.499411176365857655e-03 4.876494531233228728e-05 0.000000000000000000e+00 1.142440619488388530e-03 5.861171550868440145e-04
3.794944175722369563e-03 0.000000000000000000e+00 0.000000000000000000e+00 2.183272628195451377e-03 1.190641551278210242e-03
6.740445483843044046e-03 0.000000000000000000e+00 0.000000000000000000e+00 3.696100270730441877e-03 9.117757837627837088e-04
1.171755575596176296e-02 0.000000000000000000e+00 0.000000000000000000e+00 5.347136206919021577e-03 0.000000000000000000e+00
1.666066545268695895e-02 0.000000000000000000e+00 0.000000000000000000e+00 7.829914629003432991e-03 0.000000000000000000e+00
2.127799465312884414e-02 0.000000000000000000e+00 0.000000000000000000e+00 8.927798624435571637e-03 0.000000000000000000e+00
2.445250878827383637e-02 0.000000000000000000e+00 0.000000000000000000e+00 8.997488653170473971e-03 0.000000000000000000e+00
2.547744579826380709e-02 0.000000000000000000e+00 0.000000000000000000e+00 9.569125449818456294e-03 0.000000000000000000e+00
2.402302734809969378e-02 1.378981326384119644e-03 0.000000000000000000e+00 8.587862217697720887e-03 0.000000000000000000e+00
1.892405005778962854e-02 3.459910479671916405e-03 0.000000000000000000e+00 5.839792717552417557e-03 0.000000000000000000e+00
1.343505291146109698e-02 5.039758490139461221e-03 0.000000000000000000e+00 4.536691974758193246e-03 0.000000000000000000e+00
8.824655979165976424e-03 4.653916292035068132e-03 0.000000000000000000e+00 3.817029849764135355e-03 0.000000000000000000e+00
5.187860010511556770e-03 3.478489332838015369e-03 0.000000000000000000e+00 3.225227574331336177e-03 0.000000000000000000e+00
3.199998331893805746e-03 2.096941407268520727e-03 0.000000000000000000e+00 2.752304290638015512e-03 0.000000000000000000e+00
2.102711699322966019e-03 8.759350505193498745e-04 0.000000000000000000e+00 2.368451653448936604e-03 0.000000000000000000e+00
8.922051189866381151e-04 4.065742188363797769e-04 0.000000000000000000e+00 1.107461051509310178e-03 0.000000000000000000e+00
3.398254651747802937e-04 1.722389621767025025e-04 0.000000000000000000e+00 4.834835649003847084e-04 0.000000000000000000e+00
1.610650244579519164e-04 7.818226943787715195e-05 0.000000000000000000e+00 2.317368150150657630e-04 0.000000000000000000e+00
0.000000000000000000e+00 0.000000000000000000e+00 0.000000000000000000e+00 0.000000000000000000e+00 0.000000000000000000e+00
0.000000000000000000e+00 0.000000000000000000e+00 0.000000000000000000e+00 0.000000000000000000e+00 0.000000000000000000e+00
0.000000000000000000e+00 0.000000000000000000e+00 0.000000000000000000e+00 0.000000000000000000e+00 0.000000000000000000e+00
0.000000000000000000e+00 0.000000000000000000e+00 0.000000000000000000e+00 0.000000000000000000e+00 0.000000000000000000e+00
0.000000000000000000e+00 0.000000000000000000e+00 0.000000000000000000e+00 0.000000000000000000e+00 0.000000000000000000e+00
0.000000000000000000e+00 0.000000000000000000e+00 0.000000000000000000e+00 0.000000000000000000e+00 0.000000000000000000e+00
0.000000000000000000e+00 0.000000000000000000e+00 0.000000000000000000e+00 0.000000000000000000e+00 0.000000000000000000e+00
0.000000000000000000e+00 0.000000000000000000e+00 0.000000000000000000e+00 0.000000000000000000e+00 0.000000000000000000e+00
0.000000000000000000e+00 0.000000000000000000e+00 0.000000000000000000e+00 0.000000000000000000e+00 0.000000000000000000e+00
0.000000000000000000e+00 0.000000000000000000e+00 0.000000000000000000e+00 0.000000000000000000e+00 0.000000000000000000e+00
2.305155779398035019e-05 4.289824779658534645e-07 0.000000000000000000e+00 1.020535394367147594e-04 0.000000000000000000e+00
4.610311558796070038e-05 8.579649559317069290e-07 0.000000000000000000e+00 2.041070788734295188e-04 0.000000000000000000e+00
4.610311558796070038e-05 8.579649559317069290e-07 0.000000000000000000e+00 2.041070788734295188e-04 0.000000000000000000e+00
4.610311558796070038e-05 8.579649559317069290e-07 0.000000000000000000e+00 2.041070788734295188e-04 0.000000000000000000e+00
4.610311558796070038e-05 8.579649559317069290e-07 0.000000000000000000e+00 2.041070788734295188e-04 0.000000000000000000e+00
1.663989427788675356e-04 0.000000000000000000e+00 0.000000000000000000e+00 5.012899784848808254e-04 0.000000000000000000e+00
4.109880797810158215e-04 3.791356591250380996e-05 0.000000000000000000e+00 7.775223277955510114e-04 0.000000000000000000e+00
6.686749951859934701e-04 8.228375900641324661e-05 0.000000000000000000e+00 8.104579414884292062e-04 0.000000000000000000e+00
9.913020014775692640e-04 1.166270384402378973e-04 0.000000000000000000e+00 8.994339847114613982e-04 0.000000000000000000e+00
8.386179576478846546e-04 1.189348506053843291e-04 0.000000000000000000e+00 7.232093592238615339e-04 0.000000000000000000e+00
5.298088984777230958e-04 1.070179256907494180e-04 0.000000000000000000e+00 4.218654391432029218e-04 0.000000000000000000e+00
6.451091931392433608e-04 7.858064418319296357e-05 0.000000000000000000e+00 6.651772056254160858e-04 0.000000000000000000e+00
7.336107149175607979e-04 3.770113773688568248e-05 0.000000000000000000e+00 1.132303625867748771e-03 0.000000000000000000e+00
5.838670720279030227e-04 5.333437546582193441e-05 0.000000000000000000e+00 8.889534514133546651e-04 0.000000000000000000e+00
4.954365641608706123e-04 7.951820493451993582e-05 0.000000000000000000e+00 7.315040168946087672e-04 0.000000000000000000e+00
2.871230703928608335e-04 1.108257473900145523e-04 0.000000000000000000e+00 4.387564211011267317e-04 0.000000000000000000e+00
1.679359552929736291e-04 4.676333707755782765e-05 0.000000000000000000e+00 2.118450963505290926e-04 0.000000000000000000e+00
2.631786819488515756e-05 5.001283275815144145e-06 0.000000000000000000e+00 3.120510313467217926e-05 0.000000000000000000e+00
0.000000000000000000e+00 0.000000000000000000e+00 0.000000000000000000e+00 0.000000000000000000e+00 0.000000000000000000e+00
0.000000000000000000e+00 0.000000000000000000e+00 0.000000000000000000e+00 0.000000000000000000e+00 0.000000000000000000e+00
0.000000000000000000e+00 0.000000000000000000e+00 0.000000000000000000e+00 0.000000000000000000e+00 0.000000000000000000e+00
0.000000000000000000e+00 0.000000000000000000e+00 0.000000000000000000e+00 0.000000000000000000e+00 0.000000000000000000e+00
0.000000000000000000e+00 0.000000000000000000e+00 0.000000000000000000e+00 0.000000000000000000e+00 0.000000000000000000e+00
0.000000000000000000e+00 0.000000000000000000e+00 0.000000000000000000e+00 0.000000000000000000e+00 0.000000000000000000e+00
0.000000000000000000e+00 0.000000000000000000e+00 0.000000000000000000e+00 0.000000000000000000e+00 0.000000000000000000e+00
0.000000000000000000e+00 0.000000000000000000e+00 0.000000000000000000e+00 0.000000000000000000e+00 0.000000000000000000e+00
0.000000000000000000e+00 0.000000000000000000e+00 0.000000000000000000e+00 0.000000000000000000e+00 0.000000000000000000e+00
0.000000000000000000e+00 0.000000000000000000e+00 0.000000000000000000e+00 0.000000000000000000e+00 0.000000000000000000e+00
0.000000000000000000e+00 0.000000000000000000e+00 0.000000000000000000e+00 0.000000000000000000e+00 0.000000000000000000e+00
0.000000000000000000e+00 0.000000000000000000e+00 0.000000000000000000e+00 0.000000000000000000e+00 0.000000000000000000e+00
0.000000000000000000e+00 0.000000000000000000e+00 0.000000000000000000e+00 0.000000000000000000e+00 0.000000000000000000e+00
0.000000000000000000e+00 0.000000000000000000e+00 0.000000000000000000e+00 0.000000000000000000e+00 0.000000000000000000e+00
0.000000000000000000e+00 0.000000000000000000e+00 0.000000000000000000e+00 0.000000000000000000e+00 0.000000000000000000e+00
0.000000000000000000e+00 0.000000000000000000e+00 0.000000000000000000e+00 0.000000000000000000e+00 0.000000000000000000e+00
0.000000000000000000e+00 0.000000000000000000e+00 0.000000000000000000e+00 0.000000000000000000e+00 0.000000000000000000e+00
0.000000000000000000e+00 0.000000000000000000e+00 0.000000000000000000e+00 0.000000000000000000e+00 0.000000000000000000e+00
0.000000000000000000e+00 0.000000000000000000e+00 0.000000000000000000e+00 0.000000000000000000e+00 0.000000000000000000e+00
0.000000000000000000e+00 0.000000000000000000e+00 0.000000000000000000e+00 0.000000000000000000e+00 0.000000000000000000e+00
0.000000000000000000e+00 0.000000000000000000e+00 0.000000000000000000e+00 0.000000000000000000e+00 0.000000000000000000e+00
0.000000000000000000e+00 0.000000000000000000e+00 0.000000000000000000e+00 0.000000000000000000e+00 0.000000000000000000e+00
0.000000000000000000e+00 0.000000000000000000e+00 0.000000000000000000e+00 0.000000000000000000e+00 0.000000000000000000e+00
0.000000000000000000e+00 0.000000000000000000e+00 0.000000000000000000e+00 0.000000000000000000e+00 0.000000000000000000e+00
0.000000000000000000e+00 0.000000000000000000e+00 0.000000000000000000e+00 0.000000000000000000e+00 0.000000000000000000e+00
0.000000000000000000e+00 0.000000000000000000e+00 0.000000000000000000e+00 0.000000000000000000e+00 0.000000000000000000e+00
0.000000000000000000e+00 0.000000000000000000e+00 0.000000000000000000e+00 0.000000000000000000e+00 0.000000000000000000e+00
0.000000000000000000e+00 0.000000000000000000e+00 0.000000000000000000e+00 0.000000000000000000e+00 0.000000000000000000e+00
0.000000000000000000e+00 0.000000000000000000e+00 0.000000000000000000e+00 0.000000000000000000e+00 0.000000000000000000e+00
0.000000000000000000e+00 0.000000000000000000e+00 0.000000000000000000e+00 0.000000000000000000e+00 0.000000000000000000e+00
0.000000000000000000e+00 0.000000000000000000e+00 0.000000000000000000e+00 0.000000000000000000e+00 0.000000000000000000e+00
0.000000000000000000e+00 0.000000000000000000e+00 0.000000000000000000e+00 0.000000000000000000e+00 0.000000000000000000e+00
0.000000000000000000e+00 0.000000000000000000e+00 0.000000000000000000e+00 0.000000000000000000e+00 0.000000000000000000e+00
