1480.44263219833370.000000000000000000e+00 0.000000000000000000e+00 0.000000000000000000e+00 0.000000000000000000e+00 0.000000000000000000e+00
0.000000000000000000e+00 0.000000000000000000e+00 0.000000000000000000e+00 0.000000000000000000e+00 0.000000000000000000e+00
0.000000000000000000e+00 0.000000000000000000e+00 0.000000000000000000e+00 0.000000000000000000e+00 0.000000000000000000e+00
0.000000000000000000e+00 0.000000000000000000e+00 0.000000000000000000e+00 0.000000000000000000e+00 0.000000000000000000e+00
0.000000000000000000e+00 0.000000000000000000e+00 0.000000000000000000e+00 0.000000000000000000e+00 0.000000000000000000e+00
0.000000000000000000e+00 0.000000000000000000e+00 0.000000000000000000e+00 0.000000000000000000e+00 0.000000000000000000e+00
0.000000000000000000e+00 0.000000000000000000e+00 0.000000000000000000e+00 0.000000000000000000e+00 0.000000000000000000e+00
0.000000000000000000e+00 0.000000000000000000e+00 0.000000000000000000e+00 0.000000000000000000e+00 0.000000000000000000e+00
0.000000000000000000e+00 0.000000000000000000e+00 0.000000000000000000e+00 0.000000000000000000e+00 0.000000000000000000e+00
0.000000000000000000e+00 0.000000000000000000e+00 0.000000000000000000e+00 0.000000000000000000e+00 0.000000000000000000e+00
0.000000000000000000e+00 0.000000000000000000e+00 0.000000000000000000e+00 0.000000000000000000e+00 0.000000000000000000e+00
0.000000000000000000e+00 0.000000000000000000e+00 0.000000000000000000e+00 0.000000000000000000e+00 0.000000000000000000e+00
0.000000000000000000e+00 0.000000000000000000e+00 0.000000000000000000e+00 0.000000000000000000e+00 0.000000000000000000e+00
0.000000000000000000e+00 0.000000000000000000e+00 0.000000000000000000e+00 0.000000000000000000e+00 0.000000000000000000e+00
0.000000000000000000e+00 0.000000000000000000e+00 0.000000000000000000e+00 0.000000000000000000e+00 0.000000000000000000e+00
0.000000000000000000e+00 0.000000000000000000e+00 0.000000000000000000e+00 0.000000000000000000e+00 0.000000000000000000e+00
0.000000000000000000e+00 0.000000000000000000e+00 0.000000000000000000e+00 0.000000000000000000e+00 0.000000000000000000e+00
0.000000000000000000e+00 0.000000000000000000e+00 0.000000000000000000e+00 0.000000000000000000e+00 0.000000000000000000e+00
0.000000000000000000e+00 0.000000000000000000e+00 0.000000000000000000e+00 0.000000000000000000e+00 0.000000000000000000e+00
0.000000000000000000e+00 0.000000000000000000e+00 0.000000000000000000e+00 0.000000000000000000e+00 0.000000000000000000e+00
0.000000000000000000e+00 0.000000000000000000e+00 0.000000000000000000e+00 0.000000000000000000e+00 0.000000000000000000e+00
0.000000000000000000e+00 0.000000000000000000e+00 0.000000000000000000e+00 0.000000000000000000e+00 0.000000000000000000e+00
0.000000000000000000e+00 0.000000000000000000e+00 0.000000000000000000e+00 0.000000000000000000e+00 0.000000000000000000e+00
0.000000000000000000e+00 0.000000000000000000e+00 0.000000000000000000e+00 0.000000000000000000e+00 0.000000000000000000e+00
0.000000000000000000e+00 0.000000000000000000e+00 0.000000000000000000e+00 0.000000000000000000e+00 0.000000000000000000e+00
0.000000000000000000e+00 0.000000000000000000e+00 0.000000000000000000e+00 0.000000000000000000e+00 0.000000000000000000e+00
0.000000000000000000e+00 0.000000000000000000e+00 0.000000000000000000e+00 0.000000000000000000e+00 0.000000000000000000e+00
0.000000000000000000e+00 0.000000000000000000e+00 0.000000000000000000e+00 0.000000000000000000e+00 0.000000000000000000e+00
0.000000000000000000e+00 0.000000000000000000e+00 0.000000000000000000e+00 0.000000000000000000e+00 0.000000000000000000e+00
0.000000000000000000e+00 0.000000000000000000e+00 0.000000000000000000e+00 0.000000000000000000e+00 0.000000000000000000e+00
0.000000000000000000e+00 0.000000000000000000e+00 0.000000000000000000e+00 0.000000000000000000e+00 0.000000000000000000e+00
0.000000000000000000e+00 0.000000000000000000e+00 0.000000000000000000e+00 0.000000000000000000e+00 0.000000000000000000e+00
0.000000000000000000e+00 0.000000000000000000e+00 0.000000000000000000e+00 0.000000000000000000e+00 0.000000000000000000e+00
0.000000000000000000e+00 0.000000000000000000e+00 0.000000000000000000e+00 0.000000000000000000e+00 0.000000000000000000e+00
0.000000000000000000e+00 0.000000000000000000e+00 0.000000000000000000e+00 0.000000000000000000e+00 0.000000000000000000e+00
0.000000000000000000e+00 0.000000000000000000e+00 0.000000000000000000e+00 0.000000000000000000e+00 0.000000000000000000e+00
0.000000000000000000e+00 0.000000000000000000e+00 0.000000000000000000e+00 0.000000000000000000e+00 0.000000000000000000e+00
0.000000000000000000e+00 0.000000000000000000e+00 0.000000000000000000e+00 0.000000000000000000e+00 0.000000000000000000e+00
0.000000000000000000e+00 0.000000000000000000e+00 0.000000000000000000e+00 0.000000000000000000e+00 0.000000000000000000e+00
0.000000000000000000e+00 0.000000000000000000e+00 0.000000000000000000e+00 0.000000000000000000e+00 0.000000000000000000e+00
0.000000000000000000e+00 0.000000000000000000e+00 0.000000000000000000e+00 0.000000000000000000e+00 0.000000000000000000e+00
0.000000000000000000e+00 0.000000000000000000e+00 0.000000000000000000e+00 0.000000000000000000e+00 0.000000000000000000e+00
0.000000000000000000e+00 0.000000000000000000e+00 0.000000000000000000e+00 0.000000000000000000e+00 0.000000000000000000e+00
0.000000000000000000e+00 0.000000000000000000e+00 0.000000000000000000e+00 0.000000000000000000e+00 0.000000000000000000e+00
0.000000000000000000e+00 0.000000000000000000e+00 0.000000000000000000e+00 0.000000000000000000e+00 0.000000000000000000e+00
0.000000000000000000e+00 0.000000000000000000e+00 0.000000000000000000e+00 0.000000000000000000e+00 0.000000000000000000e+00
0.000000000000000000e+00 0.000000000000000000e+00 0.000000000000000000e+00 0.000000000000000000e+00 0.000000000000000000e+00
0.000000000000000000e+00 0.000000000000000000e+00 0.000000000000000000e+00 0.000000000000000000e+00 0.000000000000000000e+00
0.000000000000000000e+00 0.000000000000000000e+00 0.000000000000000000e+00 0.000000000000000000e+00 0.000000000000000000e+00
0.000000000000000000e+00 0.000000000000000000e+00 0.000000000000000000e+00 0.000000000000000000e+00 0.000000000000000000e+00
0.000000000000000000e+00 0.000000000000000000e+00 0.000000000000000000e+00 0.000000000000000000e+00 0.000000000000000000e+00
0.000000000000000000e+00 0.000000000000000000e+00 0.000000000000000000e+00 0.000000000000000000e+00 0.000000000000000000e+00
0.000000000000000000e+00 0.000000000000000000e+00 0.000000000000000000e+00 0.000000000000000000e+00 0.000000000000000000e+00
0.000000000000000000e+00 0.000000000000000000e+00 0.000000000000000000e+00 0.000000000000000000e+00 0.000000000000000000e+00
0.000000000000000000e+00 0.000000000000000000e+00 0.000000000000000000e+00 0.000000000000000000e+00 0.000000000000000000e+00
0.000000000000000000e+00 0.000000000000000000e+00 0.000000000000000000e+00 0.000000000000000000e+00 0.000000000000000000e+00
0.000000000000000000e+00 0.000000000000000000e+00 0.000000000000000000e+00 0.000000000000000000e+00 0.000000000000000000e+00
0.000000000000000000e+00 0.000000000000000000e+00 0.000000000000000000e+00 0.000000000000000000e+00 0.000000000000000000e+00
0.000000000000000000e+00 0.000000000000000000e+00 0.000000000000000000e+00 0.000000000000000000e+00 0.000000000000000000e+00
0.000000000000000000e+00 0.000000000000000000e+00 0.000000000000000000e+00 0.000000000000000000e+00 0.000000000000000000e+00
0.000000000000000000e+00 0.000000000000000000e+00 0.000000000000000000e+00 0.000000000000000000e+00 0.000000000000000000e+00
0.000000000000000000e+00 0.000000000000000000e+00 0.000000000000000000e+00 0.000000000000000000e+00 0.000000000000000000e+00
0.000000000000000000e+00 0.000000000000000000e+00 0.000000000000000000e+00 0.000000000000000000e+00 0.000000000000000000e+00
0.000000000000000000e+00 0.000000000000000000e+00 0.000000000000000000e+00 0.000000000000000000e+00 0.000000000000000000e+00
0.000000000000000000e+00 0.000000000000000000e+00 0.000000000000000000e+00 0.000000000000000000e+00 0.000000000000000000e+00
0.000000000000000000e+00 0.000000000000000000e+00 0.000000000000000000e+00 0.000000000000000000e+00 0.000000000000000000e+00
0.000000000000000000e+00 0.000000000000000000e+00 0.000000000000000000e+00 0.000000000000000000e+00 0.000000000000000000e+00
0.000000000000000000e+00 0.000000000000000000e+00 0.000000000000000000e+00 0.000000000000000000e+00 0.000000000000000000e+00
0.000000000000000000e+00 0.000000000000000000e+00 0.000000000000000000e+00 0.000000000000000000e+00 0.000000000000000000e+00
0.000000000000000000e+00 0.000000000000000000e+00 0.000000000000000000e+00 0.000000000000000000e+00 0.000000000000000000e+00
0.000000000000000000e+00 3.869481411842208584e-04 9.286640351003266685e-04 0.000000000000000000e+00 0.000000000000000000e+00
0.000000000000000000e+00 6.570327497960234400e-04 1.576859066311296197e-03 0.000000000000000000e+00 0.000000000000000000e+00
0.000000000000000000e+00 6.570327497960234400e-04 1.576859066311296197e-03 0.000000000000000000e+00 0.000000000000000000e+00
0.000000000000000000e+00 6.570327497960234400e-04 1.576859066311296197e-03 0.000000000000000000e+00 0.000000000000000000e+00
0.000000000000000000e+00 5.219904454901249952e-04 1.252761550705811704e-03 0.000000000000000000e+00 0.000000000000000000e+00
0.000000000000000000e+00 1.973695216778577864e-04 4.736809843464770279e-04 0.000000000000000000e+00 0.000000000000000000e+00
0.000000000000000000e+00 2.337270651448310649e-05 5.609380077787231564e-05 0.000000000000000000e+00 0.000000000000000000e+00
0.000000000000000000e+00 0.000000000000000000e+00 0.000000000000000000e+00 0.000000000000000000e+00 0.000000000000000000e+00
0.000000000000000000e+00 0.000000000000000000e+00 0.000000000000000000e+00 0.000000000000000000e+00 0.000000000000000000e+00
0.000000000000000000e+00 0.000000000000000000e+00 0.000000000000000000e+00 0.000000000000000000e+00 0.000000000000000000e+00
0.000000000000000000e+00 0.000000000000000000e+00 0.000000000000000000e+00 0.000000000000000000e+00 0.000000000000000000e+00
0.000000000000000000e+00 0.000000000000000000e+00 0.000000000000000000e+00 0.000000000000000000e+00 0.000000000000000000e+00
0.000000000000000000e+00 0.000000000000000000e+00 0.000000000000000000e+00 0.000000000000000000e+00 0.000000000000000000e+00
0.000000000000000000e+00 0.000000000000000000e+00 0.000000000000000000e+00 0.000000000000000000e+00 0.000000000000000000e+00
0.000000000000000000e+00 0.000000000000000000e+00 0.000000000000000000e+00 0.000000000000000000e+00 0.000000000000000000e+00
0.000000000000000000e+00 0.000000000000000000e+00 0.000000000000000000e+00 0.000000000000000000e+00 0.000000000000000000e+00
0.000000000000000000e+00 0.000000000000000000e+00 0.000000000000000000e+00 0.000000000000000000e+00 0.000000000000000000e+00
0.000000000000000000e+00 0.000000000000000000e+00 0.000000000000000000e+00 0.000000000000000000e+00 0.000000000000000000e+00
0.000000000000000000e+00 0.000000000000000000e+00 0.000000000000000000e+00 0.000000000000000000e+00 0.000000000000000000e+00
5.789248114673934721e-05 1.705362160301216563e-04 0.000000000000000000e+00 0.000000000000000000e+00 0.000000000000000000e+00
2.996518811076140159e-04 9.769937912491150588e-04 0.000000000000000000e+00 0.000000000000000000e+00 0.000000000000000000e+00
3.349461976050287226e-04 1.465349006491933849e-03 3.040147112138309586e-04 0.000000000000000000e+00 0.000000000000000000e+00
5.526144189310943419e-04 2.289236409618847137e-03 9.619803036257179672e-04 0.000000000000000000e+00 0.000000000000000000e+00
1.267752653841686984e-03 2.727121260221496580e-03 1.212612021624314383e-03 0.000000000000000000e+00 0.000000000000000000e+00
3.254221696895084025e-03 3.469201775351007239e-03 2.819721116246269848e-03 0.000000000000000000e+00 0.000000000000000000e+00
4.795165193705245091e-03 3.338087049435831295e-03 4.014256800225924487e-03 0.000000000000000000e+00 0.000000000000000000e+00
6.608476362996208893e-03 3.214639801702046801e-03 6.667146988799652063e-03 0.000000000000000000e+00 0.000000000000000000e+00
7.333840617370380836e-03 2.610535872133596877e-03 8.878084154628077332e-03 0.000000000000000000e+00 0.000000000000000000e+00
7.392138948436335899e-03 3.134546636143921601e-03 9.894224686436582997e-03 0.000000000000000000e+00 4.488592605912325320e-04
5.898594748460899220e-03 2.942020138074187552e-03 8.343558041758932300e-03 0.000000000000000000e+00 1.419550976276796493e-03
4.584739852727130228e-03 2.595111323929921721e-03 8.578215089399184382e-03 0.000000000000000000e+00 2.346834022844418097e-03
3.176625199188488815e-03 2.473398816888250536e-03 7.545527471462640419e-03 0.000000000000000000e+00 2.208645723743294861e-03
1.046849129957361799e-03 1.698979827780946854e-03 4.012910917491718625e-03 0.000000000000000000e+00 1.037001992802040517e-03
1.363736113024842898e-04 1.516189715730775897e-03 3.019751407725407028e-03 0.000000000000000000e+00 5.311575722272371489e-04
0.000000000000000000e+00 1.144383097884231438e-03 1.668559978300560584e-03 0.000000000000000000e+00 3.643588016641249590e-04
0.000000000000000000e+00 2.407383053959215487e-04 1.460996660609391892e-04 0.000000000000000000e+00 1.365027623887055672e-04
0.000000000000000000e+00 0.000000000000000000e+00 0.000000000000000000e+00 0.000000000000000000e+00 0.000000000000000000e+00
0.000000000000000000e+00 0.000000000000000000e+00 0.000000000000000000e+00 0.000000000000000000e+00 0.000000000000000000e+00
0.000000000000000000e+00 0.000000000000000000e+00 0.000000000000000000e+00 0.000000000000000000e+00 0.000000000000000000e+00
0.000000000000000000e+00 0.000000000000000000e+00 0.000000000000000000e+00 0.000000000000000000e+00 0.000000000000000000e+00
0.000000000000000000e+00 0.000000000000000000e+00 0.000000000000000000e+00 0.000000000000000000e+00 0.000000000000000000e+00
0.000000000000000000e+00 0.000000000000000000e+00 0.000000000000000000e+00 0.000000000000000000e+00 0.000000000000000000e+00
0.000000000000000000e+00 0.000000000000000000e+00 0.000000000000000000e+00 0.000000000000000000e+00 0.000000000000000000e+00
0.000000000000000000e+00 0.000000000000000000e+00 0.000000000000000000e+00 0.000000000000000000e+00 0.000000000000000000e+00
0.000000000000000000e+00 0.000000000000000000e+00 0.000000000000000000e+00 0.000000000000000000e+00 0.000000000000000000e+00
0.000000000000000000e+00 2.067167826967136117e-04 3.845773205847000004e-07 2.905160779769197429e-05 0.000000000000000000e+00
0.000000000000000000e+00 1.429177047695784179e-03 6.545778477310487881e-05 0.000000000000000000e+00 0.000000000000000000e+00
8.507583256259266017e-05 4.806931054501920736e-03 1.916309640214698630e-04 0.000000000000000000e+00 0.000000000000000000e+00
8.565914974917838509e-04 1.007079910622333749e-02 2.181126895896805934e-04 0.000000000000000000e+00 0.000000000000000000e+00
4.233068976448389580e-03 2.028761496013065102e-02 0.000000000000000000e+00 0.000000000000000000e+00 0.000000000000000000e+00
9.636861941870140946e-03 3.143658889513047117e-02 0.000000000000000000e+00 0.000000000000000000e+00 0.000000000000000000e+00
1.932120820543717019e-02 3.898726752494049291e-02 0.000000000000000000e+00 0.000000000000000000e+00 0.000000000000000000e+00
4.039805941939138278e-02 4.610881391399448276e-02 0.000000000000000000e+00 0.000000000000000000e+00 0.000000000000000000e+00
6.202216435293768371e-02 4.775626068966744991e-02 0.000000000000000000e+00 0.000000000000000000e+00 0.000000000000000000e+00
8.219518221821232873e-02 4.345283971728152589e-02 0.000000000000000000e+00 0.000000000000000000e+00 0.000000000000000000e+00
9.579030184101949841e-02 3.272198350302084335e-02 0.000000000000000000e+00 0.000000000000000000e+00 8.083508906814876327e-03
9.820669333906734133e-02 2.016395536412620912e-02 0.000000000000000000e+00 0.000000000000000000e+00 2.375229505469134833e-02
9.003081424257619592e-02 7.999868730851155893e-03 0.000000000000000000e+00 0.000000000000000000e+00 4.343276895971855817e-02
7.109314176994245560e-02 0.000000000000000000e+00 0.000000000000000000e+00 0.000000000000000000e+00 5.862951260331576014e-02
4.706798674748776529e-02 0.000000000000000000e+00 0.000000000000000000e+00 0.000000000000000000e+00 6.643438060657051725e-02
2.559711114089030168e-02 0.000000000000000000e+00 0.000000000000000000e+00 0.000000000000000000e+00 6.449357546059156232e-02
9.969856235457718457e-03 0.000000000000000000e+00 0.000000000000000000e+00 0.000000000000000000e+00 4.897603029171686967e-02
7.460513192808988824e-04 4.438257983289374759e-04 9.096656342527446296e-05 0.000000000000000000e+00 2.751095778027895858e-02
0.000000000000000000e+00 1.124458379730901075e-03 1.085811918695052869e-03 0.000000000000000000e+00 1.169156411950326817e-02
0.000000000000000000e+00 4.762887676565003285e-04 8.217351837453410780e-04 0.000000000000000000e+00 3.678201145904007926e-03
0.000000000000000000e+00 6.332954357393341281e-05 2.230733917571263696e-05 0.000000000000000000e+00 2.826269575785748250e-04
0.000000000000000000e+00 0.000000000000000000e+00 0.000000000000000000e+00 0.000000000000000000e+00 0.000000000000000000e+00
0.000000000000000000e+00 0.000000000000000000e+00 0.000000000000000000e+00 0.000000000000000000e+00 0.000000000000000000e+00
0.000000000000000000e+00 0.000000000000000000e+00 0.000000000000000000e+00 0.000000000000000000e+00 0.000000000000000000e+00
0.000000000000000000e+00 0.000000000000000000e+00 0.000000000000000000e+00 0.000000000000000000e+00 0.000000000000000000e+00
0.000000000000000000e+00 0.000000000000000000e+00 0.000000000000000000e+00 0.000000000000000000e+00 0.000000000000000000e+00
0.000000000000000000e+00 0.000000000000000000e+00 0.000000000000000000e+00 0.000000000000000000e+00 0.000000000000000000e+00
0.000000000000000000e+00 0.000000000000000000e+00 0.000000000000000000e+00 0.000000000000000000e+00 0.000000000000000000e+00
0.000000000000000000e+00 1.887037208706751580e-03 9.013621713113478730e-05 1.069744638330970407e-03 0.000000000000000000e+00
0.000000000000000000e+00 7.990956269028674785e-03 0.000000000000000000e+00 2.339582574646425703e-03 0.000000000000000000e+00
0.000000000000000000e+00 2.115991932538067999e-02 0.000000000000000000e+00 3.013775351721036631e-03 0.000000000000000000e+00
0.000000000000000000e+00 3.869933322225314887e-02 0.000000000000000000e+00 4.543920710981859228e-03 0.000000000000000000e+00
6.527965749277850858e-03 6.193405942949859605e-02 0.000000000000000000e+00 7.739804842269127141e-03 0.000000000000000000e+00
1.874388182604763350e-02 7.930514688822921932e-02 0.000000000000000000e+00 1.525639931840252692e-02 0.000000000000000000e+00
4.461363062835718707e-02 8.845568018119165377e-02 0.000000000000000000e+00 2.296193023727624571e-02 0.000000000000000000e+00
7.828108000218664264e-02 8.460435728832925439e-02 0.000000000000000000e+00 3.046563498679970977e-02 0.000000000000000000e+00
1.077186376084146718e-01 7.332008142462527467e-02 0.000000000000000000e+00 3.960493156547657823e-02 0.000000000000000000e+00
1.281068373118051940e-01 6.179330288422271722e-02 0.000000000000000000e+00 4.172854475063835639e-02 9.600069778306474094e-03
1.406302244662135936e-01 4.514768655509156237e-02 0.000000000000000000e+00 4.534952529625468215e-02 2.796504418057418201e-02
1.407641131310398419e-01 2.999106135805747197e-02 0.000000000000000000e+00 4.183409031348472862e-02 5.112861130798871528e-02
1.329962614491302930e-01 1.157052977337059106e-02 0.000000000000000000e+00 3.164523727560280414e-02 7.439095056724791266e-02
1.129594638334711215e-01 0.000000000000000000e+00 0.000000000000000000e+00 2.027286650720333191e-02 1.001533736230645760e-01
7.851187802190939813e-02 0.000000000000000000e+00 0.000000000000000000e+00 4.549674880981342644e-03 1.248800015907345906e-01
4.390880109655551089e-02 0.000000000000000000e+00 0.000000000000000000e+00 0.000000000000000000e+00 1.346624143605278101e-01
1.684163274005726768e-02 0.000000000000000000e+00 0.000000000000000000e+00 0.000000000000000000e+00 1.196120761270421801e-01
0.000000000000000000e+00 0.000000000000000000e+00 0.000000000000000000e+00 0.000000000000000000e+00 8.398918827325088654e-02
0.000000000000000000e+00 0.000000000000000000e+00 0.000000000000000000e+00 0.000000000000000000e+00 4.420696908104553013e-02
0.000000000000000000e+00 4.380128495537335617e-04 7.717308324327630054e-04 0.000000000000000000e+00 1.275065633428573188e-02
0.000000000000000000e+00 3.270762864332479262e-04 1.522665344906300655e-03 0.000000000000000000e+00 2.694559490785781389e-03
0.000000000000000000e+00 0.000000000000000000e+00 0.000000000000000000e+00 0.000000000000000000e+00 0.000000000000000000e+00
0.000000000000000000e+00 0.000000000000000000e+00 0.000000000000000000e+00 0.000000000000000000e+00 0.000000000000000000e+00
0.000000000000000000e+00 0.000000000000000000e+00 0.000000000000000000e+00 0.000000000000000000e+00 0.000000000000000000e+00
0.000000000000000000e+00 0.000000000000000000e+00 0.000000000000000000e+00 0.000000000000000000e+00 0.000000000000000000e+00
0.000000000000000000e+00 0.000000000000000000e+00 0.000000000000000000e+00 0.000000000000000000e+00 0.000000000000000000e+00
0.000000000000000000e+00 0.000000000000000000e+00 0.000000000000000000e+00 0.000000000000000000e+00 0.000000000000000000e+00
0.000000000000000000e+00 1.142118690372187685e-04 7.283861410702540317e-04 2.294895057300914965e-04 0.000000000000000000e+00
0.000000000000000000e+00 6.050115777923270079e-03 8.340493775809519747e-04 2.851053311046474262e-03 0.000000000000000000e+00
0.000000000000000000e+00 1.899522865519497408e-02 1.083482898509271954e-03 6.576713408169344334e-03 0.000000000000000000e+00
0.000000000000000000e+00 4.154369239697510569e-02 2.351560253131882144e-04 1.077201383759511348e-02 0.000000000000000000e+00
0.000000000000000000e+00 6.877369534738311807e-02 0.000000000000000000e+00 2.277122641357680680e-02 0.000000000000000000e+00
0.000000000000000000e+00 9.584987938079615744e-02 0.000000000000000000e+00 4.561008250084187116e-02 0.000000000000000000e+00
1.273637425099751266e-02 1.069284422751868718e-01 0.000000000000000000e+00 6.901090162785265825e-02 0.000000000000000000e+00
3.414880611372656666e-02 9.794026162549254733e-02 0.000000000000000000e+00 8.930700170573210861e-02 0.000000000000000000e+00
6.141214759970873432e-02 8.131858417463534716e-02 0.000000000000000000e+00 1.053555792852262224e-01 0.000000000000000000e+00
7.603899662431895523e-02 6.308229463447664886e-02 0.000000000000000000e+00 1.115172879713271087e-01 1.463978545553368087e-02
7.790388423306385257e-02 5.270571975230181616e-02 0.000000000000000000e+00 1.146537017866301467e-01 2.998314740125409758e-02
7.659175570912027387e-02 4.868911539535700217e-02 9.345512853494289396e-03 1.104727898578580780e-01 4.624665058827801684e-02
8.121520951310123859e-02 4.642862588736253182e-02 2.237605691878439065e-02 1.014181788391349953e-01 5.431757562332883288e-02
9.353032012275888651e-02 3.620611445220133645e-02 3.103525891417747984e-02 8.703044765478161471e-02 6.190570460150816856e-02
1.014800988014775418e-01 1.495259010506620571e-02 3.007793361135818744e-02 7.076216766764151234e-02 7.415591530788705199e-02
8.675603517478912285e-02 0.000000000000000000e+00 1.682823739029929572e-02 4.986864881136120892e-02 1.032394751983818221e-01
5.558041198520689841e-02 0.000000000000000000e+00 6.088020534479559980e-04 2.622885827892148733e-02 1.360477945507147790e-01
2.071344424008572313e-02 0.000000000000000000e+00 0.000000000000000000e+00 7.291939021970668226e-03 1.522088500283353962e-01
0.000000000000000000e+00 0.000000000000000000e+00 0.000000000000000000e+00 0.000000000000000000e+00 1.326904988378871664e-01
0.000000000000000000e+00 0.000000000000000000e+00 3.208218125684458161e-03 0.000000000000000000e+00 8.075303952015819298e-02
0.000000000000000000e+00 0.000000000000000000e+00 7.775612466583878626e-03 0.000000000000000000e+00 2.964638149698901534e-02
0.000000000000000000e+00 8.021965351116002417e-04 4.055452162711677654e-03 0.000000000000000000e+00 5.141919274268024961e-03
0.000000000000000000e+00 0.000000000000000000e+00 0.000000000000000000e+00 0.000000000000000000e+00 0.000000000000000000e+00
0.000000000000000000e+00 0.000000000000000000e+00 0.000000000000000000e+00 0.000000000000000000e+00 0.000000000000000000e+00
0.000000000000000000e+00 0.000000000000000000e+00 0.000000000000000000e+00 0.000000000000000000e+00 0.000000000000000000e+00
0.000000000000000000e+00 0.000000000000000000e+00 0.000000000000000000e+00 0.000000000000000000e+00 0.000000000000000000e+00
0.000000000000000000e+00 0.000000000000000000e+00 0.000000000000000000e+00 0.000000000000000000e+00 0.000000000000000000e+00
8.446566792482060399e-06 1.558561781901863813e-04 6.293426893741466003e-04 0.000000000000000000e+00 0.000000000000000000e+00
0.000000000000000000e+00 1.751789378558139332e-04 4.451892548541123919e-04 3.049059904080254034e-04 0.000000000000000000e+00
0.000000000000000000e+00 1.132438461430950068e-02 1.714349899259351440e-03 3.939346345960868280e-03 0.000000000000000000e+00
0.000000000000000000e+00 2.940017592464658561e-02 3.389171846247535438e-03 1.050486226297608558e-02 0.000000000000000000e+00
0.000000000000000000e+00 5.308697927277725159e-02 2.246400793158046579e-03 2.152594987721111880e-02 0.000000000000000000e+00
0.000000000000000000e+00 7.328320647936885368e-02 0.000000000000000000e+00 4.389485294604201365e-02 0.000000000000000000e+00
0.000000000000000000e+00 8.881289839237119232e-02 0.000000000000000000e+00 6.959013821751892925e-02 0.000000000000000000e+00
0.000000000000000000e+00 8.109675803739141431e-02 0.000000000000000000e+00 9.687333360037909957e-02 0.000000000000000000e+00
6.604882918180071324e-03 6.393014601872434866e-02 0.000000000000000000e+00 1.163613463228043293e-01 3.256423614575372407e-03
1.572140554286876116e-02 4.168561890466512820e-02 5.061855828906232369e-03 1.255147078094729363e-01 1.535969176758858815e-02
1.187950301739406148e-02 3.371172469788335374e-02 4.517824712059346354e-02 1.186490185686987497e-01 2.984174771766857220e-02
3.797880609510501538e-03 3.295662114930195813e-02 8.935315785380412712e-02 1.072131608460958757e-01 4.468566422900473178e-02
0.000000000000000000e+00 4.413972598870710001e-02 1.229331397580475105e-01 9.805087573858636829e-02 4.476073897844067701e-02
0.000000000000000000e+00 6.374383739327371678e-02 1.489172701241033847e-01 9.089727033077571461e-02 3.343790771821530949e-02
2.603880780124837729e-02 6.661440357627498865e-02 1.474200904569981652e-01 8.741803193631687841e-02 1.700329553414173592e-02
6.704873988808830731e-02 4.592802139277292472e-02 1.300601323087347827e-01 7.903356052596401116e-02 8.560143005044438050e-03
8.224439903722742529e-02 1.338581623504614057e-02 9.394447564670031781e-02 7.149838832054770943e-02 3.333929643494099038e-02
6.106126269676927232e-02 0.000000000000000000e+00 4.543846699708677106e-02 5.043911081079556491e-02 9.272549708850341688e-02
2.221800874813268517e-02 0.000000000000000000e+00 1.283276728466747896e-02 2.492406739133201307e-02 1.477502334044285826e-01
0.000000000000000000e+00 0.000000000000000000e+00 1.101916739721554503e-02 4.442963488536421680e-03 1.533287443597841915e-01
0.000000000000000000e+00 0.000000000000000000e+00 1.751125633861825084e-02 0.000000000000000000e+00 9.885982026582643134e-02
0.000000000000000000e+00 0.000000000000000000e+00 2.365090233755309801e-02 0.000000000000000000e+00 3.962609608651186666e-02
0.000000000000000000e+00 4.856082285175294467e-04 1.210180584024587655e-02 0.000000000000000000e+00 7.264552718888174325e-03
0.000000000000000000e+00 0.000000000000000000e+00 0.000000000000000000e+00 0.000000000000000000e+00 0.000000000000000000e+00
0.000000000000000000e+00 0.000000000000000000e+00 0.000000000000000000e+00 0.000000000000000000e+00 0.000000000000000000e+00
0.000000000000000000e+00 0.000000000000000000e+00 0.000000000000000000e+00 0.000000000000000000e+00 0.000000000000000000e+00
0.000000000000000000e+00 0.000000000000000000e+00 0.000000000000000000e+00 0.000000000000000000e+00 0.000000000000000000e+00
0.000000000000000000e+00 0.000000000000000000e+00 0.000000000000000000e+00 0.000000000000000000e+00 0.000000000000000000e+00
0.000000000000000000e+00 0.000000000000000000e+00 0.000000000000000000e+00 0.000000000000000000e+00 0.000000000000000000e+00
0.000000000000000000e+00 2.445401598856534702e-05 1.164896746328936425e-05 3.902498486044146810e-05 0.000000000000000000e+00
0.000000000000000000e+00 1.284385760118940574e-02 1.054482167874563024e-03 3.645919875965200618e-03 0.000000000000000000e+00
0.000000000000000000e+00 3.126718214064531237e-02 5.552524270863642801e-03 1.142384511166765967e-02 0.000000000000000000e+00
0.000000000000000000e+00 4.152317931830791509e-02 4.084638480322108287e-03 2.747048702417837635e-02 0.000000000000000000e+00
0.000000000000000000e+00 5.650452690350402790e-02 4.418088336840062490e-03 4.203990845832227680e-02 0.000000000000000000e+00
0.000000000000000000e+00 5.823276728309929873e-02 3.899320371331403516e-03 6.339301984884304630e-02 0.000000000000000000e+00
0.000000000000000000e+00 4.220787227893725568e-02 1.418417739288445160e-02 8.094577239733392882e-02 0.000000000000000000e+00
0.000000000000000000e+00 2.567542838407783218e-02 2.904310903526746701e-02 8.965014882467646495e-02 5.249976737427303197e-03
0.000000000000000000e+00 1.679295522802266502e-02 6.916017811642097279e-02 8.162315827774721533e-02 1.831648074724924816e-02
0.000000000000000000e+00 1.731637479695561851e-02 1.164696052154777645e-01 6.536952282227592725e-02 2.983519099123044596e-02
0.000000000000000000e+00 3.057582533501202252e-02 1.485303369474119117e-01 4.895621921364119028e-02 3.396916057212433226e-02
0.000000000000000000e+00 5.221429463575519986e-02 1.686031176859704162e-01 4.038331733329920264e-02 2.389630199476372799e-02
0.000000000000000000e+00 7.727886599220608332e-02 1.867427770381488994e-01 3.860785619222537740e-02 0.000000000000000000e+00
1.658770467663318177e-02 9.063909844615390676e-02 1.867593044678046710e-01 4.382325216046534244e-02 0.000000000000000000e+00
6.815368650362237102e-02 6.660156842236675256e-02 1.598167245494801769e-01 5.648189055368399436e-02 0.000000000000000000e+00
9.112749902669384228e-02 2.113639862300736513e-02 1.143609281318233167e-01 6.733843220999248536e-02 0.000000000000000000e+00
6.896200089437949654e-02 0.000000000000000000e+00 4.413530870955705704e-02 5.935995417397232909e-02 6.957337313606046236e-02
1.785130218478745215e-02 0.000000000000000000e+00 4.597200657744643544e-03 3.815231420523321898e-02 1.463092371972432582e-01
0.000000000000000000e+00 0.000000000000000000e+00 1.510703489176752103e-02 1.048742394262784650e-02 1.515851109742813452e-01
0.000000000000000000e+00 0.000000000000000000e+00 2.811786281623899694e-02 0.000000000000000000e+00 9.529842924941560323e-02
0.000000000000000000e+00 7.602360870546412365e-04 3.261695146720714616e-02 0.000000000000000000e+00 3.533173134556607392e-02
0.000000000000000000e+00 0.000000000000000000e+00 1.605939102933618204e-02 0.000000000000000000e+00 6.250195031653232175e-03
0.000000000000000000e+00 0.000000000000000000e+00 0.000000000000000000e+00 0.000000000000000000e+00 0.000000000000000000e+00
0.000000000000000000e+00 0.000000000000000000e+00 0.000000000000000000e+00 0.000000000000000000e+00 0.000000000000000000e+00
0.000000000000000000e+00 0.000000000000000000e+00 0.000000000000000000e+00 0.000000000000000000e+00 0.000000000000000000e+00
0.000000000000000000e+00 0.000000000000000000e+00 0.000000000000000000e+00 0.000000000000000000e+00 0.000000000000000000e+00
0.000000000000000000e+00 0.000000000000000000e+00 0.000000000000000000e+00 0.000000000000000000e+00 0.000000000000000000e+00
0.000000000000000000e+00 0.000000000000000000e+00 0.000000000000000000e+00 0.000000000000000000e+00 0.000000000000000000e+00
0.000000000000000000e+00 0.000000000000000000e+00 1.540500167317457184e-03 6.635417248944238061e-04 0.000000000000000000e+00
0.000000000000000000e+00 9.403071231404019903e-03 3.651001912510819583e-03 2.173250283306788454e-03 0.000000000000000000e+00
0.000000000000000000e+00 1.750389080703680308e-02 7.431590188318535316e-03 7.218463574249015142e-03 0.000000000000000000e+00
0.000000000000000000e+00 2.472333263059556252e-02 8.066137323817770474e-03 1.687633186493605122e-02 0.000000000000000000e+00
0.000000000000000000e+00 3.233293597667363101e-02 8.363848888392364997e-03 2.697566786078546205e-02 0.000000000000000000e+00
0.000000000000000000e+00 2.698435574137631604e-02 1.336895979253198245e-02 3.892613164637374196e-02 0.000000000000000000e+00
0.000000000000000000e+00 1.611202797102269380e-02 2.801435641131730034e-02 4.500047519344198277e-02 0.000000000000000000e+00
0.000000000000000000e+00 1.122648421833456062e-02 4.453123641145126377e-02 4.336784982935745075e-02 5.964727503656259457e-03
0.000000000000000000e+00 1.276463331755338208e-02 7.625337273884241762e-02 3.211869820003190878e-02 1.119444516337715460e-02
0.000000000000000000e+00 2.143396130287545179e-02 9.910092232365845522e-02 1.792664846035911183e-02 1.553565689439653438e-02
0.000000000000000000e+00 4.120905274876578150e-02 1.196259810270491886e-01 4.377198314850528141e-03 8.504534929056527248e-03
0.000000000000000000e+00 6.774612714529822111e-02 1.316128030243238489e-01 0.000000000000000000e+00 0.000000000000000000e+00
1.815800631883997610e-02 9.999389781010969980e-02 1.358381520390671837e-01 2.971993395939881173e-03 0.000000000000000000e+00
6.239976841354281240e-02 9.454413561804667077e-02 1.405932421780728969e-01 2.168382476644463083e-02 0.000000000000000000e+00
9.960828024210154064e-02 5.808699014566046093e-02 1.154510560922338419e-01 4.792835954313971747e-02 0.000000000000000000e+00
1.042106485325012266e-01 1.064071117180384260e-02 6.204035421775746378e-02 6.773592069168678231e-02 1.044197620005028618e-03
5.601356062807921060e-02 0.000000000000000000e+00 1.019625760438559389e-02 6.247364165207049125e-02 1.002879194785971650e-01
3.422554922337835842e-03 0.000000000000000000e+00 0.000000000000000000e+00 3.305961225925527214e-02 1.576555554373075263e-01
0.000000000000000000e+00 0.000000000000000000e+00 2.768357613007206910e-02 1.149513833181372603e-02 1.372303841778072520e-01
0.000000000000000000e+00 1.513183160704864322e-03 4.060541219347912900e-02 2.147834426073748706e-03 7.254117911671627283e-02
0.000000000000000000e+00 7.542124969313656127e-04 3.441749827406097306e-02 0.000000000000000000e+00 2.569021314707749942e-02
0.000000000000000000e+00 0.000000000000000000e+00 1.431618004249442071e-02 0.000000000000000000e+00 3.222693879926938169e-03
0.000000000000000000e+00 0.000000000000000000e+00 0.000000000000000000e+00 0.000000000000000000e+00 0.000000000000000000e+00
0.000000000000000000e+00 0.000000000000000000e+00 0.000000000000000000e+00 0.000000000000000000e+00 0.000000000000000000e+00
0.000000000000000000e+00 0.000000000000000000e+00 0.000000000000000000e+00 0.000000000000000000e+00 0.000000000000000000e+00
0.000000000000000000e+00 0.000000000000000000e+00 0.000000000000000000e+00 0.000000000000000000e+00 0.000000000000000000e+00
0.000000000000000000e+00 0.000000000000000000e+00 0.000000000000000000e+00 0.000000000000000000e+00 0.000000000000000000e+00
0.000000000000000000e+00 0.000000000000000000e+00 0.000000000000000000e+00 0.000000000000000000e+00 0.000000000000000000e+00
0.000000000000000000e+00 0.000000000000000000e+00 1.752869390385890279e-03 9.303765298789878121e-04 0.000000000000000000e+00
0.000000000000000000e+00 3.519584658954726369e-03 3.331498031773614567e-03 2.029824691685277148e-03 0.000000000000000000e+00
0.000000000000000000e+00 6.961533370455387504e-03 6.341347935305894148e-03 3.973541837058502946e-03 0.000000000000000000e+00
0.000000000000000000e+00 1.032148102624431268e-02 8.051902773785918691e-03 6.938574614397760403e-03 0.000000000000000000e+00
0.000000000000000000e+00 1.264088707559451151e-02 1.139716127107715492e-02 1.237244606463271460e-02 0.000000000000000000e+00
0.000000000000000000e+00 1.136540859225541530e-02 1.928529250803861714e-02 1.555908921968069195e-02 0.000000000000000000e+00
0.000000000000000000e+00 1.187373146597458552e-02 2.663160820148219657e-02 1.789036703252666269e-02 0.000000000000000000e+00
0.000000000000000000e+00 1.943615514919774800e-02 3.676315033192605053e-02 1.148580098543904200e-02 0.000000000000000000e+00
0.000000000000000000e+00 3.256871458071671638e-02 5.222505854914270135e-02 6.285624885028175601e-04 0.000000000000000000e+00
8.230756603933985383e-04 5.465097568104722997e-02 6.321490679004353186e-02 0.000000000000000000e+00 0.000000000000000000e+00
1.683621795633297516e-02 8.047375113897296817e-02 7.109077809496057443e-02 0.000000000000000000e+00 0.000000000000000000e+00
3.980451432380671672e-02 1.064617180970238858e-01 8.011592373676826306e-02 0.000000000000000000e+00 0.000000000000000000e+00
7.475498190887996941e-02 1.157138908393629678e-01 7.891659482022515826e-02 0.000000000000000000e+00 0.000000000000000000e+00
1.065651186536140521e-01 8.866130157146984159e-02 7.707281779932440013e-02 2.835801243041766867e-02 0.000000000000000000e+00
1.157220961048156388e-01 3.914692778191321970e-02 5.369882651437572763e-02 5.928212686056472808e-02 0.000000000000000000e+00
8.501922928857165440e-02 0.000000000000000000e+00 2.563323281128772335e-02 7.038399947028219084e-02 6.623675086537388068e-02
2.283312652064129963e-02 0.000000000000000000e+00 8.506436527214880292e-03 5.488426120488174714e-02 1.370490977605055283e-01
0.000000000000000000e+00 7.257027176098863885e-04 2.020756902780284497e-02 2.380247252083363477e-02 1.458649199127342033e-01
0.000000000000000000e+00 3.118440808290111159e-03 4.450354853597331822e-02 9.408771631290733031e-03 9.686892492437290669e-02
0.000000000000000000e+00 1.151120519856617874e-03 4.421676494430602788e-02 3.985453275871887746e-03 3.979693950367922672e-02
0.000000000000000000e+00 3.263451686089010044e-04 2.673635442607366283e-02 4.896899022299263694e-04 1.193626415339738532e-02
0.000000000000000000e+00 0.000000000000000000e+00 8.969305710760164599e-03 0.000000000000000000e+00 1.143831417680351778e-03
0.000000000000000000e+00 0.000000000000000000e+00 0.000000000000000000e+00 0.000000000000000000e+00 0.000000000000000000e+00
0.000000000000000000e+00 0.000000000000000000e+00 0.000000000000000000e+00 0.000000000000000000e+00 0.000000000000000000e+00
0.000000000000000000e+00 0.000000000000000000e+00 0.000000000000000000e+00 0.000000000000000000e+00 0.000000000000000000e+00
0.000000000000000000e+00 0.000000000000000000e+00 0.000000000000000000e+00 0.000000000000000000e+00 0.000000000000000000e+00
0.000000000000000000e+00 0.000000000000000000e+00 0.000000000000000000e+00 0.000000000000000000e+00 0.000000000000000000e+00
0.000000000000000000e+00 0.000000000000000000e+00 0.000000000000000000e+00 0.000000000000000000e+00 0.000000000000000000e+00
0.000000000000000000e+00 0.000000000000000000e+00 1.275569060848463689e-03 9.718033244352441112e-04 0.000000000000000000e+00
0.000000000000000000e+00 1.809542818065192982e-03 3.900225744229809510e-03 1.245786054805724224e-03 0.000000000000000000e+00
0.000000000000000000e+00 2.952488880771983633e-03 5.862286916499330827e-03 1.865317141076327503e-03 0.000000000000000000e+00
0.000000000000000000e+00 4.630916506913150890e-03 7.921728108951980526e-03 2.844577353239396977e-03 0.000000000000000000e+00
0.000000000000000000e+00 7.913532615799582365e-03 9.691506176258123453e-03 4.208963069205992093e-03 0.000000000000000000e+00
0.000000000000000000e+00 1.313774136712772544e-02 1.376114207398020789e-02 2.828375080180625320e-03 0.000000000000000000e+00
0.000000000000000000e+00 2.267782811947451765e-02 2.093757208962673116e-02 5.382666732796995970e-04 0.000000000000000000e+00
2.657748732940972379e-03 4.857787170639035756e-02 2.903159566822723428e-02 0.000000000000000000e+00 0.000000000000000000e+00
1.633342878879447818e-02 7.764762292790498843e-02 3.214916806956142487e-02 0.000000000000000000e+00 0.000000000000000000e+00
4.009174634249867974e-02 1.054427089655954330e-01 3.101421228918190345e-02 0.000000000000000000e+00 0.000000000000000000e+00
7.103798952497138164e-02 1.201566288801372978e-01 3.810775269578434848e-02 0.000000000000000000e+00 0.000000000000000000e+00
9.827003897137118194e-02 1.202262250361355450e-01 4.018135644195858919e-02 0.000000000000000000e+00 0.000000000000000000e+00
1.193860205736990004e-01 1.015609371876841915e-01 4.282417109239958219e-02 2.166667584025794638e-02 0.000000000000000000e+00
1.189104853990059357e-01 6.886441756319651442e-02 4.378340445467091696e-02 4.854158798546298614e-02 1.376632666249335245e-02
9.470687992272401601e-02 2.957885220282973834e-02 3.822951137766839730e-02 6.290291086993124448e-02 6.476695983821637026e-02
4.581163330937165767e-02 1.187881214246585757e-02 3.636549343033104731e-02 5.379221799586084846e-02 1.159781175564032901e-01
0.000000000000000000e+00 1.886982361963868843e-02 4.672713799400068230e-02 2.718753502923699009e-02 1.341798736946232529e-01
0.000000000000000000e+00 1.967522615083593801e-02 5.509422513181264081e-02 1.149348255707194517e-02 1.035269214641535152e-01
0.000000000000000000e+00 1.189454630025993560e-02 5.129165706281678394e-02 4.584444581761226885e-03 5.282219395946941010e-02
0.000000000000000000e+00 2.626576025771623375e-03 3.036657754089483810e-02 1.289095521503411286e-03 1.573152143508820336e-02
0.000000000000000000e+00 0.000000000000000000e+00 1.223012785423758034e-02 1.161802040439671767e-03 3.878050312464755966e-03
0.000000000000000000e+00 0.000000000000000000e+00 5.138009868128745779e-03 8.427930069639449841e-05 2.202230118810039885e-04
0.000000000000000000e+00 0.000000000000000000e+00 0.000000000000000000e+00 0.000000000000000000e+00 0.000000000000000000e+00
0.000000000000000000e+00 0.000000000000000000e+00 0.000000000000000000e+00 0.000000000000000000e+00 0.000000000000000000e+00
0.000000000000000000e+00 0.000000000000000000e+00 0.000000000000000000e+00 0.000000000000000000e+00 0.000000000000000000e+00
0.000000000000000000e+00 0.000000000000000000e+00 0.000000000000000000e+00 0.000000000000000000e+00 0.000000000000000000e+00
0.000000000000000000e+00 0.000000000000000000e+00 0.000000000000000000e+00 0.000000000000000000e+00 0.000000000000000000e+00
0.000000000000000000e+00 0.000000000000000000e+00 0.000000000000000000e+00 0.000000000000000000e+00 0.000000000000000000e+00
0.000000000000000000e+00 0.000000000000000000e+00 1.393646698692447390e-04 1.084120628769181545e-04 0.000000000000000000e+00
0.000000000000000000e+00 1.063733106611090048e-03 2.156477065588271753e-03 0.000000000000000000e+00 0.000000000000000000e+00
0.000000000000000000e+00 1.584583212502534751e-03 3.514894784569264768e-03 0.000000000000000000e+00 0.000000000000000000e+00
0.000000000000000000e+00 3.513622610224675143e-03 4.813733505514664578e-03 3.464452011895120657e-04 0.000000000000000000e+00
0.000000000000000000e+00 6.909711563089968554e-03 4.059669623305054396e-03 0.000000000000000000e+00 0.000000000000000000e+00
0.000000000000000000e+00 1.762984963146407152e-02 8.109851150245902043e-03 0.000000000000000000e+00 0.000000000000000000e+00
1.039945744427437464e-03 3.942426289225962194e-02 1.219678027421741869e-02 0.000000000000000000e+00 0.000000000000000000e+00
1.755422927190719920e-02 7.531874988812646554e-02 1.159650759204695382e-02 0.000000000000000000e+00 4.946880354016223308e-03
4.567604541251423650e-02 1.013141221612999521e-01 0.000000000000000000e+00 0.000000000000000000e+00 1.726928299594190225e-02
8.156076215684113229e-02 1.159146773962097116e-01 0.000000000000000000e+00 0.000000000000000000e+00 1.900673959284921236e-02
1.076303639574248683e-01 1.050802539906853517e-01 3.590163772700368915e-03 1.430046223112243879e-02 1.804361187859184965e-02
1.207211782588975407e-01 8.982761804414711448e-02 1.458234005472521660e-02 3.795868444181334234e-02 2.662981169637218190e-02
1.179821375228027464e-01 7.164012832512843543e-02 2.743991863000366446e-02 5.700882346356035690e-02 4.405758774260464666e-02
9.738138105567056835e-02 5.766694041926273551e-02 4.225470619845941161e-02 6.318398371513429812e-02 7.239012931279774354e-02
6.343325493249500624e-02 5.322873058519152212e-02 5.044318810400783004e-02 5.395598113921286354e-02 1.010359957269023057e-01
2.221521922246339278e-02 5.801734451383690205e-02 7.083080382549757081e-02 2.475603388064031782e-02 1.136582578449587544e-01
0.000000000000000000e+00 6.610455005542473228e-02 7.653566385274715445e-02 0.000000000000000000e+00 9.930851156456978190e-02
0.000000000000000000e+00 5.660385674384809523e-02 6.520440903901253415e-02 0.000000000000000000e+00 6.353767666908236023e-02
0.000000000000000000e+00 3.268767062605792278e-02 3.805233237066633911e-02 0.000000000000000000e+00 3.174657680553166772e-02
0.000000000000000000e+00 1.217669190117811814e-02 1.655184066261463499e-02 0.000000000000000000e+00 8.332645935081837985e-03
0.000000000000000000e+00 1.351304994714488950e-03 7.465359343205334348e-03 3.796416029419166695e-04 7.018102193181529171e-04
0.000000000000000000e+00 1.466394854990419054e-04 2.278713839928296972e-03 0.000000000000000000e+00 0.000000000000000000e+00
0.000000000000000000e+00 2.549946306890095134e-04 4.391980025314777590e-04 0.000000000000000000e+00 0.000000000000000000e+00
0.000000000000000000e+00 0.000000000000000000e+00 0.000000000000000000e+00 0.000000000000000000e+00 0.000000000000000000e+00
0.000000000000000000e+00 0.000000000000000000e+00 0.000000000000000000e+00 0.000000000000000000e+00 0.000000000000000000e+00
0.000000000000000000e+00 0.000000000000000000e+00 0.000000000000000000e+00 0.000000000000000000e+00 0.000000000000000000e+00
0.000000000000000000e+00 0.000000000000000000e+00 0.000000000000000000e+00 0.000000000000000000e+00 0.000000000000000000e+00
0.000000000000000000e+00 0.000000000000000000e+00 0.000000000000000000e+00 0.000000000000000000e+00 0.000000000000000000e+00
0.000000000000000000e+00 0.000000000000000000e+00 0.000000000000000000e+00 0.000000000000000000e+00 0.000000000000000000e+00
0.000000000000000000e+00 3.777519328043274960e-04 5.022769726402929189e-04 0.000000000000000000e+00 0.000000000000000000e+00
0.000000000000000000e+00 1.232217281784709359e-03 3.653864340315963934e-03 0.000000000000000000e+00 1.249547572342560493e-04
0.000000000000000000e+00 2.902339721796349126e-03 4.781331081057578827e-03 0.000000000000000000e+00 2.997419144431393359e-04
0.000000000000000000e+00 6.751484814680575909e-03 2.326032728722709358e-03 0.000000000000000000e+00 9.586611878882913803e-04
3.693885194928128160e-04 2.226476789869267364e-02 1.906777369421767390e-03 0.000000000000000000e+00 3.141663165397332817e-03
3.111309940760476934e-03 4.907373274651073702e-02 0.000000000000000000e+00 0.000000000000000000e+00 1.107494114418988186e-02
2.232258292528129656e-02 7.526104947912917731e-02 0.000000000000000000e+00 3.050387671453819519e-03 2.529004973074628487e-02
4.788918360886693093e-02 8.789402941101470690e-02 0.000000000000000000e+00 2.059183026479335585e-02 4.249544013565089567e-02
7.271810670116909958e-02 8.190896160816946159e-02 0.000000000000000000e+00 4.760046534386254413e-02 4.876111269854516844e-02
8.913806885607923614e-02 6.122841307158994467e-02 4.309381775600049612e-03 7.649816341337914438e-02 5.469202121524360111e-02
9.065536984986256874e-02 4.281648988232322067e-02 2.917530995168242033e-02 8.960196538015592627e-02 6.625282127945980593e-02
8.330667125433799391e-02 4.106699439116937023e-02 4.974062103994461581e-02 9.197482939158035942e-02 7.311947553929419585e-02
7.071535613868247527e-02 5.263132827036921813e-02 6.027170280280680359e-02 7.815578615021215314e-02 8.352910087874962364e-02
5.535407543658981550e-02 7.073112608196485684e-02 5.556830529530929624e-02 5.337782978727746014e-02 9.515389122860273829e-02
3.299188454205522619e-02 9.421586276965664142e-02 5.556524468935065270e-02 1.693852604485846999e-02 9.431788657074552384e-02
1.546612904430679468e-02 1.092059281641478002e-01 5.848400816020094678e-02 0.000000000000000000e+00 7.697520707896923775e-02
1.728777247242661809e-03 1.014165105522058102e-01 3.696727620342771248e-02 0.000000000000000000e+00 5.860908271818085491e-02
0.000000000000000000e+00 7.060135318169613594e-02 2.522811014861780707e-02 0.000000000000000000e+00 3.145354730691317380e-02
0.000000000000000000e+00 3.184524449663297951e-02 9.696032326131554316e-03 0.000000000000000000e+00 1.022270629956307207e-02
0.000000000000000000e+00 8.251600866275174417e-03 6.139391461036312544e-03 0.000000000000000000e+00 0.000000000000000000e+00
0.000000000000000000e+00 2.110971350790990554e-03 1.262857685035909550e-03 0.000000000000000000e+00 0.000000000000000000e+00
0.000000000000000000e+00 3.069379813849197462e-04 5.286642623064092108e-04 0.000000000000000000e+00 0.000000000000000000e+00
0.000000000000000000e+00 0.000000000000000000e+00 0.000000000000000000e+00 0.000000000000000000e+00 0.000000000000000000e+00
0.000000000000000000e+00 0.000000000000000000e+00 0.000000000000000000e+00 0.000000000000000000e+00 0.000000000000000000e+00
0.000000000000000000e+00 0.000000000000000000e+00 0.000000000000000000e+00 0.000000000000000000e+00 0.000000000000000000e+00
0.000000000000000000e+00 0.000000000000000000e+00 0.000000000000000000e+00 0.000000000000000000e+00 0.000000000000000000e+00
0.000000000000000000e+00 0.000000000000000000e+00 0.000000000000000000e+00 0.000000000000000000e+00 0.000000000000000000e+00
0.000000000000000000e+00 0.000000000000000000e+00 0.000000000000000000e+00 0.000000000000000000e+00 0.000000000000000000e+00
2.396620470153826676e-06 0.000000000000000000e+00 0.000000000000000000e+00 4.057181510984607128e-06 1.668793138126646486e-05
0.000000000000000000e+00 7.464822143375685537e-04 2.324320907309599359e-03 0.000000000000000000e+00 3.702710784567430345e-04
0.000000000000000000e+00 2.088389132229132982e-03 2.226689210890835623e-03 0.000000000000000000e+00 1.671594904912729156e-03
0.000000000000000000e+00 6.475020892378762633e-03 0.000000000000000000e+00 0.000000000000000000e+00 3.549603180633221621e-03
0.000000000000000000e+00 1.747617412821982075e-02 0.000000000000000000e+00 2.342714225428628536e-03 7.594708306149090815e-03
0.000000000000000000e+00 4.168921941555191191e-02 0.000000000000000000e+00 1.427570078015701939e-02 1.637045883435838192e-02
7.659567790062929080e-03 4.784447030216901903e-02 0.000000000000000000e+00 3.727197859464708579e-02 3.110952458895709094e-02
2.000261562119870495e-02 4.103783231156805239e-02 0.000000000000000000e+00 6.848186964438507385e-02 4.416107827081620224e-02
3.161750658949741971e-02 2.149773732450504724e-02 1.086654167321344545e-02 1.005065734633378699e-01 5.426984427993727239e-02
3.403564027999247260e-02 5.658953334044748013e-03 4.058256938849468670e-02 1.219015337538597310e-01 5.956509231219054429e-02
3.117329939322681723e-02 0.000000000000000000e+00 7.206433684726260003e-02 1.296594926515702850e-01 5.780345194007507209e-02
3.368074825521583104e-02 0.000000000000000000e+00 8.439724776817403296e-02 1.256760555350145692e-01 5.311217488702237033e-02
4.549089166543283241e-02 9.181689913457538599e-03 7.855005134232848074e-02 1.117423737797427208e-01 5.078462490852551220e-02
5.889280632623283829e-02 2.972362910831324520e-02 4.926647825626843252e-02 8.869146461682868299e-02 5.795679950233813271e-02
5.981101367324010570e-02 7.106102792952277702e-02 1.749752442140068559e-02 4.847756286987139895e-02 6.995405005121577147e-02
4.362605054003960287e-02 1.145516027821145977e-01 1.187916652729608009e-02 5.269014804931646326e-03 7.134482535893681143e-02
1.683306108759979186e-02 1.357035142526308580e-01 1.084535284814357181e-02 0.000000000000000000e+00 6.094360453785106074e-02
0.000000000000000000e+00 1.140120912860207725e-01 1.179421363758984161e-02 0.000000000000000000e+00 3.734336517059623495e-02
0.000000000000000000e+00 6.690613608237298837e-02 7.693378388167554371e-03 0.000000000000000000e+00 1.444670797274061683e-02
0.000000000000000000e+00 2.156499741761232214e-02 3.141548001393580647e-03 0.000000000000000000e+00 1.892649676627878447e-03
0.000000000000000000e+00 5.622069356199118316e-03 1.383263606910024434e-03 0.000000000000000000e+00 0.000000000000000000e+00
0.000000000000000000e+00 4.302406457207293014e-04 6.359093954908879090e-04 0.000000000000000000e+00 0.000000000000000000e+00
0.000000000000000000e+00 0.000000000000000000e+00 0.000000000000000000e+00 0.000000000000000000e+00 0.000000000000000000e+00
0.000000000000000000e+00 0.000000000000000000e+00 0.000000000000000000e+00 0.000000000000000000e+00 0.000000000000000000e+00
0.000000000000000000e+00 0.000000000000000000e+00 0.000000000000000000e+00 0.000000000000000000e+00 0.000000000000000000e+00
0.000000000000000000e+00 0.000000000000000000e+00 0.000000000000000000e+00 0.000000000000000000e+00 0.000000000000000000e+00
0.000000000000000000e+00 0.000000000000000000e+00 0.000000000000000000e+00 0.000000000000000000e+00 0.000000000000000000e+00
0.000000000000000000e+00 0.000000000000000000e+00 0.000000000000000000e+00 1.455946425330472782e-04 3.446069645088752878e-04
0.000000000000000000e+00 4.863338147317007587e-04 5.337626863237646558e-04 0.000000000000000000e+00 2.244336422928662293e-04
0.000000000000000000e+00 3.450579706817281846e-03 2.225208748616983295e-03 0.000000000000000000e+00 2.051537281198012770e-03
0.000000000000000000e+00 7.588724122450806256e-03 3.216045245972399842e-03 0.000000000000000000e+00 5.631771470215705608e-03
0.000000000000000000e+00 7.359736613682971162e-03 0.000000000000000000e+00 0.000000000000000000e+00 6.191906276360408141e-03
0.000000000000000000e+00 9.736048234984116118e-03 0.000000000000000000e+00 5.812507091919276621e-03 8.837323575646838583e-03
0.000000000000000000e+00 1.839388648815185393e-02 1.249393043632965848e-03 2.011748511845806026e-02 1.115858988669248680e-02
0.000000000000000000e+00 1.991998025615479562e-02 1.094597974764870314e-02 4.381678812919033439e-02 2.060199997812109732e-02
0.000000000000000000e+00 9.559015700644416316e-03 2.494259849337644372e-02 7.396685032673104565e-02 2.540092100198257721e-02
0.000000000000000000e+00 0.000000000000000000e+00 5.492594411289329626e-02 9.749150735529243939e-02 2.886257792150163579e-02
0.000000000000000000e+00 0.000000000000000000e+00 8.801576074941142025e-02 1.070237384782495166e-01 2.699456012964820961e-02
0.000000000000000000e+00 0.000000000000000000e+00 1.154011207180005161e-01 1.084392590351010016e-01 1.507496207901649898e-02
0.000000000000000000e+00 0.000000000000000000e+00 1.223479109832888434e-01 1.090085853798543475e-01 3.357804283172686078e-03
1.725452510246326676e-02 0.000000000000000000e+00 1.114516570620564667e-01 1.104243090636500418e-01 0.000000000000000000e+00
5.280204801670137366e-02 0.000000000000000000e+00 8.119997359482518384e-02 1.024543000466189707e-01 1.019448042914682627e-02
7.886195966758006992e-02 3.476107424465027778e-03 2.141266781691971918e-02 8.404520038996138309e-02 4.193250552421574906e-02
6.923340886450020382e-02 6.519104492517906191e-02 0.000000000000000000e+00 4.499085500032595775e-02 6.870869214667936486e-02
3.224644237577342643e-02 1.380587428849617548e-01 0.000000000000000000e+00 3.955958860253670035e-04 6.553098570949118795e-02
1.429485425481818919e-03 1.515987883554391624e-01 0.000000000000000000e+00 0.000000000000000000e+00 4.430870884721966468e-02
0.000000000000000000e+00 1.040780987573689670e-01 4.481520459711364041e-04 0.000000000000000000e+00 1.781532253789027548e-02
0.000000000000000000e+00 4.714154617135153658e-02 4.335108012266638937e-03 0.000000000000000000e+00 3.009695812445559344e-03
0.000000000000000000e+00 1.156782312773842018e-02 2.320448989140053413e-03 0.000000000000000000e+00 2.009101940442572647e-05
0.000000000000000000e+00 1.338361380406494650e-03 1.179442537156121396e-03 0.000000000000000000e+00 0.000000000000000000e+00
0.000000000000000000e+00 0.000000000000000000e+00 0.000000000000000000e+00 0.000000000000000000e+00 0.000000000000000000e+00
0.000000000000000000e+00 0.000000000000000000e+00 8.773801065547835027e-05 1.191614154646011240e-04 1.717568906259510949e-04
0.000000000000000000e+00 0.000000000000000000e+00 0.000000000000000000e+00 0.000000000000000000e+00 0.000000000000000000e+00
0.000000000000000000e+00 0.000000000000000000e+00 0.000000000000000000e+00 0.000000000000000000e+00 0.000000000000000000e+00
0.000000000000000000e+00 5.819650458182889846e-05 6.807076357732077480e-04 0.000000000000000000e+00 0.000000000000000000e+00
0.000000000000000000e+00 7.401162902004757103e-04 1.197804731079036514e-03 0.000000000000000000e+00 1.130392131556841838e-03
0.000000000000000000e+00 3.312276237304288481e-03 4.302600272184782700e-03 0.000000000000000000e+00 2.918156859883752619e-03
0.000000000000000000e+00 7.235149257488413151e-03 8.407638916218139816e-03 0.000000000000000000e+00 6.979498241855616909e-03
0.000000000000000000e+00 9.894676608758397676e-03 8.098269313064974939e-03 0.000000000000000000e+00 1.148936610004063982e-02
0.000000000000000000e+00 1.046327079855024524e-02 5.802610339976005394e-03 0.000000000000000000e+00 1.153092660049040256e-02
0.000000000000000000e+00 9.066082346927208796e-03 1.039089525011248870e-02 0.000000000000000000e+00 1.019890432829282864e-02
0.000000000000000000e+00 7.396247879992149353e-03 1.648969187671427833e-02 9.596100936760160530e-03 6.329209948960828891e-03
0.000000000000000000e+00 4.959523534183804365e-03 3.286711092104611237e-02 2.329055866712062897e-02 5.060194414765497618e-03
0.000000000000000000e+00 0.000000000000000000e+00 4.710369884959850900e-02 3.811413686364908959e-02 4.746697277161869219e-03
0.000000000000000000e+00 0.000000000000000000e+00 6.599944766492069070e-02 5.041446162308859530e-02 1.083606650070255417e-03
0.000000000000000000e+00 0.000000000000000000e+00 8.894272492853111389e-02 5.560247860653305674e-02 0.000000000000000000e+00
0.000000000000000000e+00 0.000000000000000000e+00 1.051167961871160711e-01 5.584540908915704149e-02 0.000000000000000000e+00
0.000000000000000000e+00 0.000000000000000000e+00 1.164085981819536764e-01 6.201923337869195280e-02 0.000000000000000000e+00
9.573343956922327619e-03 0.000000000000000000e+00 1.306737626594292045e-01 6.980078143192344764e-02 0.000000000000000000e+00
4.468660316907516195e-02 0.000000000000000000e+00 1.234442596468797310e-01 7.465618215651416423e-02 0.000000000000000000e+00
8.460453327492943598e-02 0.000000000000000000e+00 6.203489431572806884e-02 8.225041086205361895e-02 3.194855825991052556e-02
8.547507305392892940e-02 5.313557746100295263e-03 0.000000000000000000e+00 7.295565423274250061e-02 5.906170011272268705e-02
4.559078881377826714e-02 1.037793621333482907e-01 0.000000000000000000e+00 3.452785072066347216e-02 6.333062848261677980e-02
6.283087023203164784e-03 1.617082988291413115e-01 0.000000000000000000e+00 6.041444365146714495e-04 4.173590167915127574e-02
0.000000000000000000e+00 1.362906266509165132e-01 0.000000000000000000e+00 0.000000000000000000e+00 1.747712945818084146e-02
0.000000000000000000e+00 6.495480803686208560e-02 4.544148627288586983e-03 0.000000000000000000e+00 1.911036727092316548e-03
0.000000000000000000e+00 1.878148019170323979e-02 3.534880815972884973e-03 0.000000000000000000e+00 3.233420408221780577e-05
0.000000000000000000e+00 1.961479799564057238e-03 1.106350039550671200e-03 0.000000000000000000e+00 0.000000000000000000e+00
0.000000000000000000e+00 0.000000000000000000e+00 0.000000000000000000e+00 0.000000000000000000e+00 0.000000000000000000e+00
0.000000000000000000e+00 0.000000000000000000e+00 0.000000000000000000e+00 0.000000000000000000e+00 0.000000000000000000e+00
0.000000000000000000e+00 0.000000000000000000e+00 0.000000000000000000e+00 0.000000000000000000e+00 0.000000000000000000e+00
0.000000000000000000e+00 0.000000000000000000e+00 0.000000000000000000e+00 0.000000000000000000e+00 0.000000000000000000e+00
0.000000000000000000e+00 0.000000000000000000e+00 3.871033762751822601e-04 0.000000000000000000e+00 3.594913153862718311e-05
0.000000000000000000e+00 1.344712981902026344e-03 3.529087260383679658e-03 0.000000000000000000e+00 1.798803760844573836e-03
0.000000000000000000e+00 5.481688754465223121e-03 1.039047407612468492e-02 0.000000000000000000e+00 7.592513416962364328e-03
0.000000000000000000e+00 1.155373496268794105e-02 1.524172609598293919e-02 0.000000000000000000e+00 1.851129534453150108e-02
0.000000000000000000e+00 1.533272967927848049e-02 1.850033647455546354e-02 0.000000000000000000e+00 2.459376259076447718e-02
9.168955707767569496e-04 1.507301583388303765e-02 1.972462589333095345e-02 0.000000000000000000e+00 1.745702789422786186e-02
3.782367153721725474e-03 1.246276108805635142e-02 2.438893713838301280e-02 0.000000000000000000e+00 1.143410576566615197e-02
4.239057233721334021e-03 1.172099980943769847e-02 3.069255163166532269e-02 0.000000000000000000e+00 4.155407831396006578e-03
0.000000000000000000e+00 7.861125740311931606e-03 3.854878734511777566e-02 3.819777275742794378e-03 0.000000000000000000e+00
0.000000000000000000e+00 3.220107363062755905e-03 3.966482513148381767e-02 1.124268557886412903e-02 0.000000000000000000e+00
0.000000000000000000e+00 1.063913891575625709e-03 4.147147281805797780e-02 1.560886659165329482e-02 0.000000000000000000e+00
0.000000000000000000e+00 5.178661232529301788e-04 5.611281350451829963e-02 1.722917161894432780e-02 0.000000000000000000e+00
0.000000000000000000e+00 0.000000000000000000e+00 6.870248732892612897e-02 1.707683150292105961e-02 0.000000000000000000e+00
0.000000000000000000e+00 0.000000000000000000e+00 9.411461561568611189e-02 1.965633128650004502e-02 0.000000000000000000e+00
9.839366927646395894e-03 0.000000000000000000e+00 1.376295449393722947e-01 2.645921297008442183e-02 0.000000000000000000e+00
4.634146032788487302e-02 0.000000000000000000e+00 1.634325760842152975e-01 3.048329776596631763e-02 1.453552965985943244e-03
8.930197561540509366e-02 0.000000000000000000e+00 1.046377027655710779e-01 5.258594461293876476e-02 3.346855071303694862e-02
9.590544893028662976e-02 0.000000000000000000e+00 1.154324661973685391e-02 7.841112896140510491e-02 5.532494050969482408e-02
5.400038665805457355e-02 7.219720330580023382e-02 0.000000000000000000e+00 6.371888961703274512e-02 5.265419130960102140e-02
8.190676179090647727e-03 1.504701708476559041e-01 0.000000000000000000e+00 2.498835850828097505e-02 3.099164164143148117e-02
0.000000000000000000e+00 1.536261317269594917e-01 0.000000000000000000e+00 0.000000000000000000e+00 1.274692050530523875e-02
0.000000000000000000e+00 8.596969136167577352e-02 6.285586119645671967e-03 0.000000000000000000e+00 0.000000000000000000e+00
0.000000000000000000e+00 2.472061888901178409e-02 4.210628417589847364e-03 0.000000000000000000e+00 0.000000000000000000e+00
0.000000000000000000e+00 2.113228380866824605e-03 1.203594382071650681e-03 0.000000000000000000e+00 0.000000000000000000e+00
0.000000000000000000e+00 0.000000000000000000e+00 0.000000000000000000e+00 0.000000000000000000e+00 0.000000000000000000e+00
0.000000000000000000e+00 0.000000000000000000e+00 0.000000000000000000e+00 0.000000000000000000e+00 0.000000000000000000e+00
0.000000000000000000e+00 0.000000000000000000e+00 0.000000000000000000e+00 0.000000000000000000e+00 0.000000000000000000e+00
0.000000000000000000e+00 0.000000000000000000e+00 0.000000000000000000e+00 0.000000000000000000e+00 0.000000000000000000e+00
0.000000000000000000e+00 0.000000000000000000e+00 8.875987506002940995e-05 0.000000000000000000e+00 9.623774528099870277e-06
0.000000000000000000e+00 1.518648039136977776e-03 3.273420321257948171e-03 0.000000000000000000e+00 3.854536669193645796e-03
0.000000000000000000e+00 7.461071840216455982e-03 1.196821903387177907e-02 0.000000000000000000e+00 1.968243323070775763e-02
0.000000000000000000e+00 1.647832171978149893e-02 2.212971486825780765e-02 0.000000000000000000e+00 3.889552722078977454e-02
1.723643803970659541e-03 2.465448935532137120e-02 2.795270424161860889e-02 0.000000000000000000e+00 4.398431730562421538e-02
1.104814674650934914e-02 2.724484178593034045e-02 2.538269383564090154e-02 0.000000000000000000e+00 3.365199786906113849e-02
1.642124447849498126e-02 2.803716838612080667e-02 3.126509559796256110e-02 0.000000000000000000e+00 1.952800867710620739e-02
1.502142400996236103e-02 2.699951438400306422e-02 4.356933548007279472e-02 0.000000000000000000e+00 4.277453929233163143e-03
7.839290455033749022e-03 1.996565630192308552e-02 4.801615956151973619e-02 0.000000000000000000e+00 0.000000000000000000e+00
2.522231331174938380e-03 1.289987515839767507e-02 4.362598810367312313e-02 0.000000000000000000e+00 0.000000000000000000e+00
0.000000000000000000e+00 1.124116322676828664e-02 4.194730214640637889e-02 0.000000000000000000e+00 0.000000000000000000e+00
0.000000000000000000e+00 9.024599115922101247e-03 5.128914169389930250e-02 2.477772310898211303e-04 0.000000000000000000e+00
0.000000000000000000e+00 6.545380961938197448e-03 6.927491569291134577e-02 0.000000000000000000e+00 0.000000000000000000e+00
0.000000000000000000e+00 9.881983875071338307e-04 1.085356923294596709e-01 0.000000000000000000e+00 0.000000000000000000e+00
1.495134786674288778e-02 0.000000000000000000e+00 1.622339356617295281e-01 0.000000000000000000e+00 1.267476740289813324e-02
5.666078008622465328e-02 0.000000000000000000e+00 1.730875591977335259e-01 0.000000000000000000e+00 3.261571823918846952e-02
9.923916538609325877e-02 0.000000000000000000e+00 1.009812483112211695e-01 3.219457615219189356e-02 4.978567275136466103e-02
1.018383085139499405e-01 0.000000000000000000e+00 1.579848568185184465e-03 7.221539980189212171e-02 5.433206323333615584e-02
5.358170232683857198e-02 6.462076272744771144e-02 0.000000000000000000e+00 7.745819567947290207e-02 4.367623142131236980e-02
4.846192826710679115e-03 1.492703213679902052e-01 0.000000000000000000e+00 3.883981193420241174e-02 2.006151021647685495e-02
0.000000000000000000e+00 1.527170951102127805e-01 0.000000000000000000e+00 8.658102727305227314e-03 7.544706077011825718e-03
0.000000000000000000e+00 9.215821330071560791e-02 4.456667411485043181e-03 0.000000000000000000e+00 4.393053474271437723e-05
0.000000000000000000e+00 2.510833248682267649e-02 3.864249363458269280e-03 0.000000000000000000e+00 0.000000000000000000e+00
0.000000000000000000e+00 2.067620517303775819e-03 1.415110399453283407e-03 0.000000000000000000e+00 0.000000000000000000e+00
0.000000000000000000e+00 0.000000000000000000e+00 0.000000000000000000e+00 0.000000000000000000e+00 0.000000000000000000e+00
0.000000000000000000e+00 0.000000000000000000e+00 0.000000000000000000e+00 0.000000000000000000e+00 0.000000000000000000e+00
0.000000000000000000e+00 0.000000000000000000e+00 0.000000000000000000e+00 0.000000000000000000e+00 0.000000000000000000e+00
0.000000000000000000e+00 0.000000000000000000e+00 0.000000000000000000e+00 0.000000000000000000e+00 0.000000000000000000e+00
0.000000000000000000e+00 0.000000000000000000e+00 0.000000000000000000e+00 0.000000000000000000e+00 0.000000000000000000e+00
0.000000000000000000e+00 5.943340853200586001e-04 1.496125672860224411e-03 0.000000000000000000e+00 7.411059626233209609e-03
0.000000000000000000e+00 4.470940089714902678e-03 5.840986870095784753e-03 0.000000000000000000e+00 3.316294102347479289e-02
1.356562687448258013e-05 1.431446770900493028e-02 1.241680189353229664e-02 0.000000000000000000e+00 6.645170593562522987e-02
8.013586570887106311e-03 2.378018368236996249e-02 1.440955525853894123e-02 0.000000000000000000e+00 8.467589487494502076e-02
2.603286027400951441e-02 3.527013993439219453e-02 1.343836256432395966e-02 0.000000000000000000e+00 6.868018949307459764e-02
3.846132087390274901e-02 4.674029968116127226e-02 2.532902244833624972e-02 0.000000000000000000e+00 3.757849321455394159e-02
3.535175206677679260e-02 5.288563504661236009e-02 4.735982547699946893e-02 0.000000000000000000e+00 1.056761461021377656e-02
1.909038062054069576e-02 4.063176899743229514e-02 5.974223246060007125e-02 0.000000000000000000e+00 0.000000000000000000e+00
1.025990330606991324e-02 3.245672812115597827e-02 6.543982663785564979e-02 0.000000000000000000e+00 0.000000000000000000e+00
2.655008106785664013e-03 2.757377638822191071e-02 6.914548238794859802e-02 0.000000000000000000e+00 0.000000000000000000e+00
0.000000000000000000e+00 2.347141396021921664e-02 8.499877375115696965e-02 0.000000000000000000e+00 0.000000000000000000e+00
7.159492854649731784e-04 1.687830495761934863e-02 1.153376057785691355e-01 0.000000000000000000e+00 5.706635918080455241e-03
1.083158146911157062e-02 9.092832552397895132e-03 1.553906002117206864e-01 0.000000000000000000e+00 2.273606593907830098e-02
3.809808026666228198e-02 0.000000000000000000e+00 1.810718338920122017e-01 0.000000000000000000e+00 4.364932894107802913e-02
8.328320022518974353e-02 0.000000000000000000e+00 1.444088448184097095e-01 0.000000000000000000e+00 6.198138528696112842e-02
1.129344456394175550e-01 0.000000000000000000e+00 5.487704719632124223e-02 3.001990489799073389e-02 6.319209676776989248e-02
9.315142007453061646e-02 5.731204531065955260e-03 0.000000000000000000e+00 7.581147839869599447e-02 4.809391469682652159e-02
3.676983572349300927e-02 9.512509566476477774e-02 0.000000000000000000e+00 8.127240131367136078e-02 2.471248341034065765e-02
0.000000000000000000e+00 1.516863593252578968e-01 0.000000000000000000e+00 4.799733972393911002e-02 9.721707774010608649e-03
0.000000000000000000e+00 1.398205016128975797e-01 0.000000000000000000e+00 1.535925564307981037e-02 2.155924146264674018e-03
0.000000000000000000e+00 7.910075556200217572e-02 4.334652765897962709e-03 0.000000000000000000e+00 0.000000000000000000e+00
0.000000000000000000e+00 1.977525602301275290e-02 2.796011513859774332e-03 0.000000000000000000e+00 0.000000000000000000e+00
0.000000000000000000e+00 1.680350586483633519e-03 1.474215230613222603e-03 0.000000000000000000e+00 0.000000000000000000e+00
0.000000000000000000e+00 0.000000000000000000e+00 0.000000000000000000e+00 0.000000000000000000e+00 0.000000000000000000e+00
0.000000000000000000e+00 0.000000000000000000e+00 0.000000000000000000e+00 0.000000000000000000e+00 0.000000000000000000e+00
0.000000000000000000e+00 0.000000000000000000e+00 0.000000000000000000e+00 0.000000000000000000e+00 0.000000000000000000e+00
0.000000000000000000e+00 0.000000000000000000e+00 0.000000000000000000e+00 0.000000000000000000e+00 0.000000000000000000e+00
2.191479634663534660e-05 0.000000000000000000e+00 0.000000000000000000e+00 0.000000000000000000e+00 1.186474799345931295e-04
0.000000000000000000e+00 3.904173796057774481e-05 0.000000000000000000e+00 0.000000000000000000e+00 9.872970779089818710e-03
0.000000000000000000e+00 1.431727145555581086e-03 0.000000000000000000e+00 0.000000000000000000e+00 4.062624516205966263e-02
0.000000000000000000e+00 7.082319485475848872e-03 0.000000000000000000e+00 0.000000000000000000e+00 8.877017123225885986e-02
6.930306564701053940e-03 1.608392967238227514e-02 0.000000000000000000e+00 0.000000000000000000e+00 1.210619286949711909e-01
3.753784146204317690e-02 2.855424436950822903e-02 0.000000000000000000e+00 0.000000000000000000e+00 1.144126148185852926e-01
6.202543951253752796e-02 4.282255090120137830e-02 4.854101113710931718e-03 0.000000000000000000e+00 7.677663337618832740e-02
6.854954263207746479e-02 6.290933493997896697e-02 2.992292742488827581e-02 0.000000000000000000e+00 3.738209841701958108e-02
5.441283490172631188e-02 6.729772453088428419e-02 5.757576799294372022e-02 0.000000000000000000e+00 1.512208768322487532e-02
3.813888834653054311e-02 6.355604944036477577e-02 7.759420019396418011e-02 0.000000000000000000e+00 9.747245155477313183e-03
2.499500824306772825e-02 6.508746633075551680e-02 9.738434892521949382e-02 0.000000000000000000e+00 1.484568522599919588e-02
2.349147657620533416e-02 5.494574514838761886e-02 1.241633755825571617e-01 0.000000000000000000e+00 2.856822226813872379e-02
2.935101346073114639e-02 4.307923255708587251e-02 1.521629426587096934e-01 0.000000000000000000e+00 4.627417335101107615e-02
5.159401689077415532e-02 2.913521943641786752e-02 1.633760779673264218e-01 0.000000000000000000e+00 6.472665214662699784e-02
8.316235340788084851e-02 9.500289432275212456e-03 1.376340781342616504e-01 0.000000000000000000e+00 7.559371101239970026e-02
1.111754890405509538e-01 0.000000000000000000e+00 7.983087734996446860e-02 5.150237591413641368e-03 6.623683670899253861e-02
1.082317055032517294e-01 1.115336225225003509e-02 0.000000000000000000e+00 5.789742593946603511e-02 5.015299769368552346e-02
6.495730324335159678e-02 6.961793444201229419e-02 0.000000000000000000e+00 8.826323642711322859e-02 2.480692417220222226e-02
1.511693084893270082e-02 1.314864902252983470e-01 0.000000000000000000e+00 7.752650438711658487e-02 6.717005294686796517e-03
0.000000000000000000e+00 1.437414415499742026e-01 0.000000000000000000e+00 4.513823586313329972e-02 1.098932226114915801e-03
0.000000000000000000e+00 1.146018946702508784e-01 0.000000000000000000e+00 1.734302978190836730e-02 0.000000000000000000e+00
0.000000000000000000e+00 5.363107518266531371e-02 4.155581394023215303e-03 2.575696943342239541e-03 0.000000000000000000e+00
0.000000000000000000e+00 1.144514891044147442e-02 1.986080587423064495e-03 0.000000000000000000e+00 0.000000000000000000e+00
0.000000000000000000e+00 8.238545276856509836e-04 8.172183433595087750e-04 0.000000000000000000e+00 0.000000000000000000e+00
0.000000000000000000e+00 0.000000000000000000e+00 0.000000000000000000e+00 0.000000000000000000e+00 0.000000000000000000e+00
0.000000000000000000e+00 0.000000000000000000e+00 0.000000000000000000e+00 0.000000000000000000e+00 0.000000000000000000e+00
0.000000000000000000e+00 0.000000000000000000e+00 0.000000000000000000e+00 0.000000000000000000e+00 0.000000000000000000e+00
0.000000000000000000e+00 0.000000000000000000e+00 0.000000000000000000e+00 0.000000000000000000e+00 0.000000000000000000e+00
4.045808556301911079e-05 0.000000000000000000e+00 0.000000000000000000e+00 0.000000000000000000e+00 2.190415014177109058e-04
0.000000000000000000e+00 0.000000000000000000e+00 0.000000000000000000e+00 0.000000000000000000e+00 6.447428916819181177e-03
0.000000000000000000e+00 2.167676853719613991e-03 0.000000000000000000e+00 0.000000000000000000e+00 3.031490847040718001e-02
0.000000000000000000e+00 2.013516312555341334e-03 0.000000000000000000e+00 0.000000000000000000e+00 7.727206751441126342e-02
1.360263831288554713e-03 6.600966800638386964e-03 0.000000000000000000e+00 0.000000000000000000e+00 1.297316504906896317e-01
2.810605777361950205e-02 1.817733358110089695e-02 0.000000000000000000e+00 0.000000000000000000e+00 1.514050016659124753e-01
6.382543008745784896e-02 2.839888918731526407e-02 0.000000000000000000e+00 0.000000000000000000e+00 1.357482947791244510e-01
9.480406921694541078e-02 4.718085151968828134e-02 0.000000000000000000e+00 0.000000000000000000e+00 9.597476071866166414e-02
1.027799676614143398e-01 6.834331069106745760e-02 1.477581681995391964e-02 0.000000000000000000e+00 6.956091256929812505e-02
9.285066916920274582e-02 7.495519713977419340e-02 4.267847118384366506e-02 0.000000000000000000e+00 6.371993172858167465e-02
8.007343365380288625e-02 7.832695644237865074e-02 7.664200985713873204e-02 0.000000000000000000e+00 7.220038383474398913e-02
7.896163667648423146e-02 7.149706584628327810e-02 9.646097185071170199e-02 0.000000000000000000e+00 8.034464139683424044e-02
8.791014664756627295e-02 5.908677362053708221e-02 1.046016767971662403e-01 0.000000000000000000e+00 8.507543537397933842e-02
1.050385038169799612e-01 4.306119745640758778e-02 9.194059372668780816e-02 0.000000000000000000e+00 8.154721786464730338e-02
1.177182380453791477e-01 3.359969006252200990e-02 5.365438992541217422e-02 1.481682927221810581e-02 6.394707236839305975e-02
1.108970481049620788e-01 3.832204472816593682e-02 0.000000000000000000e+00 6.391536705812966845e-02 3.814648651838370430e-02
7.395873205840793052e-02 7.390698622099846349e-02 0.000000000000000000e+00 9.365398075704893521e-02 1.855963517102390825e-02
2.444742525778094422e-02 1.156993804502389062e-01 0.000000000000000000e+00 9.442416905613118527e-02 1.107631112021782455e-03
0.000000000000000000e+00 1.315311233933200430e-01 0.000000000000000000e+00 6.981740417489901152e-02 0.000000000000000000e+00
0.000000000000000000e+00 1.158126381462426940e-01 0.000000000000000000e+00 3.640781175299608041e-02 0.000000000000000000e+00
0.000000000000000000e+00 7.121583397018396711e-02 0.000000000000000000e+00 1.470434121316579329e-02 0.000000000000000000e+00
0.000000000000000000e+00 2.790726731478326145e-02 3.241524918029171313e-03 2.608605632485122387e-03 0.000000000000000000e+00
0.000000000000000000e+00 4.535733891995489750e-03 1.001567802382694224e-03 3.719349764770779956e-04 0.000000000000000000e+00
0.000000000000000000e+00 0.000000000000000000e+00 0.000000000000000000e+00 0.000000000000000000e+00 0.000000000000000000e+00
0.000000000000000000e+00 0.000000000000000000e+00 0.000000000000000000e+00 0.000000000000000000e+00 0.000000000000000000e+00
0.000000000000000000e+00 0.000000000000000000e+00 0.000000000000000000e+00 0.000000000000000000e+00 0.000000000000000000e+00
0.000000000000000000e+00 0.000000000000000000e+00 0.000000000000000000e+00 0.000000000000000000e+00 0.000000000000000000e+00
0.000000000000000000e+00 0.000000000000000000e+00 0.000000000000000000e+00 0.000000000000000000e+00 0.000000000000000000e+00
0.000000000000000000e+00 0.000000000000000000e+00 0.000000000000000000e+00 0.000000000000000000e+00 0.000000000000000000e+00
0.000000000000000000e+00 1.079644745298023728e-04 0.000000000000000000e+00 9.301810764806333807e-05 2.605419584271634857e-03
0.000000000000000000e+00 9.689334090364952684e-04 0.000000000000000000e+00 5.375038977106511294e-05 1.465600139311963937e-02
0.000000000000000000e+00 2.339827826727266993e-03 0.000000000000000000e+00 0.000000000000000000e+00 4.265301466257576807e-02
0.000000000000000000e+00 2.360608751870530396e-03 0.000000000000000000e+00 0.000000000000000000e+00 9.019356064025586817e-02
1.078540932409842272e-02 1.460414532047504138e-04 0.000000000000000000e+00 4.446629378495480303e-03 1.345013621840658591e-01
4.307950507476303315e-02 1.142122861134247432e-03 0.000000000000000000e+00 1.281172832928989189e-02 1.484477330271292417e-01
8.045511344188838176e-02 1.314409192130777844e-02 0.000000000000000000e+00 1.458752075347412823e-02 1.373574369638473069e-01
1.088600044624037505e-01 2.812237513366856734e-02 0.000000000000000000e+00 1.422958962754927899e-02 1.143821624452650149e-01
1.187907731343733619e-01 4.337101467677521166e-02 0.000000000000000000e+00 1.311820441513419574e-02 9.889118509760758124e-02
1.207429978438302465e-01 5.346001745377539083e-02 1.857535546755442746e-02 1.319292418410471061e-02 8.951736548988918629e-02
1.197661403977259981e-01 5.748620842076583581e-02 2.851980126555178283e-02 1.976592486745279431e-02 8.185497974828866152e-02
1.225764141813495411e-01 4.999573612530695821e-02 2.233376387259710522e-02 3.843774252488491028e-02 6.579043430849086660e-02
1.189111778735539166e-01 4.257634965425315804e-02 1.830638377028257022e-03 6.812863987328481030e-02 4.510765801320849866e-02
9.747648093501987132e-02 5.206939672505570688e-02 0.000000000000000000e+00 1.005685591007848406e-01 2.147732483470955397e-02
5.887530172879773538e-02 7.831242911597424694e-02 0.000000000000000000e+00 1.179472252453535458e-01 4.071531236645121120e-04
1.789323041030292313e-02 1.037761151104380358e-01 0.000000000000000000e+00 1.086326821378564011e-01 0.000000000000000000e+00
0.000000000000000000e+00 1.108704264611679868e-01 0.000000000000000000e+00 8.224708384882349621e-02 0.000000000000000000e+00
0.000000000000000000e+00 9.516541368329387018e-02 0.000000000000000000e+00 5.036233751073660586e-02 0.000000000000000000e+00
0.000000000000000000e+00 6.536151774367525424e-02 2.529382318083406994e-03 2.434423673028550741e-02 0.000000000000000000e+00
0.000000000000000000e+00 3.070433473585414824e-02 2.402761905524719230e-03 9.494097758001534756e-03 0.000000000000000000e+00
0.000000000000000000e+00 9.921080972797355346e-03 2.841688052706013365e-03 1.941109543296351807e-03 0.000000000000000000e+00
0.000000000000000000e+00 1.371659642448883054e-03 5.834928440144834284e-04 2.082353772439695164e-04 0.000000000000000000e+00
0.000000000000000000e+00 0.000000000000000000e+00 0.000000000000000000e+00 0.000000000000000000e+00 0.000000000000000000e+00
0.000000000000000000e+00 0.000000000000000000e+00 0.000000000000000000e+00 0.000000000000000000e+00 0.000000000000000000e+00
0.000000000000000000e+00 0.000000000000000000e+00 0.000000000000000000e+00 0.000000000000000000e+00 0.000000000000000000e+00
0.000000000000000000e+00 0.000000000000000000e+00 0.000000000000000000e+00 0.000000000000000000e+00 0.000000000000000000e+00
0.000000000000000000e+00 0.000000000000000000e+00 0.000000000000000000e+00 0.000000000000000000e+00 0.000000000000000000e+00
0.000000000000000000e+00 0.000000000000000000e+00 0.000000000000000000e+00 0.000000000000000000e+00 0.000000000000000000e+00
0.000000000000000000e+00 8.408103855280405305e-05 0.000000000000000000e+00 2.433294898549767866e-04 2.685975083288705636e-04
0.000000000000000000e+00 4.594217401039979486e-04 0.000000000000000000e+00 6.363730691081049542e-04 3.918151123285610812e-03
0.000000000000000000e+00 0.000000000000000000e+00 1.804213391271259790e-03 2.673372066174208288e-03 1.555615739448025850e-02
0.000000000000000000e+00 0.000000000000000000e+00 1.184989065219159508e-03 6.285748103731014953e-03 3.583058387630055908e-02
0.000000000000000000e+00 0.000000000000000000e+00 0.000000000000000000e+00 1.783061374325419987e-02 6.781447035646909205e-02
4.869748427532292687e-03 0.000000000000000000e+00 0.000000000000000000e+00 3.408306637794936839e-02 9.681855586421102278e-02
2.945735870190075573e-02 0.000000000000000000e+00 0.000000000000000000e+00 4.630746879370330887e-02 1.124667050109891403e-01
5.938435127890561577e-02 0.000000000000000000e+00 0.000000000000000000e+00 6.355137803108643069e-02 1.070408016861560535e-01
8.633333517182702199e-02 0.000000000000000000e+00 0.000000000000000000e+00 7.961381702523485926e-02 8.751447843284715367e-02
9.980400788964641223e-02 0.000000000000000000e+00 0.000000000000000000e+00 9.316033927184171060e-02 6.197953857463397304e-02
9.743455662525944694e-02 1.169860629797689171e-02 0.000000000000000000e+00 1.133796996651036532e-01 3.483656444762796289e-02
8.106658377316383612e-02 3.060454551258637301e-02 0.000000000000000000e+00 1.300893458866530517e-01 9.764468924511104930e-03
5.369050931780994934e-02 4.713216757597536027e-02 0.000000000000000000e+00 1.396607060002240386e-01 0.000000000000000000e+00
2.295787689920702340e-02 6.236013348456660721e-02 0.000000000000000000e+00 1.350277138655564535e-01 0.000000000000000000e+00
0.000000000000000000e+00 7.189324919885980991e-02 0.000000000000000000e+00 1.131784905685344206e-01 0.000000000000000000e+00
0.000000000000000000e+00 7.274994325938560769e-02 0.000000000000000000e+00 8.161531403372761229e-02 0.000000000000000000e+00
0.000000000000000000e+00 6.053762596964027548e-02 2.749834819079877320e-03 5.108790274369828799e-02 0.000000000000000000e+00
0.000000000000000000e+00 4.353592885082931824e-02 5.589009546270820930e-03 2.682552884618443975e-02 0.000000000000000000e+00
0.000000000000000000e+00 2.077085059882788007e-02 4.368986021882815055e-03 1.175004529832755079e-02 0.000000000000000000e+00
0.000000000000000000e+00 8.833041317064575793e-03 3.300712891252539135e-03 4.268879224698707286e-03 0.000000000000000000e+00
0.000000000000000000e+00 2.339007783926363646e-03 2.183658020267163595e-03 9.187921795332096775e-04 0.000000000000000000e+00
0.000000000000000000e+00 2.700182682843938484e-04 5.967533013071130458e-04 1.112522366955058718e-04 0.000000000000000000e+00
0.000000000000000000e+00 0.000000000000000000e+00 0.000000000000000000e+00 0.000000000000000000e+00 0.000000000000000000e+00
0.000000000000000000e+00 0.000000000000000000e+00 0.000000000000000000e+00 0.000000000000000000e+00 0.000000000000000000e+00
0.000000000000000000e+00 0.000000000000000000e+00 0.000000000000000000e+00 0.000000000000000000e+00 0.000000000000000000e+00
0.000000000000000000e+00 0.000000000000000000e+00 0.000000000000000000e+00 0.000000000000000000e+00 0.000000000000000000e+00
0.000000000000000000e+00 0.000000000000000000e+00 0.000000000000000000e+00 0.000000000000000000e+00 0.000000000000000000e+00
0.000000000000000000e+00 0.000000000000000000e+00 0.000000000000000000e+00 0.000000000000000000e+00 0.000000000000000000e+00
0.000000000000000000e+00 0.000000000000000000e+00 0.000000000000000000e+00 0.000000000000000000e+00 0.000000000000000000e+00
0.000000000000000000e+00 0.000000000000000000e+00 3.052414162215237592e-03 5.744306578441696690e-04 1.413012645304436137e-03
0.000000000000000000e+00 0.000000000000000000e+00 9.116232868985727281e-03 2.198973502437118720e-03 4.093813695623009681e-03
0.000000000000000000e+00 0.000000000000000000e+00 1.152820455541441087e-02 6.364213409545058098e-03 8.162696504349097743e-03
0.000000000000000000e+00 0.000000000000000000e+00 1.916346669387086754e-02 1.503728682185196362e-02 1.258294082888290061e-02
0.000000000000000000e+00 0.000000000000000000e+00 2.235632194719672228e-02 2.896749275750834171e-02 1.941726735578491042e-02
0.000000000000000000e+00 0.000000000000000000e+00 2.155543421248681812e-02 4.704332665194824181e-02 2.249089105127195440e-02
0.000000000000000000e+00 0.000000000000000000e+00 2.108842584674993845e-02 6.791345134666663952e-02 1.952307758987347278e-02
0.000000000000000000e+00 0.000000000000000000e+00 1.798192965516440256e-02 8.875273806586105041e-02 1.189617365798702371e-02
0.000000000000000000e+00 0.000000000000000000e+00 1.619225763623411557e-02 1.103011106536320174e-01 0.000000000000000000e+00
0.000000000000000000e+00 0.000000000000000000e+00 1.406190759533689286e-02 1.182549290395875780e-01 0.000000000000000000e+00
0.000000000000000000e+00 5.908794704048364946e-03 1.622693584611348272e-02 1.166495369837154267e-01 0.000000000000000000e+00
0.000000000000000000e+00 1.978182992944049062e-02 1.396434949823412847e-02 9.909947883042660721e-02 0.000000000000000000e+00
0.000000000000000000e+00 2.893180317139372459e-02 5.607255544512372049e-03 7.511710697201361142e-02 0.000000000000000000e+00
0.000000000000000000e+00 2.898450782896294306e-02 5.620033374579391783e-03 5.098733017666211981e-02 0.000000000000000000e+00
0.000000000000000000e+00 2.051026437868864322e-02 6.124850604808721594e-03 3.070097714035123840e-02 0.000000000000000000e+00
0.000000000000000000e+00 1.456711690137824262e-02 7.835344300803960896e-03 1.792290980816513279e-02 0.000000000000000000e+00
0.000000000000000000e+00 7.121193242370810542e-03 5.497144597446527829e-03 8.354449291801575861e-03 0.000000000000000000e+00
0.000000000000000000e+00 3.886902047943611126e-03 3.930527179040192026e-03 4.186239622969502826e-03 0.000000000000000000e+00
0.000000000000000000e+00 1.654979732554109819e-03 2.407123951739667273e-03 1.585482716565682479e-03 0.000000000000000000e+00
0.000000000000000000e+00 4.536784621611027928e-04 1.076311606931751753e-03 2.951926094208040248e-04 0.000000000000000000e+00
0.000000000000000000e+00 7.181582869879533850e-05 2.305612599312299455e-04 3.700533264595064301e-05 0.000000000000000000e+00
0.000000000000000000e+00 0.000000000000000000e+00 0.000000000000000000e+00 0.000000000000000000e+00 0.000000000000000000e+00
0.000000000000000000e+00 0.000000000000000000e+00 0.000000000000000000e+00 0.000000000000000000e+00 0.000000000000000000e+00
0.000000000000000000e+00 0.000000000000000000e+00 0.000000000000000000e+00 0.000000000000000000e+00 0.000000000000000000e+00
0.000000000000000000e+00 0.000000000000000000e+00 0.000000000000000000e+00 0.000000000000000000e+00 0.000000000000000000e+00
0.000000000000000000e+00 0.000000000000000000e+00 0.000000000000000000e+00 0.000000000000000000e+00 0.000000000000000000e+00
0.000000000000000000e+00 0.000000000000000000e+00 0.000000000000000000e+00 0.000000000000000000e+00 0.000000000000000000e+00
0.000000000000000000e+00 0.000000000000000000e+00 0.000000000000000000e+00 0.000000000000000000e+00 0.000000000000000000e+00
0.000000000000000000e+00 0.000000000000000000e+00 1.693988830161785076e-04 0.000000000000000000e+00 5.341473751310701624e-05
0.000000000000000000e+00 0.000000000000000000e+00 2.781487737731700837e-03 6.448578678836348139e-05 3.248182618522975958e-04
0.000000000000000000e+00 1.071856677986154623e-04 7.270196983876885816e-03 5.450056812001072715e-04 4.375827264475689281e-04
0.000000000000000000e+00 0.000000000000000000e+00 1.249603542965498255e-02 2.982001256092233973e-03 3.835619788611188794e-04
0.000000000000000000e+00 0.000000000000000000e+00 1.879384122364569434e-02 5.498536416790738256e-03 0.000000000000000000e+00
0.000000000000000000e+00 0.000000000000000000e+00 2.342512609009192101e-02 7.836839835869484697e-03 0.000000000000000000e+00
0.000000000000000000e+00 0.000000000000000000e+00 2.702562072210916433e-02 1.004807249053342108e-02 0.000000000000000000e+00
0.000000000000000000e+00 0.000000000000000000e+00 2.769157713751328742e-02 1.215655457108363868e-02 0.000000000000000000e+00
0.000000000000000000e+00 0.000000000000000000e+00 2.848769741355372531e-02 1.349832551322416481e-02 0.000000000000000000e+00
0.000000000000000000e+00 0.000000000000000000e+00 2.961524223439273781e-02 1.516451238418263167e-02 0.000000000000000000e+00
0.000000000000000000e+00 1.878485726698660499e-03 2.532907428501509142e-02 1.611163682844426320e-02 0.000000000000000000e+00
0.000000000000000000e+00 3.265449715710657102e-03 1.355722854304402224e-02 1.214978576691838098e-02 0.000000000000000000e+00
0.000000000000000000e+00 3.689443444455535893e-03 9.223372969068626206e-03 8.992600109412451220e-03 0.000000000000000000e+00
0.000000000000000000e+00 2.893867645916827890e-03 6.487412237434127607e-03 6.401914155546115787e-03 0.000000000000000000e+00
0.000000000000000000e+00 2.286669804694268972e-03 4.280729604309393803e-03 3.525981921909146326e-03 0.000000000000000000e+00
0.000000000000000000e+00 2.529386457296752769e-03 5.303707469426149380e-03 2.453656393119588337e-03 0.000000000000000000e+00
0.000000000000000000e+00 1.024661788018903013e-03 4.442083541049017537e-03 1.320162976286067122e-03 0.000000000000000000e+00
0.000000000000000000e+00 5.483417423081485840e-04 1.993318123456406556e-03 4.727017035389648376e-04 0.000000000000000000e+00
0.000000000000000000e+00 3.316414315199745703e-04 1.070992914531652658e-03 1.719523383227156100e-04 0.000000000000000000e+00
0.000000000000000000e+00 2.300766363868814895e-04 7.386499623722740703e-04 1.185541212546197383e-04 0.000000000000000000e+00
0.000000000000000000e+00 0.000000000000000000e+00 0.000000000000000000e+00 0.000000000000000000e+00 0.000000000000000000e+00
0.000000000000000000e+00 0.000000000000000000e+00 0.000000000000000000e+00 0.000000000000000000e+00 0.000000000000000000e+00
0.000000000000000000e+00 0.000000000000000000e+00 0.000000000000000000e+00 0.000000000000000000e+00 0.000000000000000000e+00
0.000000000000000000e+00 0.000000000000000000e+00 0.000000000000000000e+00 0.000000000000000000e+00 0.000000000000000000e+00
0.000000000000000000e+00 0.000000000000000000e+00 0.000000000000000000e+00 0.000000000000000000e+00 0.000000000000000000e+00
0.000000000000000000e+00 0.000000000000000000e+00 0.000000000000000000e+00 0.000000000000000000e+00 0.000000000000000000e+00
0.000000000000000000e+00 0.000000000000000000e+00 0.000000000000000000e+00 0.000000000000000000e+00 0.000000000000000000e+00
0.000000000000000000e+00 0.000000000000000000e+00 0.000000000000000000e+00 0.000000000000000000e+00 0.000000000000000000e+00
0.000000000000000000e+00 0.000000000000000000e+00 0.000000000000000000e+00 0.000000000000000000e+00 0.000000000000000000e+00
0.000000000000000000e+00 0.000000000000000000e+00 0.000000000000000000e+00 0.000000000000000000e+00 0.000000000000000000e+00
0.000000000000000000e+00 4.687881434039129695e-05 6.760002475927287145e-04 0.000000000000000000e+00 0.000000000000000000e+00
0.000000000000000000e+00 9.375762868078259390e-05 1.352000495185457429e-03 0.000000000000000000e+00 0.000000000000000000e+00
0.000000000000000000e+00 9.375762868078259390e-05 1.352000495185457429e-03 0.000000000000000000e+00 0.000000000000000000e+00
0.000000000000000000e+00 9.375762868078259390e-05 1.352000495185457429e-03 0.000000000000000000e+00 0.000000000000000000e+00
0.000000000000000000e+00 9.375762868078259390e-05 1.352000495185457429e-03 0.000000000000000000e+00 0.000000000000000000e+00
0.000000000000000000e+00 6.285026559057857877e-05 3.073732198883820897e-03 6.487823283997338759e-05 0.000000000000000000e+00
0.000000000000000000e+00 6.577782467260883748e-05 4.399181426613471384e-03 1.813912468489443464e-04 0.000000000000000000e+00
0.000000000000000000e+00 1.904918583412108140e-04 3.895187404529217023e-03 4.578628627978607326e-04 0.000000000000000000e+00
0.000000000000000000e+00 1.451407451822776015e-04 2.696056540797126758e-03 7.651138667380335493e-04 0.000000000000000000e+00
0.000000000000000000e+00 1.262916611786867797e-04 2.598917618696230166e-03 6.591569181117976767e-04 0.000000000000000000e+00
0.000000000000000000e+00 7.145647483009478693e-05 1.915929666780415413e-03 3.613451771577792272e-04 0.000000000000000000e+00
0.000000000000000000e+00 3.191814608835347248e-05 1.024716710805467253e-04 1.644681450931140555e-05 0.000000000000000000e+00
0.000000000000000000e+00 1.728899579785812726e-04 5.550548850196280332e-04 8.908691192543682327e-05 0.000000000000000000e+00
0.000000000000000000e+00 2.779538555194114441e-04 8.923574689930935822e-04 1.432243430185867975e-04 0.000000000000000000e+00
0.000000000000000000e+00 3.364704566813926353e-04 1.080222199307429324e-03 1.733768362856577094e-04 0.000000000000000000e+00
0.000000000000000000e+00 3.231712291445787183e-04 1.037525669690534443e-03 1.665239969067779850e-04 0.000000000000000000e+00
0.000000000000000000e+00 7.181582869879533850e-05 2.305612599312299455e-04 3.700533264595064301e-05 0.000000000000000000e+00
0.000000000000000000e+00 0.000000000000000000e+00 0.000000000000000000e+00 0.000000000000000000e+00 0.000000000000000000e+00
0.000000000000000000e+00 0.000000000000000000e+00 0.000000000000000000e+00 0.000000000000000000e+00 0.000000000000000000e+00
0.000000000000000000e+00 0.000000000000000000e+00 0.000000000000000000e+00 0.000000000000000000e+00 0.000000000000000000e+00
0.000000000000000000e+00 0.000000000000000000e+00 0.000000000000000000e+00 0.000000000000000000e+00 0.000000000000000000e+00
0.000000000000000000e+00 0.000000000000000000e+00 0.000000000000000000e+00 0.000000000000000000e+00 0.000000000000000000e+00
0.000000000000000000e+00 0.000000000000000000e+00 0.000000000000000000e+00 0.000000000000000000e+00 0.000000000000000000e+00
0.000000000000000000e+00 0.000000000000000000e+00 0.000000000000000000e+00 0.000000000000000000e+00 0.000000000000000000e+00
0.000000000000000000e+00 0.000000000000000000e+00 0.000000000000000000e+00 0.000000000000000000e+00 0.000000000000000000e+00
0.000000000000000000e+00 0.000000000000000000e+00 0.000000000000000000e+00 0.000000000000000000e+00 0.000000000000000000e+00
0.000000000000000000e+00 0.000000000000000000e+00 0.000000000000000000e+00 0.000000000000000000e+00 0.000000000000000000e+00
0.000000000000000000e+00 0.000000000000000000e+00 0.000000000000000000e+00 0.000000000000000000e+00 0.000000000000000000e+00
0.000000000000000000e+00 0.000000000000000000e+00 0.000000000000000000e+00 0.000000000000000000e+00 0.000000000000000000e+00
0.000000000000000000e+00 0.000000000000000000e+00 0.000000000000000000e+00 0.000000000000000000e+00 0.000000000000000000e+00
0.000000000000000000e+00 0.000000000000000000e+00 0.000000000000000000e+00 0.000000000000000000e+00 0.000000000000000000e+00
0.000000000000000000e+00 0.000000000000000000e+00 0.000000000000000000e+00 0.000000000000000000e+00 0.000000000000000000e+00
0.000000000000000000e+00 0.000000000000000000e+00 0.000000000000000000e+00 0.000000000000000000e+00 0.000000000000000000e+00
0.000000000000000000e+00 0.000000000000000000e+00 0.000000000000000000e+00 0.000000000000000000e+00 0.000000000000000000e+00
0.000000000000000000e+00 0.000000000000000000e+00 0.000000000000000000e+00 0.000000000000000000e+00 0.000000000000000000e+00
0.000000000000000000e+00 0.000000000000000000e+00 0.000000000000000000e+00 0.000000000000000000e+00 0.000000000000000000e+00
0.000000000000000000e+00 0.000000000000000000e+00 0.000000000000000000e+00 0.000000000000000000e+00 0.000000000000000000e+00
0.000000000000000000e+00 0.000000000000000000e+00 0.000000000000000000e+00 0.000000000000000000e+00 0.000000000000000000e+00
0.000000000000000000e+00 0.000000000000000000e+00 0.000000000000000000e+00 0.000000000000000000e+00 0.000000000000000000e+00
0.000000000000000000e+00 0.000000000000000000e+00 0.000000000000000000e+00 0.000000000000000000e+00 0.000000000000000000e+00
0.000000000000000000e+00 0.000000000000000000e+00 0.000000000000000000e+00 0.000000000000000000e+00 0.000000000000000000e+00
0.000000000000000000e+00 0.000000000000000000e+00 0.000000000000000000e+00 0.000000000000000000e+00 0.000000000000000000e+00
0.000000000000000000e+00 0.000000000000000000e+00 0.000000000000000000e+00 0.000000000000000000e+00 0.000000000000000000e+00
0.000000000000000000e+00 0.000000000000000000e+00 0.000000000000000000e+00 0.000000000000000000e+00 0.000000000000000000e+00
0.000000000000000000e+00 0.000000000000000000e+00 0.000000000000000000e+00 0.000000000000000000e+00 0.000000000000000000e+00
0.000000000000000000e+00 0.000000000000000000e+00 0.000000000000000000e+00 0.000000000000000000e+00 0.000000000000000000e+00
0.000000000000000000e+00 0.000000000000000000e+00 0.000000000000000000e+00 0.000000000000000000e+00 0.000000000000000000e+00
0.000000000000000000e+00 0.000000000000000000e+00 0.000000000000000000e+00 0.000000000000000000e+00 0.000000000000000000e+00
0.000000000000000000e+00 0.000000000000000000e+00 0.000000000000000000e+00 0.000000000000000000e+00 0.000000000000000000e+00
0.000000000000000000e+00 0.000000000000000000e+00 0.000000000000000000e+00 0.000000000000000000e+00 0.000000000000000000e+00
0.000000000000000000e+00 0.000000000000000000e+00 0.000000000000000000e+00 0.000000000000000000e+00 0.000000000000000000e+00
