24.910379648208618
0.000000000000000000e+00 0.000000000000000000e+00 0.000000000000000000e+00 0.000000000000000000e+00 0.000000000000000000e+00
0.000000000000000000e+00 0.000000000000000000e+00 0.000000000000000000e+00 0.000000000000000000e+00 0.000000000000000000e+00
0.000000000000000000e+00 0.000000000000000000e+00 0.000000000000000000e+00 0.000000000000000000e+00 0.000000000000000000e+00
0.000000000000000000e+00 0.000000000000000000e+00 0.000000000000000000e+00 0.000000000000000000e+00 0.000000000000000000e+00
0.000000000000000000e+00 0.000000000000000000e+00 0.000000000000000000e+00 0.000000000000000000e+00 0.000000000000000000e+00
0.000000000000000000e+00 0.000000000000000000e+00 0.000000000000000000e+00 0.000000000000000000e+00 0.000000000000000000e+00
0.000000000000000000e+00 0.000000000000000000e+00 0.000000000000000000e+00 0.000000000000000000e+00 0.000000000000000000e+00
0.000000000000000000e+00 0.000000000000000000e+00 0.000000000000000000e+00 0.000000000000000000e+00 0.000000000000000000e+00
0.000000000000000000e+00 0.000000000000000000e+00 0.000000000000000000e+00 0.000000000000000000e+00 0.000000000000000000e+00
0.000000000000000000e+00 0.000000000000000000e+00 0.000000000000000000e+00 0.000000000000000000e+00 0.000000000000000000e+00
0.000000000000000000e+00 0.000000000000000000e+00 0.000000000000000000e+00 0.000000000000000000e+00 0.000000000000000000e+00
0.000000000000000000e+00 0.000000000000000000e+00 0.000000000000000000e+00 0.000000000000000000e+00 0.000000000000000000e+00
0.000000000000000000e+00 0.000000000000000000e+00 0.000000000000000000e+00 0.000000000000000000e+00 0.000000000000000000e+00
0.000000000000000000e+00 0.000000000000000000e+00 0.000000000000000000e+00 0.000000000000000000e+00 0.000000000000000000e+00
0.000000000000000000e+00 0.000000000000000000e+00 0.000000000000000000e+00 0.000000000000000000e+00 0.000000000000000000e+00
0.000000000000000000e+00 0.000000000000000000e+00 0.000000000000000000e+00 0.000000000000000000e+00 0.000000000000000000e+00
0.000000000000000000e+00 0.000000000000000000e+00 0.000000000000000000e+00 0.000000000000000000e+00 0.000000000000000000e+00
0.000000000000000000e+00 0.000000000000000000e+00 0.000000000000000000e+00 0.000000000000000000e+00 0.000000000000000000e+00
0.000000000000000000e+00 0.000000000000000000e+00 0.000000000000000000e+00 0.000000000000000000e+00 0.000000000000000000e+00
0.000000000000000000e+00 0.000000000000000000e+00 0.000000000000000000e+00 0.000000000000000000e+00 0.000000000000000000e+00
0.000000000000000000e+00 0.000000000000000000e+00 0.000000000000000000e+00 0.000000000000000000e+00 0.000000000000000000e+00
0.000000000000000000e+00 0.000000000000000000e+00 0.000000000000000000e+00 0.000000000000000000e+00 0.000000000000000000e+00
0.000000000000000000e+00 0.000000000000000000e+00 0.000000000000000000e+00 0.000000000000000000e+00 0.000000000000000000e+00
0.000000000000000000e+00 0.000000000000000000e+00 0.000000000000000000e+00 0.000000000000000000e+00 0.000000000000000000e+00
0.000000000000000000e+00 0.000000000000000000e+00 0.000000000000000000e+00 0.000000000000000000e+00 0.000000000000000000e+00
0.000000000000000000e+00 0.000000000000000000e+00 0.000000000000000000e+00 0.000000000000000000e+00 0.000000000000000000e+00
0.000000000000000000e+00 0.000000000000000000e+00 0.000000000000000000e+00 0.000000000000000000e+00 0.000000000000000000e+00
0.000000000000000000e+00 0.000000000000000000e+00 0.000000000000000000e+00 0.000000000000000000e+00 0.000000000000000000e+00
0.000000000000000000e+00 0.000000000000000000e+00 0.000000000000000000e+00 0.000000000000000000e+00 0.000000000000000000e+00
0.000000000000000000e+00 0.000000000000000000e+00 0.000000000000000000e+00 0.000000000000000000e+00 0.000000000000000000e+00
0.000000000000000000e+00 0.000000000000000000e+00 0.000000000000000000e+00 0.000000000000000000e+00 0.000000000000000000e+00
0.000000000000000000e+00 0.000000000000000000e+00 0.000000000000000000e+00 0.000000000000000000e+00 0.000000000000000000e+00
0.000000000000000000e+00 0.000000000000000000e+00 0.000000000000000000e+00 0.000000000000000000e+00 0.000000000000000000e+00
0.000000000000000000e+00 0.000000000000000000e+00 0.000000000000000000e+00 0.000000000000000000e+00 0.000000000000000000e+00
0.000000000000000000e+00 0.000000000000000000e+00 0.000000000000000000e+00 0.000000000000000000e+00 0.000000000000000000e+00
0.000000000000000000e+00 0.000000000000000000e+00 0.000000000000000000e+00 0.000000000000000000e+00 0.000000000000000000e+00
0.000000000000000000e+00 0.000000000000000000e+00 0.000000000000000000e+00 0.000000000000000000e+00 0.000000000000000000e+00
0.000000000000000000e+00 0.000000000000000000e+00 0.000000000000000000e+00 0.000000000000000000e+00 0.000000000000000000e+00
0.000000000000000000e+00 0.000000000000000000e+00 0.000000000000000000e+00 0.000000000000000000e+00 0.000000000000000000e+00
0.000000000000000000e+00 0.000000000000000000e+00 0.000000000000000000e+00 0.000000000000000000e+00 0.000000000000000000e+00
0.000000000000000000e+00 0.000000000000000000e+00 0.000000000000000000e+00 0.000000000000000000e+00 0.000000000000000000e+00
0.000000000000000000e+00 0.000000000000000000e+00 0.000000000000000000e+00 0.000000000000000000e+00 0.000000000000000000e+00
0.000000000000000000e+00 0.000000000000000000e+00 0.000000000000000000e+00 0.000000000000000000e+00 0.000000000000000000e+00
0.000000000000000000e+00 0.000000000000000000e+00 0.000000000000000000e+00 0.000000000000000000e+00 0.000000000000000000e+00
0.000000000000000000e+00 0.000000000000000000e+00 0.000000000000000000e+00 0.000000000000000000e+00 0.000000000000000000e+00
0.000000000000000000e+00 0.000000000000000000e+00 0.000000000000000000e+00 0.000000000000000000e+00 0.000000000000000000e+00
0.000000000000000000e+00 0.000000000000000000e+00 0.000000000000000000e+00 0.000000000000000000e+00 0.000000000000000000e+00
0.000000000000000000e+00 0.000000000000000000e+00 0.000000000000000000e+00 0.000000000000000000e+00 0.000000000000000000e+00
0.000000000000000000e+00 0.000000000000000000e+00 0.000000000000000000e+00 0.000000000000000000e+00 0.000000000000000000e+00
0.000000000000000000e+00 0.000000000000000000e+00 0.000000000000000000e+00 0.000000000000000000e+00 0.000000000000000000e+00
0.000000000000000000e+00 0.000000000000000000e+00 0.000000000000000000e+00 0.000000000000000000e+00 0.000000000000000000e+00
0.000000000000000000e+00 0.000000000000000000e+00 0.000000000000000000e+00 0.000000000000000000e+00 0.000000000000000000e+00
0.000000000000000000e+00 0.000000000000000000e+00 0.000000000000000000e+00 0.000000000000000000e+00 0.000000000000000000e+00
0.000000000000000000e+00 0.000000000000000000e+00 0.000000000000000000e+00 0.000000000000000000e+00 0.000000000000000000e+00
0.000000000000000000e+00 0.000000000000000000e+00 0.000000000000000000e+00 0.000000000000000000e+00 0.000000000000000000e+00
0.000000000000000000e+00 0.000000000000000000e+00 0.000000000000000000e+00 0.000000000000000000e+00 0.000000000000000000e+00
0.000000000000000000e+00 0.000000000000000000e+00 0.000000000000000000e+00 0.000000000000000000e+00 0.000000000000000000e+00
0.000000000000000000e+00 0.000000000000000000e+00 0.000000000000000000e+00 0.000000000000000000e+00 0.000000000000000000e+00
0.000000000000000000e+00 0.000000000000000000e+00 0.000000000000000000e+00 0.000000000000000000e+00 0.000000000000000000e+00
0.000000000000000000e+00 0.000000000000000000e+00 0.000000000000000000e+00 0.000000000000000000e+00 0.000000000000000000e+00
0.000000000000000000e+00 0.000000000000000000e+00 0.000000000000000000e+00 0.000000000000000000e+00 0.000000000000000000e+00
0.000000000000000000e+00 0.000000000000000000e+00 0.000000000000000000e+00 0.000000000000000000e+00 0.000000000000000000e+00
0.000000000000000000e+00 0.000000000000000000e+00 0.000000000000000000e+00 0.000000000000000000e+00 0.000000000000000000e+00
0.000000000000000000e+00 0.000000000000000000e+00 0.000000000000000000e+00 0.000000000000000000e+00 0.000000000000000000e+00
0.000000000000000000e+00 0.000000000000000000e+00 0.000000000000000000e+00 0.000000000000000000e+00 0.000000000000000000e+00
0.000000000000000000e+00 0.000000000000000000e+00 0.000000000000000000e+00 0.000000000000000000e+00 0.000000000000000000e+00
0.000000000000000000e+00 0.000000000000000000e+00 0.000000000000000000e+00 0.000000000000000000e+00 0.000000000000000000e+00
0.000000000000000000e+00 0.000000000000000000e+00 0.000000000000000000e+00 0.000000000000000000e+00 0.000000000000000000e+00
0.000000000000000000e+00 0.000000000000000000e+00 0.000000000000000000e+00 0.000000000000000000e+00 0.000000000000000000e+00
0.000000000000000000e+00 0.000000000000000000e+00 0.000000000000000000e+00 0.000000000000000000e+00 0.000000000000000000e+00
0.000000000000000000e+00 0.000000000000000000e+00 0.000000000000000000e+00 0.000000000000000000e+00 0.000000000000000000e+00
0.000000000000000000e+00 0.000000000000000000e+00 0.000000000000000000e+00 0.000000000000000000e+00 0.000000000000000000e+00
0.000000000000000000e+00 0.000000000000000000e+00 0.000000000000000000e+00 0.000000000000000000e+00 0.000000000000000000e+00
0.000000000000000000e+00 0.000000000000000000e+00 0.000000000000000000e+00 0.000000000000000000e+00 0.000000000000000000e+00
0.000000000000000000e+00 0.000000000000000000e+00 0.000000000000000000e+00 0.000000000000000000e+00 0.000000000000000000e+00
0.000000000000000000e+00 0.000000000000000000e+00 0.000000000000000000e+00 0.000000000000000000e+00 0.000000000000000000e+00
0.000000000000000000e+00 0.000000000000000000e+00 0.000000000000000000e+00 0.000000000000000000e+00 0.000000000000000000e+00
0.000000000000000000e+00 0.000000000000000000e+00 0.000000000000000000e+00 0.000000000000000000e+00 0.000000000000000000e+00
0.000000000000000000e+00 0.000000000000000000e+00 0.000000000000000000e+00 0.000000000000000000e+00 0.000000000000000000e+00
0.000000000000000000e+00 0.000000000000000000e+00 0.000000000000000000e+00 0.000000000000000000e+00 0.000000000000000000e+00
0.000000000000000000e+00 0.000000000000000000e+00 0.000000000000000000e+00 0.000000000000000000e+00 0.000000000000000000e+00
0.000000000000000000e+00 0.000000000000000000e+00 0.000000000000000000e+00 0.000000000000000000e+00 0.000000000000000000e+00
0.000000000000000000e+00 0.000000000000000000e+00 0.000000000000000000e+00 0.000000000000000000e+00 0.000000000000000000e+00
0.000000000000000000e+00 0.000000000000000000e+00 0.000000000000000000e+00 0.000000000000000000e+00 0.000000000000000000e+00
0.000000000000000000e+00 0.000000000000000000e+00 0.000000000000000000e+00 0.000000000000000000e+00 0.000000000000000000e+00
0.000000000000000000e+00 0.000000000000000000e+00 0.000000000000000000e+00 0.000000000000000000e+00 0.000000000000000000e+00
0.000000000000000000e+00 0.000000000000000000e+00 0.000000000000000000e+00 0.000000000000000000e+00 0.000000000000000000e+00
0.000000000000000000e+00 0.000000000000000000e+00 0.000000000000000000e+00 0.000000000000000000e+00 0.000000000000000000e+00
0.000000000000000000e+00 0.000000000000000000e+00 0.000000000000000000e+00 0.000000000000000000e+00 0.000000000000000000e+00
0.000000000000000000e+00 0.000000000000000000e+00 0.000000000000000000e+00 0.000000000000000000e+00 0.000000000000000000e+00
0.000000000000000000e+00 0.000000000000000000e+00 0.000000000000000000e+00 0.000000000000000000e+00 0.000000000000000000e+00
1.102652535445629105e-04 0.000000000000000000e+00 0.000000000000000000e+00 0.000000000000000000e+00 0.000000000000000000e+00
2.866896592158634915e-03 0.000000000000000000e+00 0.000000000000000000e+00 0.000000000000000000e+00 0.000000000000000000e+00
6.312685765426228647e-03 0.000000000000000000e+00 0.000000000000000000e+00 0.000000000000000000e+00 0.000000000000000000e+00
6.974277286693604701e-03 0.000000000000000000e+00 0.000000000000000000e+00 0.000000000000000000e+00 0.000000000000000000e+00
7.029409913465884015e-03 0.000000000000000000e+00 0.000000000000000000e+00 0.000000000000000000e+00 0.000000000000000000e+00
6.974277286693604701e-03 0.000000000000000000e+00 0.000000000000000000e+00 0.000000000000000000e+00 0.000000000000000000e+00
5.954323691406396626e-03 0.000000000000000000e+00 0.000000000000000000e+00 0.000000000000000000e+00 0.000000000000000000e+00
2.177738757505115735e-03 0.000000000000000000e+00 0.000000000000000000e+00 0.000000000000000000e+00 0.000000000000000000e+00
1.461511603416127531e-04 2.131308226964857659e-04 6.823525584920336548e-04 0.000000000000000000e+00 8.446560068671968324e-05
7.161406856739038155e-04 1.044341031212781988e-03 3.343527536610963781e-03 0.000000000000000000e+00 4.138814433649262107e-04
1.052288354459611800e-03 1.534541923414698165e-03 4.912938421142644570e-03 0.000000000000000000e+00 6.081523249443816651e-04
9.719052162717268855e-04 1.417319970931631319e-03 4.537644513972021593e-03 0.000000000000000000e+00 5.616962445666853548e-04
1.191131956784146056e-03 1.737016204976360619e-03 5.561173351710071641e-03 0.000000000000000000e+00 6.883946455967646831e-04
1.593047647723583532e-03 2.323125967391696800e-03 7.437642887563163108e-03 0.000000000000000000e+00 9.206750474852437409e-04
5.626819673152094747e-04 8.205536673814706325e-04 2.627057350194328747e-03 0.000000000000000000e+00 3.251925626438706483e-04
0.000000000000000000e+00 0.000000000000000000e+00 0.000000000000000000e+00 0.000000000000000000e+00 0.000000000000000000e+00
0.000000000000000000e+00 0.000000000000000000e+00 0.000000000000000000e+00 0.000000000000000000e+00 0.000000000000000000e+00
0.000000000000000000e+00 0.000000000000000000e+00 0.000000000000000000e+00 0.000000000000000000e+00 0.000000000000000000e+00
0.000000000000000000e+00 0.000000000000000000e+00 0.000000000000000000e+00 0.000000000000000000e+00 0.000000000000000000e+00
0.000000000000000000e+00 0.000000000000000000e+00 0.000000000000000000e+00 0.000000000000000000e+00 0.000000000000000000e+00
0.000000000000000000e+00 0.000000000000000000e+00 0.000000000000000000e+00 0.000000000000000000e+00 0.000000000000000000e+00
0.000000000000000000e+00 0.000000000000000000e+00 0.000000000000000000e+00 0.000000000000000000e+00 0.000000000000000000e+00
0.000000000000000000e+00 0.000000000000000000e+00 0.000000000000000000e+00 0.000000000000000000e+00 0.000000000000000000e+00
0.000000000000000000e+00 0.000000000000000000e+00 0.000000000000000000e+00 0.000000000000000000e+00 0.000000000000000000e+00
0.000000000000000000e+00 0.000000000000000000e+00 0.000000000000000000e+00 0.000000000000000000e+00 0.000000000000000000e+00
0.000000000000000000e+00 0.000000000000000000e+00 0.000000000000000000e+00 0.000000000000000000e+00 0.000000000000000000e+00
4.342368544075686835e-04 0.000000000000000000e+00 5.803439312446115718e-04 0.000000000000000000e+00 0.000000000000000000e+00
1.054575217846951719e-03 0.000000000000000000e+00 1.409406690165484208e-03 0.000000000000000000e+00 0.000000000000000000e+00
5.430859094640122682e-03 0.000000000000000000e+00 1.660438376701385338e-03 0.000000000000000000e+00 0.000000000000000000e+00
1.027891661667605303e-02 0.000000000000000000e+00 1.634054131468422755e-03 0.000000000000000000e+00 0.000000000000000000e+00
1.815567904614411032e-02 0.000000000000000000e+00 0.000000000000000000e+00 0.000000000000000000e+00 0.000000000000000000e+00
3.635629609000975981e-02 0.000000000000000000e+00 2.711454730587544207e-04 0.000000000000000000e+00 5.462907150048412416e-03
5.350546503554313993e-02 0.000000000000000000e+00 0.000000000000000000e+00 0.000000000000000000e+00 7.921384959606193182e-03
7.844876525071223239e-02 0.000000000000000000e+00 0.000000000000000000e+00 0.000000000000000000e+00 9.338869399096498547e-03
7.731661794674078714e-02 0.000000000000000000e+00 0.000000000000000000e+00 0.000000000000000000e+00 2.511753288610250184e-02
7.137680690275631512e-02 0.000000000000000000e+00 0.000000000000000000e+00 0.000000000000000000e+00 4.591757116063323318e-02
6.632219892545354600e-02 2.142920411419045081e-03 0.000000000000000000e+00 0.000000000000000000e+00 6.829934998328206219e-02
3.878199057687212875e-02 0.000000000000000000e+00 0.000000000000000000e+00 0.000000000000000000e+00 9.289897130901612898e-02
1.530863476343143070e-02 0.000000000000000000e+00 0.000000000000000000e+00 0.000000000000000000e+00 1.074059352227976216e-01
0.000000000000000000e+00 0.000000000000000000e+00 0.000000000000000000e+00 0.000000000000000000e+00 1.048156571934721198e-01
0.000000000000000000e+00 1.858345310837526037e-03 1.953376284136237699e-03 0.000000000000000000e+00 8.030097396232584173e-02
0.000000000000000000e+00 8.458988946352349533e-03 7.981835064291977616e-03 0.000000000000000000e+00 4.552301255527996943e-02
0.000000000000000000e+00 2.139469630868980066e-03 7.983654753637841120e-03 0.000000000000000000e+00 1.554511728642958904e-02
0.000000000000000000e+00 1.472982164144855599e-04 8.924813624019058839e-04 0.000000000000000000e+00 7.157723689695110218e-04
0.000000000000000000e+00 0.000000000000000000e+00 0.000000000000000000e+00 0.000000000000000000e+00 0.000000000000000000e+00
0.000000000000000000e+00 0.000000000000000000e+00 0.000000000000000000e+00 0.000000000000000000e+00 0.000000000000000000e+00
0.000000000000000000e+00 0.000000000000000000e+00 0.000000000000000000e+00 0.000000000000000000e+00 0.000000000000000000e+00
0.000000000000000000e+00 0.000000000000000000e+00 0.000000000000000000e+00 0.000000000000000000e+00 0.000000000000000000e+00
0.000000000000000000e+00 0.000000000000000000e+00 0.000000000000000000e+00 0.000000000000000000e+00 0.000000000000000000e+00
0.000000000000000000e+00 0.000000000000000000e+00 0.000000000000000000e+00 0.000000000000000000e+00 0.000000000000000000e+00
0.000000000000000000e+00 0.000000000000000000e+00 0.000000000000000000e+00 0.000000000000000000e+00 0.000000000000000000e+00
0.000000000000000000e+00 0.000000000000000000e+00 0.000000000000000000e+00 0.000000000000000000e+00 0.000000000000000000e+00
1.864357139467420982e-04 0.000000000000000000e+00 5.064775772648295480e-04 1.578951244717188937e-05 0.000000000000000000e+00
1.468524976726038721e-03 0.000000000000000000e+00 4.534624577581494904e-03 6.987484401502712774e-05 0.000000000000000000e+00
3.002637332377020279e-03 0.000000000000000000e+00 6.588815667323029771e-03 0.000000000000000000e+00 0.000000000000000000e+00
1.270090315389335416e-02 0.000000000000000000e+00 1.728173300073622756e-02 0.000000000000000000e+00 0.000000000000000000e+00
3.205651254231404318e-02 0.000000000000000000e+00 1.678946878303733820e-02 0.000000000000000000e+00 0.000000000000000000e+00
4.858535741262148822e-02 0.000000000000000000e+00 2.033517543176809050e-02 0.000000000000000000e+00 0.000000000000000000e+00
8.831419910153177899e-02 0.000000000000000000e+00 1.426663965705081763e-02 0.000000000000000000e+00 0.000000000000000000e+00
1.188258563024356396e-01 0.000000000000000000e+00 1.783541902226694342e-02 0.000000000000000000e+00 5.499967847489316275e-03
1.390056781249019713e-01 0.000000000000000000e+00 1.540100211613155447e-02 0.000000000000000000e+00 1.536824623597465335e-02
1.439261910465007566e-01 0.000000000000000000e+00 1.718711977560702375e-02 8.282636093871574698e-04 3.680551517691815766e-02
1.449720876361517974e-01 0.000000000000000000e+00 2.023701376259893353e-02 3.678363206352704487e-03 6.517522413190308950e-02
1.333924915510452669e-01 0.000000000000000000e+00 1.090788678070206928e-02 1.104999807935383438e-02 8.449074085402723255e-02
1.062517513020466570e-01 1.400799292896125377e-02 3.048447003575264461e-04 3.826423320403483062e-03 9.979627048770020603e-02
6.874042585993882237e-02 3.590461093290506223e-02 0.000000000000000000e+00 7.092824715430996957e-04 1.143633631625853159e-01
4.065405374535009664e-02 3.425081239392061688e-02 4.727518095822701334e-03 0.000000000000000000e+00 1.188186985795667283e-01
1.765661261135606855e-02 4.595019638515308175e-02 0.000000000000000000e+00 0.000000000000000000e+00 1.201210454243099440e-01
0.000000000000000000e+00 4.577060009469403890e-02 4.010648150630837135e-03 0.000000000000000000e+00 1.148251429096706078e-01
0.000000000000000000e+00 4.760199743422474650e-02 1.059560605830690144e-02 0.000000000000000000e+00 9.389012061850172952e-02
0.000000000000000000e+00 3.438375599199128274e-02 2.191505624173148772e-02 0.000000000000000000e+00 5.121369967858176164e-02
0.000000000000000000e+00 8.767833706481490547e-03 6.275244954786580662e-03 0.000000000000000000e+00 9.911648280125527274e-03
1.258675490875121048e-03 7.554020736612311777e-03 0.000000000000000000e+00 0.000000000000000000e+00 0.000000000000000000e+00
0.000000000000000000e+00 0.000000000000000000e+00 0.000000000000000000e+00 0.000000000000000000e+00 0.000000000000000000e+00
0.000000000000000000e+00 0.000000000000000000e+00 0.000000000000000000e+00 0.000000000000000000e+00 0.000000000000000000e+00
0.000000000000000000e+00 0.000000000000000000e+00 0.000000000000000000e+00 0.000000000000000000e+00 0.000000000000000000e+00
0.000000000000000000e+00 0.000000000000000000e+00 0.000000000000000000e+00 0.000000000000000000e+00 0.000000000000000000e+00
0.000000000000000000e+00 0.000000000000000000e+00 0.000000000000000000e+00 0.000000000000000000e+00 0.000000000000000000e+00
0.000000000000000000e+00 0.000000000000000000e+00 0.000000000000000000e+00 0.000000000000000000e+00 0.000000000000000000e+00
0.000000000000000000e+00 0.000000000000000000e+00 0.000000000000000000e+00 0.000000000000000000e+00 0.000000000000000000e+00
1.494494460784461659e-03 0.000000000000000000e+00 9.175403193403581723e-03 0.000000000000000000e+00 0.000000000000000000e+00
1.265272192899816574e-03 0.000000000000000000e+00 2.447194240924584208e-02 0.000000000000000000e+00 0.000000000000000000e+00
7.744781492949987314e-03 0.000000000000000000e+00 3.870693710209476696e-02 0.000000000000000000e+00 0.000000000000000000e+00
1.711404546071012764e-02 0.000000000000000000e+00 5.924727352069343589e-02 4.786596510183165412e-03 0.000000000000000000e+00
3.498240440137226348e-02 0.000000000000000000e+00 8.031547314637528523e-02 7.127323514492079660e-03 0.000000000000000000e+00
7.455502126432241028e-02 0.000000000000000000e+00 8.726146552194974371e-02 6.722476085799886959e-03 0.000000000000000000e+00
1.042105455675338549e-01 0.000000000000000000e+00 7.878884620172847686e-02 1.036581132414435627e-02 0.000000000000000000e+00
1.243714993781356859e-01 0.000000000000000000e+00 6.440537245133391708e-02 2.665176955173978804e-02 5.098449994496928074e-03
1.201731107432213314e-01 1.128187936580364592e-02 5.577420184973593681e-02 4.964108707646244789e-02 2.831704109837445207e-02
1.083985900204006841e-01 1.796965833608437854e-02 4.771547717706615954e-02 6.333780369729846704e-02 5.367474473591220263e-02
8.908402222230069056e-02 3.853819184416469590e-02 4.338870094633635183e-02 7.265926881620131395e-02 6.913372967901573740e-02
8.803049275194768652e-02 4.975439707542515105e-02 3.829241523093698113e-02 7.816307487553390831e-02 7.099099399191263760e-02
7.892384921333693570e-02 5.524887208705223790e-02 4.425122971949270456e-02 8.971007011295854816e-02 6.560880450040683376e-02
8.117606014256791014e-02 7.105390085079299478e-02 2.757310537920599353e-02 8.281889843624197500e-02 5.298750193929807617e-02
4.605924158459641371e-02 1.023826945397016269e-01 6.745933434997826786e-03 5.576799419036779226e-02 6.708303070331710083e-02
1.779650218401643627e-02 1.018407163306135205e-01 3.703185968571533204e-03 4.308083646609481981e-02 9.075334280517238783e-02
0.000000000000000000e+00 9.662567788274981084e-02 0.000000000000000000e+00 2.892301977389278786e-02 1.098636423008060858e-01
0.000000000000000000e+00 1.106255968836131476e-01 0.000000000000000000e+00 8.221557602843508616e-03 9.748090360784801567e-02
0.000000000000000000e+00 1.069654695914732112e-01 1.437918143948468215e-03 0.000000000000000000e+00 5.509153263926237082e-02
0.000000000000000000e+00 6.079400613628269806e-02 6.690967981802557578e-03 0.000000000000000000e+00 1.470947889555320603e-02
0.000000000000000000e+00 1.831134706561962644e-02 3.495638741918217964e-03 0.000000000000000000e+00 0.000000000000000000e+00
0.000000000000000000e+00 0.000000000000000000e+00 0.000000000000000000e+00 0.000000000000000000e+00 0.000000000000000000e+00
0.000000000000000000e+00 0.000000000000000000e+00 0.000000000000000000e+00 0.000000000000000000e+00 0.000000000000000000e+00
0.000000000000000000e+00 0.000000000000000000e+00 0.000000000000000000e+00 0.000000000000000000e+00 0.000000000000000000e+00
0.000000000000000000e+00 0.000000000000000000e+00 0.000000000000000000e+00 0.000000000000000000e+00 0.000000000000000000e+00
0.000000000000000000e+00 0.000000000000000000e+00 0.000000000000000000e+00 0.000000000000000000e+00 0.000000000000000000e+00
0.000000000000000000e+00 0.000000000000000000e+00 0.000000000000000000e+00 0.000000000000000000e+00 0.000000000000000000e+00
0.000000000000000000e+00 0.000000000000000000e+00 0.000000000000000000e+00 0.000000000000000000e+00 0.000000000000000000e+00
0.000000000000000000e+00 0.000000000000000000e+00 4.681788825403795234e-02 0.000000000000000000e+00 0.000000000000000000e+00
0.000000000000000000e+00 0.000000000000000000e+00 6.308541678078294357e-02 1.518310138329389755e-03 0.000000000000000000e+00
1.396272047006635614e-03 0.000000000000000000e+00 7.650118459841417917e-02 1.069080774472905629e-02 0.000000000000000000e+00
1.016209572791634298e-02 0.000000000000000000e+00 9.337627813268697952e-02 1.848743680043025972e-02 0.000000000000000000e+00
1.842837424948414946e-02 0.000000000000000000e+00 1.151665829160104099e-01 1.801860380388395702e-02 0.000000000000000000e+00
4.749120304644181834e-02 0.000000000000000000e+00 1.138715676589912434e-01 2.982259773524793475e-02 0.000000000000000000e+00
6.179564413664419970e-02 1.395809734708194742e-02 1.014387048853094692e-01 5.103627623658243267e-02 0.000000000000000000e+00
6.290564575602307362e-02 2.665589709490227832e-02 7.794520945061271522e-02 8.373309785927053606e-02 4.937772187443387195e-03
3.271299058952541888e-02 5.224186097521811567e-02 7.121520335884080899e-02 9.897729673577022880e-02 1.897480687195512994e-02
1.118470985343464168e-02 6.725609110336890073e-02 6.124178706967921965e-02 1.095741594400293784e-01 3.669546183213789892e-02
6.411918425558313372e-03 7.678891740605547911e-02 5.592627271809724743e-02 1.116482599046097063e-01 3.548598793341850577e-02
2.961416204636100127e-02 8.436613354743395521e-02 5.728438564953819423e-02 1.123653166907737089e-01 1.789592918429978863e-02
6.113704013875131266e-02 7.809064808313941064e-02 3.839121336025132919e-02 1.191940050725351086e-01 0.000000000000000000e+00
9.682979999175315988e-02 7.929921175073753603e-02 2.234350472255021078e-02 1.044307971845476884e-01 0.000000000000000000e+00
8.601257869311278170e-02 8.184510120831958724e-02 1.582638281915071943e-02 8.486177124477185807e-02 1.314173215440386094e-02
2.958339238518473829e-02 8.409982395379540787e-02 1.258174192476983581e-02 6.894876855917698999e-02 6.462211755522835610e-02
0.000000000000000000e+00 8.897098623014308705e-02 1.788118254933652096e-03 5.460467297066719239e-02 1.012644375597536450e-01
0.000000000000000000e+00 1.243510689142890702e-01 0.000000000000000000e+00 3.380397214601073286e-02 9.330955660173327615e-02
0.000000000000000000e+00 1.422854063107695521e-01 0.000000000000000000e+00 0.000000000000000000e+00 4.823064980806075763e-02
0.000000000000000000e+00 1.113596983527866818e-01 0.000000000000000000e+00 0.000000000000000000e+00 3.684118502231714231e-03
0.000000000000000000e+00 3.439687037308290091e-02 0.000000000000000000e+00 0.000000000000000000e+00 0.000000000000000000e+00
0.000000000000000000e+00 0.000000000000000000e+00 0.000000000000000000e+00 0.000000000000000000e+00 0.000000000000000000e+00
0.000000000000000000e+00 0.000000000000000000e+00 0.000000000000000000e+00 0.000000000000000000e+00 0.000000000000000000e+00
0.000000000000000000e+00 0.000000000000000000e+00 0.000000000000000000e+00 0.000000000000000000e+00 0.000000000000000000e+00
0.000000000000000000e+00 0.000000000000000000e+00 0.000000000000000000e+00 0.000000000000000000e+00 0.000000000000000000e+00
0.000000000000000000e+00 0.000000000000000000e+00 0.000000000000000000e+00 0.000000000000000000e+00 0.000000000000000000e+00
0.000000000000000000e+00 0.000000000000000000e+00 0.000000000000000000e+00 0.000000000000000000e+00 0.000000000000000000e+00
0.000000000000000000e+00 0.000000000000000000e+00 0.000000000000000000e+00 0.000000000000000000e+00 0.000000000000000000e+00
0.000000000000000000e+00 0.000000000000000000e+00 4.098447901270153848e-02 3.240720930368183855e-03 0.000000000000000000e+00
0.000000000000000000e+00 0.000000000000000000e+00 6.776716000778097715e-02 1.052757095345831576e-02 0.000000000000000000e+00
0.000000000000000000e+00 0.000000000000000000e+00 6.724810097999232850e-02 1.972355932541726073e-02 0.000000000000000000e+00
0.000000000000000000e+00 0.000000000000000000e+00 7.942834395633530109e-02 1.935594245731723714e-02 0.000000000000000000e+00
4.493676158328525037e-03 9.013374325664109607e-03 7.369072599936284107e-02 3.383555424861534044e-02 0.000000000000000000e+00
0.000000000000000000e+00 2.641202548269027534e-02 7.507621310487994082e-02 5.450148115155054734e-02 0.000000000000000000e+00
6.711005582008284370e-03 4.352752347975562264e-02 5.809034153166337672e-02 7.691639146348505651e-02 0.000000000000000000e+00
4.160275742183622456e-03 6.470617931092144393e-02 4.752635516158089379e-02 9.667037223985674999e-02 0.000000000000000000e+00
0.000000000000000000e+00 8.782878490494644419e-02 3.337260408016796964e-02 9.692103975254166837e-02 2.577722134041632350e-04
0.000000000000000000e+00 9.052565688524243093e-02 1.971877990393815228e-02 9.671456027028219049e-02 2.161583068642142279e-04
0.000000000000000000e+00 9.198650277039648049e-02 2.718457351317504420e-02 7.993087538451636165e-02 0.000000000000000000e+00
2.290075712982609854e-02 8.043692822324527425e-02 3.704063373059151426e-02 6.839999686613874863e-02 0.000000000000000000e+00
7.405927250005869822e-02 4.945021850813716841e-02 4.068749902706108451e-02 7.479119082672519569e-02 0.000000000000000000e+00
1.157631290118383977e-01 2.148111111773213719e-02 3.590943704915183082e-02 8.480387818318541049e-02 0.000000000000000000e+00
9.574435850441952167e-02 1.306562077908579068e-02 7.487795018457247230e-03 9.500140228674565368e-02 2.982479459933269281e-02
2.350455340272117333e-02 2.658673974796979533e-02 1.442135617029217422e-02 8.476791176217267354e-02 8.593619199083596394e-02
0.000000000000000000e+00 6.326654564213525511e-02 6.620451138575218428e-03 6.251738972834727792e-02 1.013358777677757921e-01
0.000000000000000000e+00 1.231687549025322348e-01 0.000000000000000000e+00 3.073541629296656919e-02 8.271941811444200043e-02
0.000000000000000000e+00 1.514141173773236315e-01 0.000000000000000000e+00 0.000000000000000000e+00 2.953804508485399077e-02
0.000000000000000000e+00 1.118319090464056920e-01 0.000000000000000000e+00 0.000000000000000000e+00 0.000000000000000000e+00
0.000000000000000000e+00 4.194992133421359543e-02 0.000000000000000000e+00 1.475018560264191409e-03 0.000000000000000000e+00
0.000000000000000000e+00 0.000000000000000000e+00 0.000000000000000000e+00 0.000000000000000000e+00 0.000000000000000000e+00
0.000000000000000000e+00 0.000000000000000000e+00 0.000000000000000000e+00 0.000000000000000000e+00 0.000000000000000000e+00
0.000000000000000000e+00 0.000000000000000000e+00 0.000000000000000000e+00 0.000000000000000000e+00 0.000000000000000000e+00
0.000000000000000000e+00 0.000000000000000000e+00 0.000000000000000000e+00 0.000000000000000000e+00 0.000000000000000000e+00
0.000000000000000000e+00 0.000000000000000000e+00 0.000000000000000000e+00 0.000000000000000000e+00 0.000000000000000000e+00
0.000000000000000000e+00 0.000000000000000000e+00 0.000000000000000000e+00 0.000000000000000000e+00 0.000000000000000000e+00
0.000000000000000000e+00 0.000000000000000000e+00 0.000000000000000000e+00 0.000000000000000000e+00 0.000000000000000000e+00
0.000000000000000000e+00 0.000000000000000000e+00 2.973466587379621634e-02 2.840154071966269431e-03 0.000000000000000000e+00
0.000000000000000000e+00 0.000000000000000000e+00 4.879279703996301093e-02 7.444713349305482480e-03 0.000000000000000000e+00
0.000000000000000000e+00 0.000000000000000000e+00 5.862479361863106447e-02 1.312648034455495168e-02 0.000000000000000000e+00
0.000000000000000000e+00 4.281215887549661044e-03 4.756867776816955939e-02 2.020770892072632288e-02 0.000000000000000000e+00
0.000000000000000000e+00 1.630081794769713127e-02 4.665116621136722319e-02 3.507870158211623401e-02 0.000000000000000000e+00
0.000000000000000000e+00 3.159831547568577731e-02 4.578405171072391644e-02 4.674302602576620169e-02 0.000000000000000000e+00
0.000000000000000000e+00 5.016994575544641427e-02 4.111015265445706890e-02 6.938462988364618722e-02 0.000000000000000000e+00
0.000000000000000000e+00 6.974753830373520147e-02 2.054385328238196237e-02 6.634500195555706470e-02 0.000000000000000000e+00
0.000000000000000000e+00 7.374818009411313047e-02 6.968008127200725141e-03 4.552467311614428330e-02 0.000000000000000000e+00
0.000000000000000000e+00 7.049332440130623434e-02 1.372436478545897018e-03 2.937457748521667134e-02 0.000000000000000000e+00
1.356087491550189532e-02 5.409803101469003866e-02 2.522226596579029215e-02 2.529386052479581579e-02 0.000000000000000000e+00
4.769490526712730216e-02 1.695765690528687128e-02 6.106367545942596037e-02 2.321133745889482347e-02 0.000000000000000000e+00
1.034934752662969859e-01 0.000000000000000000e+00 6.700019993988505507e-02 3.606863325303836382e-02 3.663877564262510694e-03
1.135365838985378795e-01 0.000000000000000000e+00 5.541742187218173105e-02 7.421069180433441381e-02 4.239200636672819239e-02
6.102698094123787387e-02 0.000000000000000000e+00 2.734875141965512416e-02 9.436533698683133298e-02 9.288458339278310438e-02
8.220968261450011319e-03 1.436000973671999921e-02 2.140519681139357172e-02 7.146170501664693420e-02 1.091735254441658504e-01
0.000000000000000000e+00 9.475725140803345492e-02 1.196031958422577764e-02 3.872349702749977585e-02 9.369461644190754668e-02
0.000000000000000000e+00 1.436497344837713297e-01 8.494901323248496561e-03 3.088929708471562906e-03 5.257259413552117788e-02
0.000000000000000000e+00 1.440820990335202056e-01 0.000000000000000000e+00 0.000000000000000000e+00 6.293762357515256603e-03
0.000000000000000000e+00 9.282717039858263963e-02 0.000000000000000000e+00 1.129175618990830871e-03 0.000000000000000000e+00
0.000000000000000000e+00 3.188061675458183503e-02 0.000000000000000000e+00 4.254165651170525343e-03 0.000000000000000000e+00
0.000000000000000000e+00 0.000000000000000000e+00 0.000000000000000000e+00 0.000000000000000000e+00 0.000000000000000000e+00
0.000000000000000000e+00 0.000000000000000000e+00 0.000000000000000000e+00 0.000000000000000000e+00 0.000000000000000000e+00
0.000000000000000000e+00 0.000000000000000000e+00 0.000000000000000000e+00 0.000000000000000000e+00 0.000000000000000000e+00
0.000000000000000000e+00 0.000000000000000000e+00 0.000000000000000000e+00 0.000000000000000000e+00 0.000000000000000000e+00
0.000000000000000000e+00 0.000000000000000000e+00 0.000000000000000000e+00 0.000000000000000000e+00 0.000000000000000000e+00
0.000000000000000000e+00 0.000000000000000000e+00 0.000000000000000000e+00 0.000000000000000000e+00 0.000000000000000000e+00
0.000000000000000000e+00 0.000000000000000000e+00 0.000000000000000000e+00 0.000000000000000000e+00 0.000000000000000000e+00
0.000000000000000000e+00 0.000000000000000000e+00 2.692667957293328959e-02 8.387905308705296756e-04 0.000000000000000000e+00
0.000000000000000000e+00 0.000000000000000000e+00 2.730619781941237903e-02 1.817230121124880932e-03 0.000000000000000000e+00
0.000000000000000000e+00 0.000000000000000000e+00 1.920434432497467384e-02 4.413802293425726081e-03 0.000000000000000000e+00
0.000000000000000000e+00 0.000000000000000000e+00 1.482671380523597864e-02 1.393917371554351248e-02 0.000000000000000000e+00
0.000000000000000000e+00 5.887439648257728267e-03 7.204754989406822810e-03 2.217245244508191104e-02 0.000000000000000000e+00
0.000000000000000000e+00 1.239621480919574428e-02 1.053821055020229616e-02 2.283174965149796509e-02 0.000000000000000000e+00
0.000000000000000000e+00 1.477690840887320965e-02 2.260287588135689169e-02 2.697296111767009605e-02 0.000000000000000000e+00
0.000000000000000000e+00 3.704958508109943566e-02 1.451893628454231297e-02 2.192706191489878290e-02 0.000000000000000000e+00
2.398364243141352155e-03 3.378155153511248204e-02 1.704955307458583258e-02 8.137946248966129031e-03 0.000000000000000000e+00
2.318892091184978493e-02 1.909510680357210527e-02 4.363754941586148878e-02 0.000000000000000000e+00 0.000000000000000000e+00
5.386159166309698043e-02 0.000000000000000000e+00 8.373254139550549702e-02 0.000000000000000000e+00 6.670722712774992263e-03
8.338520378766779706e-02 0.000000000000000000e+00 9.905717703692452913e-02 1.458049357913550337e-02 2.171395151984773994e-02
1.037112230839897647e-01 0.000000000000000000e+00 7.859258754084211263e-02 6.129041632362779851e-02 6.287846290939751170e-02
8.982008696799545500e-02 0.000000000000000000e+00 5.637796425417376800e-02 8.946269466154314898e-02 9.544635000298587468e-02
4.269888336296771142e-02 0.000000000000000000e+00 2.622879886109511643e-02 7.279214197958339128e-02 1.104821932810862439e-01
0.000000000000000000e+00 7.031690363819742551e-02 2.271313155601545342e-02 4.276768767306944607e-02 9.758917420441277912e-02
0.000000000000000000e+00 1.313042872866540256e-01 6.832563979141634790e-03 3.804658965003759451e-03 5.837754009494999091e-02
0.000000000000000000e+00 1.383636349743002925e-01 2.893618286859689359e-03 0.000000000000000000e+00 1.294791933970869217e-02
0.000000000000000000e+00 1.055150316943154754e-01 0.000000000000000000e+00 8.946294618492036050e-04 0.000000000000000000e+00
0.000000000000000000e+00 5.650729423931809270e-02 0.000000000000000000e+00 8.188161576752013560e-03 0.000000000000000000e+00
0.000000000000000000e+00 2.180429649184915594e-02 0.000000000000000000e+00 4.207050184509484453e-03 0.000000000000000000e+00
0.000000000000000000e+00 0.000000000000000000e+00 0.000000000000000000e+00 0.000000000000000000e+00 0.000000000000000000e+00
0.000000000000000000e+00 0.000000000000000000e+00 0.000000000000000000e+00 0.000000000000000000e+00 0.000000000000000000e+00
0.000000000000000000e+00 0.000000000000000000e+00 0.000000000000000000e+00 0.000000000000000000e+00 0.000000000000000000e+00
0.000000000000000000e+00 0.000000000000000000e+00 0.000000000000000000e+00 0.000000000000000000e+00 0.000000000000000000e+00
0.000000000000000000e+00 0.000000000000000000e+00 0.000000000000000000e+00 0.000000000000000000e+00 0.000000000000000000e+00
0.000000000000000000e+00 0.000000000000000000e+00 0.000000000000000000e+00 0.000000000000000000e+00 0.000000000000000000e+00
0.000000000000000000e+00 0.000000000000000000e+00 0.000000000000000000e+00 0.000000000000000000e+00 0.000000000000000000e+00
0.000000000000000000e+00 8.169552922064689422e-04 5.004400394980036519e-03 0.000000000000000000e+00 0.000000000000000000e+00
0.000000000000000000e+00 7.619679167694949585e-04 4.667565753010227345e-03 0.000000000000000000e+00 0.000000000000000000e+00
0.000000000000000000e+00 0.000000000000000000e+00 0.000000000000000000e+00 8.733583956282880739e-05 0.000000000000000000e+00
0.000000000000000000e+00 0.000000000000000000e+00 0.000000000000000000e+00 3.275093983606082188e-03 0.000000000000000000e+00
0.000000000000000000e+00 1.951245309200643114e-04 0.000000000000000000e+00 3.400174332615545515e-03 0.000000000000000000e+00
4.032680281975007872e-03 3.941621139404082215e-03 8.734794222793790947e-03 0.000000000000000000e+00 0.000000000000000000e+00
1.312771441573051031e-03 5.074267747892878197e-03 3.431115707143165411e-02 0.000000000000000000e+00 0.000000000000000000e+00
5.894836856249379212e-03 9.608452514237364461e-03 5.346602740201118753e-02 0.000000000000000000e+00 4.816958681900937282e-03
2.280685698287764768e-02 1.545345029668046500e-03 7.984090661994852622e-02 0.000000000000000000e+00 1.900514366258716434e-02
4.583307473536898935e-02 0.000000000000000000e+00 1.125983918123566185e-01 1.039655150306549331e-03 3.718323730555758017e-02
7.313853231834133162e-02 0.000000000000000000e+00 1.263204777632949694e-01 2.044402242731022459e-02 5.701687304594391104e-02
9.114823591004081460e-02 0.000000000000000000e+00 1.036008859034152907e-01 6.739862195626837582e-02 8.540714825973065583e-02
9.662520553521469768e-02 0.000000000000000000e+00 6.581342626709833776e-02 8.321474328602103399e-02 1.030089271122428263e-01
7.269161190343907675e-02 1.775575241166451462e-02 2.384268391265512155e-02 6.823455340682636761e-02 1.034790461463254013e-01
3.734894569004942183e-02 8.715480033711850427e-02 0.000000000000000000e+00 4.101738094429133175e-02 8.680933339447230446e-02
2.297713161323322942e-02 1.487166731702635747e-01 2.410196796244244884e-03 4.230830890325703447e-03 3.894429452660552043e-02
1.090621663989721664e-02 1.535214177289491999e-01 4.658030765717772678e-03 0.000000000000000000e+00 6.897564547922833099e-03
5.193876754059346262e-03 1.073761292249448274e-01 0.000000000000000000e+00 0.000000000000000000e+00 0.000000000000000000e+00
0.000000000000000000e+00 5.795933149062776346e-02 0.000000000000000000e+00 6.002932196498158776e-03 0.000000000000000000e+00
0.000000000000000000e+00 3.782290663986737772e-02 0.000000000000000000e+00 8.795363788672580854e-03 0.000000000000000000e+00
0.000000000000000000e+00 1.245322450331571781e-02 0.000000000000000000e+00 2.228224199267913805e-03 0.000000000000000000e+00
0.000000000000000000e+00 0.000000000000000000e+00 0.000000000000000000e+00 0.000000000000000000e+00 0.000000000000000000e+00
0.000000000000000000e+00 0.000000000000000000e+00 0.000000000000000000e+00 0.000000000000000000e+00 0.000000000000000000e+00
0.000000000000000000e+00 0.000000000000000000e+00 0.000000000000000000e+00 0.000000000000000000e+00 0.000000000000000000e+00
0.000000000000000000e+00 0.000000000000000000e+00 0.000000000000000000e+00 0.000000000000000000e+00 0.000000000000000000e+00
0.000000000000000000e+00 0.000000000000000000e+00 0.000000000000000000e+00 0.000000000000000000e+00 0.000000000000000000e+00
0.000000000000000000e+00 0.000000000000000000e+00 0.000000000000000000e+00 0.000000000000000000e+00 0.000000000000000000e+00
0.000000000000000000e+00 0.000000000000000000e+00 0.000000000000000000e+00 0.000000000000000000e+00 0.000000000000000000e+00
0.000000000000000000e+00 0.000000000000000000e+00 0.000000000000000000e+00 0.000000000000000000e+00 0.000000000000000000e+00
0.000000000000000000e+00 0.000000000000000000e+00 0.000000000000000000e+00 0.000000000000000000e+00 0.000000000000000000e+00
0.000000000000000000e+00 0.000000000000000000e+00 0.000000000000000000e+00 0.000000000000000000e+00 0.000000000000000000e+00
9.097168557802164687e-05 6.066591133140860400e-04 1.060799524027320308e-03 0.000000000000000000e+00 0.000000000000000000e+00
0.000000000000000000e+00 1.351319873788003239e-03 2.773181217436413055e-03 0.000000000000000000e+00 2.173219126043619658e-03
0.000000000000000000e+00 2.360612388004429581e-03 2.969692836954243575e-02 0.000000000000000000e+00 5.004357915109371169e-03
0.000000000000000000e+00 0.000000000000000000e+00 6.212015154430170633e-02 0.000000000000000000e+00 2.213361197514205833e-02
1.588729509290022837e-02 0.000000000000000000e+00 1.025256556890031673e-01 3.046830039631296880e-03 4.747165693025963418e-02
4.335180585520635732e-02 0.000000000000000000e+00 1.385893732610817275e-01 1.463147300192705128e-02 7.035663506619586893e-02
5.271389368082646243e-02 0.000000000000000000e+00 1.418153092630277390e-01 3.871654721111177089e-02 9.043332476494114758e-02
6.594271370514795394e-02 0.000000000000000000e+00 1.183627488183317672e-01 7.205791349622128750e-02 1.078924022266850857e-01
7.548252388041534755e-02 0.000000000000000000e+00 8.240833031306436796e-02 8.691289494207762867e-02 1.103339510495101872e-01
7.826118893317045300e-02 3.427654648401609605e-02 5.630063424582500836e-02 8.211410764646966121e-02 1.032494013653993542e-01
6.334602801898486790e-02 8.674980717474209402e-02 3.182296653331628811e-02 4.730354333343202156e-02 8.810228129052521950e-02
5.189078359159816911e-02 1.394850299717205755e-01 2.943404790951882621e-02 2.310899608783395162e-03 4.798425847552039575e-02
4.041296244414392669e-02 1.548118741117787134e-01 9.489251970342334891e-03 0.000000000000000000e+00 9.768309970358438760e-03
1.932688769900443165e-02 1.192254918543999981e-01 1.379364058447213499e-02 0.000000000000000000e+00 0.000000000000000000e+00
7.881717892914088044e-03 7.471965279833618634e-02 3.054586808330447909e-03 0.000000000000000000e+00 0.000000000000000000e+00
2.653275236744348162e-03 4.078840837273503550e-02 3.635647950866124651e-03 1.147742674869898453e-03 0.000000000000000000e+00
0.000000000000000000e+00 2.038252517884269269e-02 0.000000000000000000e+00 3.731788034287860083e-03 0.000000000000000000e+00
0.000000000000000000e+00 1.603202603936265550e-03 0.000000000000000000e+00 6.083324246068751075e-04 0.000000000000000000e+00
0.000000000000000000e+00 0.000000000000000000e+00 0.000000000000000000e+00 0.000000000000000000e+00 0.000000000000000000e+00
0.000000000000000000e+00 0.000000000000000000e+00 0.000000000000000000e+00 0.000000000000000000e+00 0.000000000000000000e+00
0.000000000000000000e+00 0.000000000000000000e+00 0.000000000000000000e+00 0.000000000000000000e+00 0.000000000000000000e+00
0.000000000000000000e+00 0.000000000000000000e+00 0.000000000000000000e+00 0.000000000000000000e+00 0.000000000000000000e+00
0.000000000000000000e+00 0.000000000000000000e+00 0.000000000000000000e+00 0.000000000000000000e+00 0.000000000000000000e+00
0.000000000000000000e+00 0.000000000000000000e+00 0.000000000000000000e+00 0.000000000000000000e+00 0.000000000000000000e+00
0.000000000000000000e+00 0.000000000000000000e+00 0.000000000000000000e+00 0.000000000000000000e+00 0.000000000000000000e+00
0.000000000000000000e+00 0.000000000000000000e+00 0.000000000000000000e+00 0.000000000000000000e+00 0.000000000000000000e+00
0.000000000000000000e+00 0.000000000000000000e+00 0.000000000000000000e+00 0.000000000000000000e+00 0.000000000000000000e+00
7.842386687760507689e-05 5.229819942362809232e-04 9.144823482994141484e-04 0.000000000000000000e+00 0.000000000000000000e+00
9.310341952408979563e-04 5.084669697515164545e-03 1.080497715755842497e-02 0.000000000000000000e+00 0.000000000000000000e+00
0.000000000000000000e+00 8.046984618502884407e-03 2.572700584656674450e-02 0.000000000000000000e+00 5.365755897509663641e-03
0.000000000000000000e+00 3.119977296050425834e-03 5.381759661550097190e-02 1.619901546269661213e-03 2.026678846640456166e-02
0.000000000000000000e+00 0.000000000000000000e+00 7.139879847964962500e-02 9.810760262761807071e-03 4.380636296018632081e-02
9.471232503795562127e-03 0.000000000000000000e+00 9.443027534238547516e-02 4.425442913483494667e-02 7.894261509802989740e-02
3.695391873470823402e-02 0.000000000000000000e+00 1.068474446045529352e-01 6.763588583745183680e-02 8.510524870843849676e-02
5.099039655963234080e-02 1.458613307584449674e-02 8.176640784611964585e-02 9.178522817535229861e-02 9.495460505920384764e-02
5.641158202013919765e-02 4.119386064664200958e-02 4.656049606227047333e-02 9.661147088063734567e-02 9.980894786064718749e-02
5.942932247239899463e-02 5.108369805288447141e-02 5.245275379891951167e-02 1.022715920005199813e-01 9.512137995506554644e-02
4.281511972387121862e-02 6.900992783795549534e-02 9.048659473492630390e-02 8.065583587428694357e-02 9.694252396017885576e-02
4.589753719015306210e-02 7.298544944440830962e-02 8.772066891835100799e-02 6.648711290774486637e-02 8.894033475029021474e-02
4.218893355240890125e-02 9.740898911455597720e-02 1.054382264569981159e-01 2.319182742568414585e-02 5.958300414134648504e-02
3.895779125792567937e-02 1.016736672627477078e-01 1.101653398721745697e-01 0.000000000000000000e+00 1.999851350419247151e-02
2.799543901316212807e-02 8.483018306848613688e-02 9.963788480676653847e-02 0.000000000000000000e+00 0.000000000000000000e+00
9.219072950791072640e-03 6.211970979950712235e-02 6.300483577894754050e-02 0.000000000000000000e+00 0.000000000000000000e+00
4.884458429830745158e-03 2.649017419230604783e-02 9.533563511123503004e-03 0.000000000000000000e+00 0.000000000000000000e+00
4.558315751005402247e-03 1.080998269068528424e-02 1.773780326272342452e-03 0.000000000000000000e+00 0.000000000000000000e+00
2.378296071560489968e-03 1.337168996482533114e-03 7.784800942108240519e-04 0.000000000000000000e+00 0.000000000000000000e+00
0.000000000000000000e+00 0.000000000000000000e+00 0.000000000000000000e+00 0.000000000000000000e+00 0.000000000000000000e+00
0.000000000000000000e+00 0.000000000000000000e+00 0.000000000000000000e+00 0.000000000000000000e+00 0.000000000000000000e+00
0.000000000000000000e+00 0.000000000000000000e+00 0.000000000000000000e+00 0.000000000000000000e+00 0.000000000000000000e+00
0.000000000000000000e+00 0.000000000000000000e+00 0.000000000000000000e+00 0.000000000000000000e+00 0.000000000000000000e+00
0.000000000000000000e+00 0.000000000000000000e+00 0.000000000000000000e+00 0.000000000000000000e+00 0.000000000000000000e+00
0.000000000000000000e+00 0.000000000000000000e+00 0.000000000000000000e+00 0.000000000000000000e+00 0.000000000000000000e+00
0.000000000000000000e+00 0.000000000000000000e+00 0.000000000000000000e+00 0.000000000000000000e+00 0.000000000000000000e+00
0.000000000000000000e+00 0.000000000000000000e+00 0.000000000000000000e+00 0.000000000000000000e+00 0.000000000000000000e+00
0.000000000000000000e+00 0.000000000000000000e+00 0.000000000000000000e+00 0.000000000000000000e+00 0.000000000000000000e+00
7.842386687760507689e-05 5.229819942362809232e-04 9.144823482994141484e-04 0.000000000000000000e+00 0.000000000000000000e+00
0.000000000000000000e+00 5.581920265414186053e-03 1.601654817431507824e-02 0.000000000000000000e+00 1.106501228568284277e-03
0.000000000000000000e+00 8.546511752495392078e-03 3.558483889949519419e-02 0.000000000000000000e+00 6.645443496427184960e-03
0.000000000000000000e+00 8.451732167688854117e-03 5.539596274652077573e-02 1.963618034261512338e-02 2.267045562226809030e-02
0.000000000000000000e+00 7.432087065622311819e-03 5.925145063591375633e-02 5.405933578403887552e-02 4.355395001241593733e-02
0.000000000000000000e+00 1.429310083895816985e-02 5.954971359881709725e-02 8.878233329344134561e-02 5.247136474575680304e-02
4.856255640940491947e-03 4.226711366727919916e-02 6.144971595307758411e-02 1.138098253275601907e-01 5.134112836792606438e-02
2.830880474422272502e-02 7.284683653979055762e-02 3.840855481825908302e-02 1.239619634718779895e-01 4.816410309975203974e-02
3.246330043540684301e-02 7.849506642432886594e-02 3.575050489439277751e-02 1.223567842573320685e-01 4.861827247534046548e-02
3.317517368719880011e-02 7.895121265253651766e-02 3.900813877656527512e-02 1.137675441178700453e-01 5.261393823357608107e-02
4.005758301300470919e-02 5.944930164105446946e-02 4.457098931976322814e-02 1.175702340571208732e-01 6.287858514806189680e-02
3.954245759035171504e-02 3.306785762656734573e-02 7.010251268745419650e-02 1.047183156551297900e-01 8.496001769423495997e-02
4.752595401389939078e-02 2.959185568489129323e-02 1.078072730590586420e-01 7.243047429969561024e-02 8.077647693838066467e-02
6.243569658679835876e-02 6.399437022161583166e-02 1.415193575450145735e-01 1.342162014377817209e-02 4.616390122576038979e-02
4.043108218712557211e-02 6.724009749082369980e-02 1.632970684116933080e-01 0.000000000000000000e+00 5.929630740267120143e-03
1.240676271127034817e-02 4.283772265218528663e-02 1.295056342254284343e-01 0.000000000000000000e+00 0.000000000000000000e+00
5.067338253873761647e-03 2.203198262661383577e-02 6.321251799467861310e-02 0.000000000000000000e+00 0.000000000000000000e+00
5.080273732444877920e-03 7.780804713335692270e-03 1.317547393483607318e-02 0.000000000000000000e+00 0.000000000000000000e+00
5.023065350456160788e-03 2.460388914658622698e-03 2.043037680596414447e-03 0.000000000000000000e+00 0.000000000000000000e+00
7.663398452806025616e-04 4.308655655332606859e-04 2.508435859123766100e-04 0.000000000000000000e+00 0.000000000000000000e+00
0.000000000000000000e+00 0.000000000000000000e+00 0.000000000000000000e+00 0.000000000000000000e+00 0.000000000000000000e+00
0.000000000000000000e+00 0.000000000000000000e+00 0.000000000000000000e+00 0.000000000000000000e+00 0.000000000000000000e+00
0.000000000000000000e+00 0.000000000000000000e+00 0.000000000000000000e+00 0.000000000000000000e+00 0.000000000000000000e+00
0.000000000000000000e+00 0.000000000000000000e+00 0.000000000000000000e+00 0.000000000000000000e+00 0.000000000000000000e+00
0.000000000000000000e+00 0.000000000000000000e+00 0.000000000000000000e+00 0.000000000000000000e+00 0.000000000000000000e+00
0.000000000000000000e+00 0.000000000000000000e+00 0.000000000000000000e+00 0.000000000000000000e+00 0.000000000000000000e+00
0.000000000000000000e+00 0.000000000000000000e+00 0.000000000000000000e+00 0.000000000000000000e+00 0.000000000000000000e+00
0.000000000000000000e+00 0.000000000000000000e+00 0.000000000000000000e+00 0.000000000000000000e+00 0.000000000000000000e+00
0.000000000000000000e+00 0.000000000000000000e+00 0.000000000000000000e+00 0.000000000000000000e+00 0.000000000000000000e+00
0.000000000000000000e+00 1.949611663122683249e-03 8.380508949783888745e-03 1.480481550125558460e-03 1.529182904713268301e-03
0.000000000000000000e+00 5.310387392065033831e-03 3.608453620372940179e-02 1.772112017273216877e-02 3.904764218213764571e-03
0.000000000000000000e+00 8.593837359053110164e-03 3.002542970162562497e-02 5.634067763652695487e-02 3.761836637866428253e-03
0.000000000000000000e+00 2.114617352223439536e-02 3.027641976038636384e-02 8.312110605543884811e-02 1.122614312058110853e-02
0.000000000000000000e+00 2.993127695487146633e-02 3.176305887721361798e-02 9.443479524101343336e-02 1.445181056423443418e-02
0.000000000000000000e+00 4.642338160330791719e-02 2.846535049423950733e-02 1.094666056190399389e-01 6.357875594662751144e-03
0.000000000000000000e+00 6.591774154096989580e-02 9.613144739818152819e-04 1.241478528647410734e-01 5.414426318507727098e-04
1.131382272132215074e-02 6.190724288572768685e-02 0.000000000000000000e+00 1.167015482459085873e-01 0.000000000000000000e+00
1.298087075718530256e-02 5.667337126935050040e-02 0.000000000000000000e+00 1.067452852606298463e-01 0.000000000000000000e+00
1.722639084200414117e-02 4.062396684914626466e-02 0.000000000000000000e+00 1.127843361014491674e-01 1.793413541499331784e-02
2.451728147562334814e-02 1.203014761258944590e-02 4.201162094207569302e-03 1.177874926327582839e-01 7.096702484215847151e-02
4.469140781943651414e-02 3.669410350162502846e-03 1.334244928394745164e-02 1.078348585974673451e-01 9.194349987271600855e-02
6.863035001621541065e-02 4.218991364874498384e-02 6.367910781508485940e-02 4.637244274580994141e-02 6.794981063600739890e-02
6.858277214381797160e-02 5.787718615520655308e-02 1.540438788066483544e-01 0.000000000000000000e+00 1.410884319530421489e-02
3.157423192277756391e-02 2.682676629679893801e-02 1.663481710634809041e-01 0.000000000000000000e+00 0.000000000000000000e+00
0.000000000000000000e+00 7.277052449189917033e-03 1.303371954632729923e-01 0.000000000000000000e+00 0.000000000000000000e+00
4.904303218293998810e-03 1.054976445969212952e-02 4.680822662042613547e-02 0.000000000000000000e+00 0.000000000000000000e+00
5.864505128270140928e-03 3.948670966418111813e-03 5.131968740298521042e-03 0.000000000000000000e+00 0.000000000000000000e+00
5.734336083651403980e-03 3.224063024852328197e-03 1.877002004930540795e-03 0.000000000000000000e+00 0.000000000000000000e+00
0.000000000000000000e+00 0.000000000000000000e+00 0.000000000000000000e+00 0.000000000000000000e+00 0.000000000000000000e+00
0.000000000000000000e+00 0.000000000000000000e+00 0.000000000000000000e+00 0.000000000000000000e+00 0.000000000000000000e+00
0.000000000000000000e+00 0.000000000000000000e+00 0.000000000000000000e+00 0.000000000000000000e+00 0.000000000000000000e+00
0.000000000000000000e+00 0.000000000000000000e+00 0.000000000000000000e+00 0.000000000000000000e+00 0.000000000000000000e+00
0.000000000000000000e+00 0.000000000000000000e+00 0.000000000000000000e+00 0.000000000000000000e+00 0.000000000000000000e+00
0.000000000000000000e+00 0.000000000000000000e+00 0.000000000000000000e+00 0.000000000000000000e+00 0.000000000000000000e+00
0.000000000000000000e+00 0.000000000000000000e+00 0.000000000000000000e+00 0.000000000000000000e+00 0.000000000000000000e+00
1.482504733064038340e-04 6.440285580971459112e-04 3.657709809034571631e-04 0.000000000000000000e+00 0.000000000000000000e+00
3.378582332655941621e-03 6.791708700360761172e-03 2.193854548777596572e-03 0.000000000000000000e+00 0.000000000000000000e+00
7.396395841362338359e-03 1.023288847842162945e-02 4.665480992175255644e-03 0.000000000000000000e+00 0.000000000000000000e+00
0.000000000000000000e+00 9.564823013208989533e-03 4.548688401513119144e-03 2.085112121396846471e-02 3.201948402201119015e-04
0.000000000000000000e+00 6.513548304590274958e-03 4.644658923764412480e-03 5.572938153605805356e-02 4.770998949218655427e-04
0.000000000000000000e+00 1.098949101282527090e-02 4.437858298991710984e-03 6.503793766596936698e-02 0.000000000000000000e+00
0.000000000000000000e+00 2.385326832417969042e-02 0.000000000000000000e+00 6.211091360514661708e-02 0.000000000000000000e+00
0.000000000000000000e+00 2.391968426985591895e-02 0.000000000000000000e+00 5.562277612647612002e-02 0.000000000000000000e+00
0.000000000000000000e+00 2.885334227454085590e-02 0.000000000000000000e+00 4.524584955316782175e-02 0.000000000000000000e+00
0.000000000000000000e+00 1.945472460514674137e-02 0.000000000000000000e+00 5.107390969571810185e-02 0.000000000000000000e+00
0.000000000000000000e+00 1.461696440025838512e-02 0.000000000000000000e+00 6.251505213334339339e-02 0.000000000000000000e+00
0.000000000000000000e+00 2.020837454357805874e-02 0.000000000000000000e+00 8.369585441377627721e-02 1.359653691190801372e-02
0.000000000000000000e+00 4.391024775879965626e-03 0.000000000000000000e+00 1.063046665117030748e-01 7.188519972897798593e-02
3.173976567361350837e-02 2.122766956746701544e-02 0.000000000000000000e+00 1.129051823281888578e-01 9.962217595433756068e-02
8.318480694158789102e-02 3.653932194286980267e-02 0.000000000000000000e+00 6.385476848944478256e-02 7.665575943205757414e-02
9.227474787191002059e-02 5.325267589897971637e-02 7.683350396721271014e-02 1.916107025287867730e-03 1.713876283690754510e-02
5.854953399326766339e-02 1.939236460015107688e-02 1.556532742396846414e-01 0.000000000000000000e+00 0.000000000000000000e+00
0.000000000000000000e+00 2.792441942798957067e-03 1.519966380084069590e-01 0.000000000000000000e+00 0.000000000000000000e+00
0.000000000000000000e+00 6.505923704041164171e-03 7.818098222777510042e-02 0.000000000000000000e+00 0.000000000000000000e+00
7.060472843638580798e-03 5.490617425671988697e-03 1.195910329886933944e-02 0.000000000000000000e+00 0.000000000000000000e+00
6.685654512275597018e-03 3.758930623445342831e-03 2.188394042614871023e-03 0.000000000000000000e+00 0.000000000000000000e+00
0.000000000000000000e+00 0.000000000000000000e+00 0.000000000000000000e+00 0.000000000000000000e+00 0.000000000000000000e+00
0.000000000000000000e+00 0.000000000000000000e+00 0.000000000000000000e+00 0.000000000000000000e+00 0.000000000000000000e+00
0.000000000000000000e+00 0.000000000000000000e+00 0.000000000000000000e+00 0.000000000000000000e+00 0.000000000000000000e+00
0.000000000000000000e+00 0.000000000000000000e+00 0.000000000000000000e+00 0.000000000000000000e+00 0.000000000000000000e+00
0.000000000000000000e+00 0.000000000000000000e+00 0.000000000000000000e+00 0.000000000000000000e+00 0.000000000000000000e+00
0.000000000000000000e+00 0.000000000000000000e+00 0.000000000000000000e+00 0.000000000000000000e+00 0.000000000000000000e+00
2.801716486537164175e-04 1.521558314372558262e-03 0.000000000000000000e+00 0.000000000000000000e+00 1.998260564543192543e-03
5.504623652383773894e-03 1.655243855895693547e-02 1.033843449034441662e-02 0.000000000000000000e+00 7.211037453679155877e-03
1.507086029931259744e-02 2.937952807196035979e-02 1.144107627109753472e-02 0.000000000000000000e+00 4.909465931214765030e-03
1.666039091950849427e-02 1.755998050367195071e-02 7.831943557848376064e-03 0.000000000000000000e+00 0.000000000000000000e+00
1.892242380217286357e-02 1.361215044517412320e-02 0.000000000000000000e+00 2.560272732432513233e-03 0.000000000000000000e+00
9.389172764695512957e-03 1.153303469764182035e-02 0.000000000000000000e+00 2.006034788280639317e-02 0.000000000000000000e+00
5.922253993151375961e-03 1.393640991486725343e-02 0.000000000000000000e+00 1.886873345445573558e-02 0.000000000000000000e+00
7.446582985494487432e-03 1.127671954738092286e-02 1.029412016125992634e-03 4.192885449928990260e-03 0.000000000000000000e+00
4.911521781930982058e-03 7.335666721317533716e-03 2.027294231602921881e-02 0.000000000000000000e+00 0.000000000000000000e+00
4.478540148352183441e-03 5.558866740434397803e-03 7.088954326800156122e-03 0.000000000000000000e+00 0.000000000000000000e+00
3.672796647537082204e-04 1.195741343920002017e-03 9.660296080925962620e-03 3.982837188952178913e-03 0.000000000000000000e+00
0.000000000000000000e+00 0.000000000000000000e+00 1.548180899533295636e-02 1.441681490716749739e-02 3.583453416398910910e-03
0.000000000000000000e+00 5.765597960120568896e-03 0.000000000000000000e+00 5.170986834674607541e-02 3.584000014598517220e-02
0.000000000000000000e+00 1.192448244303927034e-02 0.000000000000000000e+00 8.020786387438719189e-02 9.082660558604464807e-02
1.748722130786986226e-02 3.459874161299063278e-02 0.000000000000000000e+00 1.004036002382029252e-01 1.078686819750842851e-01
8.542765619210825057e-02 4.028898333751526617e-02 0.000000000000000000e+00 7.931785990926734642e-02 7.439358771185414221e-02
1.255549209802793165e-01 4.341596677372887292e-02 3.022730836814352395e-02 9.954817195968230711e-03 8.766392650587644109e-03
7.669446143874716904e-02 1.971805781770528260e-02 1.159292544289100557e-01 0.000000000000000000e+00 0.000000000000000000e+00
4.528656333488092003e-03 0.000000000000000000e+00 1.634443722923965558e-01 0.000000000000000000e+00 0.000000000000000000e+00
0.000000000000000000e+00 3.131824158746961823e-03 1.109270596336507514e-01 0.000000000000000000e+00 0.000000000000000000e+00
4.740034546314140368e-03 4.923823922343974549e-03 2.460268815948263993e-02 0.000000000000000000e+00 0.000000000000000000e+00
6.685654512275597018e-03 3.758930623445342831e-03 2.188394042614871023e-03 0.000000000000000000e+00 0.000000000000000000e+00
0.000000000000000000e+00 0.000000000000000000e+00 0.000000000000000000e+00 0.000000000000000000e+00 0.000000000000000000e+00
0.000000000000000000e+00 0.000000000000000000e+00 0.000000000000000000e+00 0.000000000000000000e+00 0.000000000000000000e+00
0.000000000000000000e+00 0.000000000000000000e+00 0.000000000000000000e+00 0.000000000000000000e+00 0.000000000000000000e+00
0.000000000000000000e+00 0.000000000000000000e+00 0.000000000000000000e+00 0.000000000000000000e+00 0.000000000000000000e+00
0.000000000000000000e+00 0.000000000000000000e+00 0.000000000000000000e+00 0.000000000000000000e+00 0.000000000000000000e+00
0.000000000000000000e+00 0.000000000000000000e+00 0.000000000000000000e+00 0.000000000000000000e+00 0.000000000000000000e+00
3.487069423295735895e-03 8.991736463299669635e-03 6.936700203213651056e-04 0.000000000000000000e+00 8.198097686385220906e-03
6.938822029657841159e-03 2.595788116804088538e-02 1.011169476013793096e-02 0.000000000000000000e+00 1.940728477741112193e-02
1.264530065799131416e-02 3.464651726979250945e-02 8.223690540519105682e-03 0.000000000000000000e+00 2.651679286494060955e-02
2.168599130518333515e-02 1.531632739180699768e-02 1.300567818926356457e-02 0.000000000000000000e+00 1.023077773065661500e-02
3.261746407380481522e-02 4.954511208842554346e-03 7.951931475403802019e-03 0.000000000000000000e+00 4.207283978156102153e-03
1.834226137785246319e-02 2.145384198824380317e-03 4.191533256761783600e-03 0.000000000000000000e+00 0.000000000000000000e+00
1.177914346872948291e-02 3.893606949438173891e-03 6.913190961726150587e-03 0.000000000000000000e+00 0.000000000000000000e+00
1.549797493621061020e-02 3.672139120935376342e-03 1.734260724350868491e-02 0.000000000000000000e+00 0.000000000000000000e+00
5.032945673706575376e-03 4.723199380079750632e-03 3.825041765444285591e-02 0.000000000000000000e+00 0.000000000000000000e+00
0.000000000000000000e+00 6.506471957073821019e-03 3.140016798067667841e-02 0.000000000000000000e+00 2.040628271358678805e-04
0.000000000000000000e+00 6.326373121874133768e-03 3.030251323675381067e-02 0.000000000000000000e+00 2.239364578383912577e-03
0.000000000000000000e+00 2.070051087653387162e-02 2.846519889854379204e-02 0.000000000000000000e+00 2.029531512644887001e-02
0.000000000000000000e+00 2.625959106380800975e-02 3.465800653970968741e-03 1.943308909432981194e-02 7.157268236124282590e-02
0.000000000000000000e+00 3.333132182070275285e-02 0.000000000000000000e+00 7.707154067013650967e-02 1.104587005988949822e-01
3.074368656201905553e-02 3.990445457593994050e-02 0.000000000000000000e+00 9.162945256126979465e-02 1.072306894750857664e-01
1.088972902242595076e-01 4.044159046439275984e-02 0.000000000000000000e+00 6.399927539154401379e-02 5.228398604196186905e-02
1.396929373784764616e-01 4.080279490835169581e-02 2.671991695274150008e-02 8.872530187061107923e-03 0.000000000000000000e+00
7.104678665805623516e-02 1.759457864021756954e-02 1.168319358476022085e-01 0.000000000000000000e+00 0.000000000000000000e+00
2.774046026539318875e-04 0.000000000000000000e+00 1.691346056901656125e-01 0.000000000000000000e+00 0.000000000000000000e+00
0.000000000000000000e+00 2.984057558469884082e-03 1.158082235694398304e-01 0.000000000000000000e+00 0.000000000000000000e+00
4.098203395806868099e-03 3.239687787737844347e-03 2.156949922209421694e-02 0.000000000000000000e+00 0.000000000000000000e+00
6.685654512275597018e-03 3.758930623445342831e-03 2.188394042614871023e-03 0.000000000000000000e+00 0.000000000000000000e+00
0.000000000000000000e+00 0.000000000000000000e+00 0.000000000000000000e+00 0.000000000000000000e+00 0.000000000000000000e+00
0.000000000000000000e+00 0.000000000000000000e+00 0.000000000000000000e+00 0.000000000000000000e+00 0.000000000000000000e+00
0.000000000000000000e+00 0.000000000000000000e+00 0.000000000000000000e+00 0.000000000000000000e+00 0.000000000000000000e+00
0.000000000000000000e+00 0.000000000000000000e+00 0.000000000000000000e+00 0.000000000000000000e+00 0.000000000000000000e+00
0.000000000000000000e+00 0.000000000000000000e+00 0.000000000000000000e+00 0.000000000000000000e+00 0.000000000000000000e+00
0.000000000000000000e+00 0.000000000000000000e+00 8.225657848909597445e-05 0.000000000000000000e+00 1.049523865438625834e-03
7.557766280099807547e-03 1.233648551454060056e-02 0.000000000000000000e+00 0.000000000000000000e+00 1.527090848080405773e-02
7.284635661679949789e-03 3.371996209320949484e-02 0.000000000000000000e+00 0.000000000000000000e+00 5.248573273996280653e-02
2.041345879042054043e-02 5.072619550794131571e-02 0.000000000000000000e+00 0.000000000000000000e+00 6.272436747733860229e-02
3.360514493084863774e-02 2.835814178828613419e-02 8.123323625790268565e-03 0.000000000000000000e+00 4.690485382439159995e-02
4.105487582968835730e-02 1.213828751953928073e-02 1.896868206904988099e-02 0.000000000000000000e+00 1.662135910391885144e-02
3.530484477174773705e-02 1.414871368103355100e-02 1.759694334603376792e-02 0.000000000000000000e+00 0.000000000000000000e+00
2.085837737841769735e-02 9.702610733463170808e-03 2.587189501529049349e-02 0.000000000000000000e+00 0.000000000000000000e+00
1.266637384980120323e-02 8.786955164489938103e-03 3.732494765514356855e-02 0.000000000000000000e+00 0.000000000000000000e+00
0.000000000000000000e+00 1.513850887674073921e-02 3.933304331650134406e-02 0.000000000000000000e+00 6.969673131572802147e-04
0.000000000000000000e+00 2.121711810281380964e-02 4.602623523119152987e-02 0.000000000000000000e+00 7.071787320862248614e-03
0.000000000000000000e+00 3.247332944656106807e-02 6.007699322399737835e-02 0.000000000000000000e+00 2.323975278322814447e-02
0.000000000000000000e+00 3.818449961128666387e-02 6.159157148476041010e-02 0.000000000000000000e+00 6.583919707514977737e-02
0.000000000000000000e+00 4.711429343057563224e-02 3.132645581063388251e-02 2.380206178134966488e-02 1.034368812083328870e-01
1.107017648954585626e-02 5.199932126083838674e-02 0.000000000000000000e+00 6.955822641900763492e-02 1.126851026284916013e-01
6.667348815271482987e-02 4.814027015139758087e-02 0.000000000000000000e+00 7.818056445462132076e-02 8.503993549499851146e-02
1.314867548806336606e-01 4.964277960613441149e-02 4.089127990233182471e-03 3.656704159772285884e-02 1.737155196903636054e-02
1.255784270238904377e-01 2.871734377607570651e-02 8.625171984340239406e-02 5.336906484815627516e-03 0.000000000000000000e+00
4.830238909168475120e-02 5.464846975850022950e-03 1.520896421012584987e-01 0.000000000000000000e+00 0.000000000000000000e+00
2.495675010739400405e-03 0.000000000000000000e+00 1.610177891218991519e-01 0.000000000000000000e+00 0.000000000000000000e+00
0.000000000000000000e+00 1.726641620653555573e-03 8.487754681581045901e-02 0.000000000000000000e+00 0.000000000000000000e+00
3.593479966753652076e-03 1.901673002460467369e-03 1.421619482913695151e-02 0.000000000000000000e+00 0.000000000000000000e+00
6.685654512275597018e-03 3.758930623445342831e-03 2.188394042614871023e-03 0.000000000000000000e+00 0.000000000000000000e+00
0.000000000000000000e+00 0.000000000000000000e+00 0.000000000000000000e+00 0.000000000000000000e+00 0.000000000000000000e+00
0.000000000000000000e+00 0.000000000000000000e+00 0.000000000000000000e+00 0.000000000000000000e+00 0.000000000000000000e+00
0.000000000000000000e+00 0.000000000000000000e+00 0.000000000000000000e+00 0.000000000000000000e+00 0.000000000000000000e+00
0.000000000000000000e+00 0.000000000000000000e+00 0.000000000000000000e+00 0.000000000000000000e+00 0.000000000000000000e+00
0.000000000000000000e+00 0.000000000000000000e+00 0.000000000000000000e+00 0.000000000000000000e+00 0.000000000000000000e+00
0.000000000000000000e+00 0.000000000000000000e+00 1.409955573931740303e-04 4.030611023310271245e-05 3.541386034504591558e-03
4.928900968929567604e-03 1.095269877176331327e-02 0.000000000000000000e+00 0.000000000000000000e+00 2.338522220291931741e-02
1.142989533683163444e-02 4.838577589218400615e-02 0.000000000000000000e+00 0.000000000000000000e+00 6.587144504870597050e-02
1.926959770098995300e-02 7.401871359892590874e-02 0.000000000000000000e+00 0.000000000000000000e+00 8.861625377889392752e-02
3.949311907114774062e-02 6.379819451507148798e-02 0.000000000000000000e+00 0.000000000000000000e+00 8.317043598704708385e-02
5.801717997384175235e-02 4.000757242562878735e-02 8.343594966303487931e-03 0.000000000000000000e+00 4.793235348447832944e-02
6.711497076403645512e-02 2.046715251749349831e-02 2.050998420443723297e-02 0.000000000000000000e+00 1.206011592601865211e-02
5.818373273821116076e-02 1.503277343389970190e-02 4.064789819340579313e-02 0.000000000000000000e+00 0.000000000000000000e+00
3.698614764207665967e-02 1.813897080858856148e-02 4.622092642481847452e-02 0.000000000000000000e+00 3.652164494049581472e-03
1.811254950309455769e-02 2.909313900221794508e-02 4.955176657793593925e-02 0.000000000000000000e+00 1.700855969011575222e-02
1.814875725006474426e-03 4.568032307114501533e-02 6.091753218942935061e-02 0.000000000000000000e+00 4.227013302046585264e-02
0.000000000000000000e+00 5.562977658632914379e-02 7.344399024921480224e-02 0.000000000000000000e+00 7.836259191105730826e-02
0.000000000000000000e+00 7.013855199034800536e-02 6.333360553974361207e-02 0.000000000000000000e+00 1.069211745446168732e-01
1.247280868286406927e-02 7.375840215693302282e-02 2.895409193975970880e-02 4.181198981831202310e-02 1.120143506585326715e-01
5.613551634214349745e-02 5.352579074471523063e-02 0.000000000000000000e+00 8.054546763379973051e-02 9.074752945631396617e-02
1.115164994790321107e-01 4.990522513803800214e-02 9.208092316558995349e-03 6.226592549310666636e-02 3.570248414644947715e-02
1.350556624905338010e-01 3.168289310002523479e-02 7.527118054653184065e-02 2.775496724726741332e-02 0.000000000000000000e+00
8.642904581355957683e-02 1.104887725512006431e-02 1.339341704958974810e-01 8.776898088221311975e-04 0.000000000000000000e+00
3.194249903218073644e-02 0.000000000000000000e+00 1.444622755914416190e-01 2.251719785436093451e-03 0.000000000000000000e+00
4.772577369330956512e-03 0.000000000000000000e+00 1.072067328009148057e-01 0.000000000000000000e+00 0.000000000000000000e+00
7.898225117076650929e-04 0.000000000000000000e+00 4.928634151029985533e-02 0.000000000000000000e+00 0.000000000000000000e+00
3.232534190875889328e-03 1.536712981756921609e-03 1.269210232596644852e-02 0.000000000000000000e+00 0.000000000000000000e+00
4.386634976433789225e-03 2.466333926845561044e-03 1.435863284877742169e-03 0.000000000000000000e+00 0.000000000000000000e+00
0.000000000000000000e+00 0.000000000000000000e+00 0.000000000000000000e+00 0.000000000000000000e+00 0.000000000000000000e+00
0.000000000000000000e+00 0.000000000000000000e+00 0.000000000000000000e+00 0.000000000000000000e+00 0.000000000000000000e+00
0.000000000000000000e+00 0.000000000000000000e+00 0.000000000000000000e+00 0.000000000000000000e+00 0.000000000000000000e+00
0.000000000000000000e+00 0.000000000000000000e+00 0.000000000000000000e+00 0.000000000000000000e+00 0.000000000000000000e+00
0.000000000000000000e+00 0.000000000000000000e+00 0.000000000000000000e+00 0.000000000000000000e+00 0.000000000000000000e+00
0.000000000000000000e+00 0.000000000000000000e+00 0.000000000000000000e+00 4.404954811783616444e-04 7.653319552583514110e-03
2.067682899921025660e-03 1.380958963325145533e-02 3.945256624341690610e-03 0.000000000000000000e+00 2.125442709937587146e-02
7.739122099172553171e-03 6.117223618041185002e-02 0.000000000000000000e+00 0.000000000000000000e+00 5.356950888042439490e-02
1.508203840904721697e-02 1.007835708158004717e-01 0.000000000000000000e+00 0.000000000000000000e+00 8.781789009868208595e-02
3.279483763425845161e-02 1.077699243387492539e-01 4.772640719591702933e-03 0.000000000000000000e+00 1.051750418534834614e-01
5.928547037169168421e-02 9.247519860753609933e-02 1.512320522709390859e-02 0.000000000000000000e+00 1.002623175954883566e-01
8.847299280409665068e-02 6.056829154371040635e-02 3.086059175289467341e-02 0.000000000000000000e+00 8.939529073843513474e-02
9.585851432025523089e-02 5.029533992671113979e-02 5.157825788515220389e-02 0.000000000000000000e+00 8.045389039616378246e-02
8.463038820838117426e-02 6.196479097760527327e-02 5.110213649970405531e-02 0.000000000000000000e+00 7.760528202144705012e-02
6.290466275962940113e-02 8.198575275290122255e-02 3.311587125892948014e-02 0.000000000000000000e+00 8.805472552854352875e-02
6.057376117976517177e-02 8.277270133117094197e-02 1.929821957825236106e-02 0.000000000000000000e+00 1.020134135446660317e-01
7.111346713227993666e-02 9.453539565309619641e-02 2.262959684001576016e-03 0.000000000000000000e+00 1.040552719006837823e-01
7.707903695293998048e-02 8.303416358620455129e-02 1.715118404033254404e-04 2.193922169263948230e-02 1.020251873329801329e-01
9.828512286541656040e-02 6.036018742930390063e-02 0.000000000000000000e+00 6.514282905079051000e-02 7.626243113134942297e-02
1.274685292344945042e-01 3.391548666841320142e-02 1.235884066831368158e-02 8.286687423703620325e-02 3.143226112489214824e-02
1.319875348843830287e-01 2.834415983928981544e-02 4.673689595773360822e-02 5.517491819540698561e-02 0.000000000000000000e+00
8.943895933179712987e-02 3.089095649718540722e-03 8.485902176045384548e-02 2.944780288325190426e-02 0.000000000000000000e+00
4.984012150094766641e-02 0.000000000000000000e+00 1.024502156971702493e-01 1.344170147851283907e-02 0.000000000000000000e+00
2.313480766070044950e-02 0.000000000000000000e+00 7.386412812221801460e-02 5.510303690315034551e-03 0.000000000000000000e+00
0.000000000000000000e+00 0.000000000000000000e+00 6.106836856770107153e-02 0.000000000000000000e+00 0.000000000000000000e+00
0.000000000000000000e+00 0.000000000000000000e+00 3.182799187462096585e-02 0.000000000000000000e+00 0.000000000000000000e+00
0.000000000000000000e+00 0.000000000000000000e+00 1.155033152112389626e-02 0.000000000000000000e+00 0.000000000000000000e+00
0.000000000000000000e+00 0.000000000000000000e+00 0.000000000000000000e+00 0.000000000000000000e+00 0.000000000000000000e+00
0.000000000000000000e+00 0.000000000000000000e+00 0.000000000000000000e+00 0.000000000000000000e+00 0.000000000000000000e+00
0.000000000000000000e+00 0.000000000000000000e+00 0.000000000000000000e+00 0.000000000000000000e+00 0.000000000000000000e+00
0.000000000000000000e+00 0.000000000000000000e+00 0.000000000000000000e+00 0.000000000000000000e+00 0.000000000000000000e+00
0.000000000000000000e+00 0.000000000000000000e+00 0.000000000000000000e+00 0.000000000000000000e+00 0.000000000000000000e+00
0.000000000000000000e+00 0.000000000000000000e+00 0.000000000000000000e+00 0.000000000000000000e+00 0.000000000000000000e+00
1.058286221589634958e-03 0.000000000000000000e+00 3.001104476015865712e-04 0.000000000000000000e+00 3.009658163283731713e-03
0.000000000000000000e+00 1.501388693486530729e-02 8.160120703398589248e-03 0.000000000000000000e+00 1.285222108556176648e-02
0.000000000000000000e+00 6.193434800743900792e-02 1.070160516789268185e-02 0.000000000000000000e+00 2.408175707417999772e-02
2.361606834262938281e-03 1.023467393614731769e-01 1.448133864086915967e-02 0.000000000000000000e+00 5.157161059974287032e-02
5.889939875869060724e-03 1.061716313535929629e-01 1.404409595680542605e-02 0.000000000000000000e+00 9.048507020196364103e-02
2.446275981748011197e-02 1.059298534126102143e-01 1.321310144216698672e-02 0.000000000000000000e+00 1.076659553593721091e-01
5.931152155888787941e-02 9.621229505055943487e-02 2.663415005436714847e-02 0.000000000000000000e+00 1.078979583864148745e-01
9.006596375444678171e-02 9.282259417956821579e-02 1.976916283586867273e-02 0.000000000000000000e+00 1.026149046587686159e-01
1.004314581828882891e-01 9.125904954909573596e-02 1.617735508868284669e-02 6.150345239538170319e-03 9.925196614736757350e-02
1.076631338843897501e-01 9.152276821598341605e-02 0.000000000000000000e+00 1.366834809020746333e-02 9.685641142758771860e-02
1.142857053220225627e-01 7.832549735959877524e-02 0.000000000000000000e+00 2.320427237719999494e-02 9.111727107166246731e-02
1.202297220300172637e-01 5.527805431853388685e-02 0.000000000000000000e+00 5.459895173000733903e-02 7.970584409605106779e-02
1.319833287208349581e-01 3.276575886474929200e-02 0.000000000000000000e+00 8.828313546462362993e-02 5.627707188512152264e-02
1.381370508792048313e-01 1.476892952812889834e-02 0.000000000000000000e+00 1.091117902907486614e-01 1.794597421165865930e-02
1.217654419699984447e-01 0.000000000000000000e+00 1.291193762438850451e-02 8.221734697597467278e-02 0.000000000000000000e+00
8.095126755505319127e-02 0.000000000000000000e+00 5.723163461266270180e-02 5.448771185388257693e-02 0.000000000000000000e+00
4.469067902351413213e-02 0.000000000000000000e+00 7.445066999587703072e-02 2.460332618937297738e-02 0.000000000000000000e+00
1.972487598046947926e-02 0.000000000000000000e+00 5.140407705385358766e-02 9.770097194133521915e-03 0.000000000000000000e+00
2.106875627183552296e-03 0.000000000000000000e+00 4.564860850147835214e-02 2.020044418298037187e-03 0.000000000000000000e+00
0.000000000000000000e+00 0.000000000000000000e+00 4.054815567107530189e-02 5.893151319030852202e-04 0.000000000000000000e+00
0.000000000000000000e+00 0.000000000000000000e+00 2.340817393720533851e-02 2.883480221179011635e-03 1.206335172503181013e-03
0.000000000000000000e+00 0.000000000000000000e+00 5.915908219306036976e-03 1.075090006666230402e-03 4.170160778462851702e-04
0.000000000000000000e+00 0.000000000000000000e+00 0.000000000000000000e+00 0.000000000000000000e+00 0.000000000000000000e+00
0.000000000000000000e+00 0.000000000000000000e+00 0.000000000000000000e+00 0.000000000000000000e+00 0.000000000000000000e+00
0.000000000000000000e+00 0.000000000000000000e+00 0.000000000000000000e+00 0.000000000000000000e+00 0.000000000000000000e+00
0.000000000000000000e+00 0.000000000000000000e+00 0.000000000000000000e+00 0.000000000000000000e+00 0.000000000000000000e+00
0.000000000000000000e+00 0.000000000000000000e+00 0.000000000000000000e+00 0.000000000000000000e+00 0.000000000000000000e+00
0.000000000000000000e+00 0.000000000000000000e+00 0.000000000000000000e+00 0.000000000000000000e+00 0.000000000000000000e+00
6.290252216984005933e-04 0.000000000000000000e+00 1.518700108682384867e-04 0.000000000000000000e+00 2.809803611358208022e-04
0.000000000000000000e+00 8.624815852679804454e-03 5.155708259788990833e-03 0.000000000000000000e+00 4.469130610271700339e-03
0.000000000000000000e+00 5.130043656104123911e-02 1.154635884477916465e-02 0.000000000000000000e+00 7.289687836096106835e-03
0.000000000000000000e+00 8.748875387945471982e-02 2.952931752360810069e-02 0.000000000000000000e+00 1.439790181137112941e-02
0.000000000000000000e+00 1.135130301848484152e-01 3.071744546710577714e-02 0.000000000000000000e+00 3.136717365361693655e-02
0.000000000000000000e+00 1.256751525048367124e-01 1.401916474201313559e-02 1.705374152634200370e-03 5.505989162214702110e-02
1.452632399208727589e-02 1.208976540687726059e-01 7.015227740937050177e-03 8.222901765620653156e-03 7.553635323161835002e-02
4.690739083966964651e-02 9.796761928831175525e-02 0.000000000000000000e+00 3.681360062474146183e-02 8.438502899097999332e-02
7.900359180371940848e-02 7.109191009617747692e-02 0.000000000000000000e+00 6.019285438002450195e-02 7.813966414056870702e-02
9.838279651052571351e-02 4.295776443790640109e-02 0.000000000000000000e+00 7.851946054053784985e-02 6.249523709291355394e-02
1.083744960202298602e-01 1.002480383250900324e-02 0.000000000000000000e+00 1.027216984748219181e-01 4.589445030070033599e-02
1.026204974818408083e-01 1.074531184039938117e-03 0.000000000000000000e+00 1.219175468262750778e-01 1.784115999467764807e-02
8.666549150466625051e-02 0.000000000000000000e+00 2.392852190233196383e-03 1.248936370365067716e-01 0.000000000000000000e+00
5.743537630019257545e-02 0.000000000000000000e+00 3.486626953545239604e-02 1.037911244602109512e-01 0.000000000000000000e+00
4.058704129311741654e-02 0.000000000000000000e+00 6.046029644215092369e-02 5.896496898503329753e-02 0.000000000000000000e+00
2.473804765503551800e-02 0.000000000000000000e+00 5.754069816288819028e-02 2.512436759848041962e-02 0.000000000000000000e+00
5.596211679961067727e-03 0.000000000000000000e+00 4.620148558179999060e-02 1.251204610972669537e-02 0.000000000000000000e+00
0.000000000000000000e+00 0.000000000000000000e+00 4.944560674253054705e-02 4.684031733165680035e-03 0.000000000000000000e+00
0.000000000000000000e+00 0.000000000000000000e+00 4.268656688247828013e-02 3.868671611551828017e-03 2.179107881301889111e-04
0.000000000000000000e+00 0.000000000000000000e+00 3.923935583609536315e-02 3.431265579287422034e-03 8.902517391157076547e-04
0.000000000000000000e+00 0.000000000000000000e+00 8.173009245859912467e-03 1.397420208464871579e-03 5.476768464065238408e-04
0.000000000000000000e+00 0.000000000000000000e+00 0.000000000000000000e+00 0.000000000000000000e+00 0.000000000000000000e+00
0.000000000000000000e+00 0.000000000000000000e+00 0.000000000000000000e+00 0.000000000000000000e+00 0.000000000000000000e+00
0.000000000000000000e+00 0.000000000000000000e+00 0.000000000000000000e+00 0.000000000000000000e+00 0.000000000000000000e+00
0.000000000000000000e+00 0.000000000000000000e+00 0.000000000000000000e+00 0.000000000000000000e+00 0.000000000000000000e+00
0.000000000000000000e+00 0.000000000000000000e+00 0.000000000000000000e+00 0.000000000000000000e+00 0.000000000000000000e+00
0.000000000000000000e+00 0.000000000000000000e+00 0.000000000000000000e+00 0.000000000000000000e+00 0.000000000000000000e+00
0.000000000000000000e+00 0.000000000000000000e+00 0.000000000000000000e+00 0.000000000000000000e+00 0.000000000000000000e+00
0.000000000000000000e+00 0.000000000000000000e+00 0.000000000000000000e+00 0.000000000000000000e+00 0.000000000000000000e+00
0.000000000000000000e+00 8.886490963896325965e-03 0.000000000000000000e+00 5.501031563499815362e-03 1.155715071639902211e-03
0.000000000000000000e+00 3.389334294447811369e-02 0.000000000000000000e+00 1.336700614640055386e-02 1.724691485465600863e-03
0.000000000000000000e+00 4.849665535452036408e-02 1.304840183520481270e-02 2.332932456293692822e-02 1.446167594261627259e-03
0.000000000000000000e+00 5.332778857220041996e-02 1.507833663182965404e-02 3.643614414807240520e-02 0.000000000000000000e+00
0.000000000000000000e+00 5.663331655737221387e-02 5.998717365287683546e-03 5.390177394900844132e-02 0.000000000000000000e+00
0.000000000000000000e+00 6.333459313477243779e-02 1.592298306001821559e-03 6.678882417435498542e-02 0.000000000000000000e+00
0.000000000000000000e+00 5.036955442821771517e-02 4.493272549975803158e-03 8.674039747749957840e-02 0.000000000000000000e+00
0.000000000000000000e+00 2.722887578176055867e-02 7.519116041367243620e-05 1.056371220829157714e-01 0.000000000000000000e+00
1.045974774270366650e-03 5.666594987086623868e-03 5.233585556606937424e-03 1.163782569719447740e-01 0.000000000000000000e+00
5.046404431567356498e-03 0.000000000000000000e+00 3.024860750517679997e-02 1.270136385300309201e-01 0.000000000000000000e+00
7.608038055598019371e-03 0.000000000000000000e+00 4.795529177795452430e-02 1.111450583401627917e-01 0.000000000000000000e+00
8.054323891426969084e-03 0.000000000000000000e+00 5.231248111349140473e-02 8.264086502441701787e-02 0.000000000000000000e+00
6.957870452964775611e-03 0.000000000000000000e+00 5.976787771466193083e-02 4.369322740492286028e-02 0.000000000000000000e+00
0.000000000000000000e+00 0.000000000000000000e+00 5.768630358320323004e-02 1.929949929467691602e-02 0.000000000000000000e+00
0.000000000000000000e+00 0.000000000000000000e+00 4.624378619373616800e-02 6.190877170884637182e-03 0.000000000000000000e+00
0.000000000000000000e+00 0.000000000000000000e+00 4.614346818827955166e-02 5.649998114906943161e-03 4.303297258392903843e-04
0.000000000000000000e+00 0.000000000000000000e+00 4.702367305629960581e-02 6.062620560545183522e-03 3.459561710511399059e-04
0.000000000000000000e+00 0.000000000000000000e+00 3.785727780019784022e-02 4.486647396402605042e-03 7.543769585779616519e-04
0.000000000000000000e+00 0.000000000000000000e+00 2.336898878649245129e-02 2.947849886907202843e-03 1.161716442490798046e-03
0.000000000000000000e+00 0.000000000000000000e+00 3.212177374320259772e-03 5.661747101373024952e-04 2.207396567069808298e-04
0.000000000000000000e+00 0.000000000000000000e+00 0.000000000000000000e+00 0.000000000000000000e+00 0.000000000000000000e+00
0.000000000000000000e+00 0.000000000000000000e+00 0.000000000000000000e+00 0.000000000000000000e+00 0.000000000000000000e+00
0.000000000000000000e+00 0.000000000000000000e+00 0.000000000000000000e+00 0.000000000000000000e+00 0.000000000000000000e+00
0.000000000000000000e+00 0.000000000000000000e+00 0.000000000000000000e+00 0.000000000000000000e+00 0.000000000000000000e+00
0.000000000000000000e+00 0.000000000000000000e+00 0.000000000000000000e+00 0.000000000000000000e+00 0.000000000000000000e+00
0.000000000000000000e+00 0.000000000000000000e+00 0.000000000000000000e+00 0.000000000000000000e+00 0.000000000000000000e+00
0.000000000000000000e+00 0.000000000000000000e+00 0.000000000000000000e+00 0.000000000000000000e+00 0.000000000000000000e+00
0.000000000000000000e+00 0.000000000000000000e+00 0.000000000000000000e+00 0.000000000000000000e+00 0.000000000000000000e+00
0.000000000000000000e+00 1.200132193838865987e-03 0.000000000000000000e+00 2.956805407830163913e-04 0.000000000000000000e+00
0.000000000000000000e+00 1.113608956390651529e-02 0.000000000000000000e+00 4.541230547319884125e-03 0.000000000000000000e+00
0.000000000000000000e+00 1.077017920780324114e-02 0.000000000000000000e+00 9.154696281155706716e-03 0.000000000000000000e+00
0.000000000000000000e+00 1.163562028145500964e-02 0.000000000000000000e+00 1.553754265668475833e-02 0.000000000000000000e+00
0.000000000000000000e+00 8.393037487009253131e-03 0.000000000000000000e+00 2.601006681596075565e-02 0.000000000000000000e+00
0.000000000000000000e+00 0.000000000000000000e+00 0.000000000000000000e+00 3.942696261497689869e-02 1.016062635479045339e-03
0.000000000000000000e+00 0.000000000000000000e+00 0.000000000000000000e+00 4.556883725894795428e-02 1.682906255034562117e-03
0.000000000000000000e+00 0.000000000000000000e+00 3.097033767324978851e-04 4.471712804961611165e-02 6.781073177848068829e-04
0.000000000000000000e+00 0.000000000000000000e+00 0.000000000000000000e+00 4.415455859256356419e-02 9.478946626418817021e-04
0.000000000000000000e+00 0.000000000000000000e+00 0.000000000000000000e+00 3.876608987462372424e-02 4.527602960761558022e-04
0.000000000000000000e+00 0.000000000000000000e+00 0.000000000000000000e+00 2.391402499014529462e-02 7.404057959536490974e-05
0.000000000000000000e+00 0.000000000000000000e+00 1.082084798678653028e-03 4.577160655929989400e-03 0.000000000000000000e+00
0.000000000000000000e+00 0.000000000000000000e+00 3.581675240605891423e-04 0.000000000000000000e+00 0.000000000000000000e+00
0.000000000000000000e+00 0.000000000000000000e+00 3.581675240605891423e-04 0.000000000000000000e+00 0.000000000000000000e+00
0.000000000000000000e+00 0.000000000000000000e+00 3.653308745418007344e-03 0.000000000000000000e+00 0.000000000000000000e+00
0.000000000000000000e+00 0.000000000000000000e+00 1.511493215093647965e-02 1.153281601997229334e-03 0.000000000000000000e+00
0.000000000000000000e+00 2.900910793380147529e-04 6.581178739790307167e-03 1.511767097953581026e-03 0.000000000000000000e+00
0.000000000000000000e+00 4.497807402469288516e-05 1.073974708572367339e-03 2.408833302107419195e-04 0.000000000000000000e+00
0.000000000000000000e+00 0.000000000000000000e+00 0.000000000000000000e+00 0.000000000000000000e+00 0.000000000000000000e+00
0.000000000000000000e+00 0.000000000000000000e+00 0.000000000000000000e+00 0.000000000000000000e+00 0.000000000000000000e+00
0.000000000000000000e+00 0.000000000000000000e+00 0.000000000000000000e+00 0.000000000000000000e+00 0.000000000000000000e+00
0.000000000000000000e+00 0.000000000000000000e+00 0.000000000000000000e+00 0.000000000000000000e+00 0.000000000000000000e+00
0.000000000000000000e+00 0.000000000000000000e+00 0.000000000000000000e+00 0.000000000000000000e+00 0.000000000000000000e+00
0.000000000000000000e+00 0.000000000000000000e+00 0.000000000000000000e+00 0.000000000000000000e+00 0.000000000000000000e+00
0.000000000000000000e+00 0.000000000000000000e+00 0.000000000000000000e+00 0.000000000000000000e+00 0.000000000000000000e+00
0.000000000000000000e+00 0.000000000000000000e+00 0.000000000000000000e+00 0.000000000000000000e+00 0.000000000000000000e+00
0.000000000000000000e+00 0.000000000000000000e+00 0.000000000000000000e+00 0.000000000000000000e+00 0.000000000000000000e+00
0.000000000000000000e+00 0.000000000000000000e+00 0.000000000000000000e+00 0.000000000000000000e+00 0.000000000000000000e+00
0.000000000000000000e+00 0.000000000000000000e+00 0.000000000000000000e+00 0.000000000000000000e+00 0.000000000000000000e+00
0.000000000000000000e+00 0.000000000000000000e+00 0.000000000000000000e+00 0.000000000000000000e+00 0.000000000000000000e+00
0.000000000000000000e+00 0.000000000000000000e+00 0.000000000000000000e+00 0.000000000000000000e+00 0.000000000000000000e+00
0.000000000000000000e+00 0.000000000000000000e+00 0.000000000000000000e+00 0.000000000000000000e+00 0.000000000000000000e+00
0.000000000000000000e+00 0.000000000000000000e+00 0.000000000000000000e+00 0.000000000000000000e+00 0.000000000000000000e+00
0.000000000000000000e+00 0.000000000000000000e+00 0.000000000000000000e+00 0.000000000000000000e+00 0.000000000000000000e+00
0.000000000000000000e+00 0.000000000000000000e+00 0.000000000000000000e+00 0.000000000000000000e+00 0.000000000000000000e+00
0.000000000000000000e+00 0.000000000000000000e+00 0.000000000000000000e+00 0.000000000000000000e+00 0.000000000000000000e+00
0.000000000000000000e+00 0.000000000000000000e+00 0.000000000000000000e+00 0.000000000000000000e+00 0.000000000000000000e+00
0.000000000000000000e+00 0.000000000000000000e+00 0.000000000000000000e+00 0.000000000000000000e+00 0.000000000000000000e+00
0.000000000000000000e+00 0.000000000000000000e+00 0.000000000000000000e+00 0.000000000000000000e+00 0.000000000000000000e+00
0.000000000000000000e+00 0.000000000000000000e+00 0.000000000000000000e+00 0.000000000000000000e+00 0.000000000000000000e+00
0.000000000000000000e+00 0.000000000000000000e+00 0.000000000000000000e+00 0.000000000000000000e+00 0.000000000000000000e+00
0.000000000000000000e+00 0.000000000000000000e+00 0.000000000000000000e+00 0.000000000000000000e+00 0.000000000000000000e+00
0.000000000000000000e+00 0.000000000000000000e+00 0.000000000000000000e+00 0.000000000000000000e+00 0.000000000000000000e+00
0.000000000000000000e+00 0.000000000000000000e+00 0.000000000000000000e+00 0.000000000000000000e+00 0.000000000000000000e+00
0.000000000000000000e+00 0.000000000000000000e+00 0.000000000000000000e+00 0.000000000000000000e+00 0.000000000000000000e+00
0.000000000000000000e+00 0.000000000000000000e+00 0.000000000000000000e+00 0.000000000000000000e+00 0.000000000000000000e+00
0.000000000000000000e+00 0.000000000000000000e+00 0.000000000000000000e+00 0.000000000000000000e+00 0.000000000000000000e+00
0.000000000000000000e+00 0.000000000000000000e+00 0.000000000000000000e+00 0.000000000000000000e+00 0.000000000000000000e+00
0.000000000000000000e+00 0.000000000000000000e+00 0.000000000000000000e+00 0.000000000000000000e+00 0.000000000000000000e+00
0.000000000000000000e+00 0.000000000000000000e+00 0.000000000000000000e+00 0.000000000000000000e+00 0.000000000000000000e+00
0.000000000000000000e+00 0.000000000000000000e+00 0.000000000000000000e+00 0.000000000000000000e+00 0.000000000000000000e+00
0.000000000000000000e+00 0.000000000000000000e+00 0.000000000000000000e+00 0.000000000000000000e+00 0.000000000000000000e+00
0.000000000000000000e+00 0.000000000000000000e+00 0.000000000000000000e+00 0.000000000000000000e+00 0.000000000000000000e+00
0.000000000000000000e+00 0.000000000000000000e+00 0.000000000000000000e+00 0.000000000000000000e+00 0.000000000000000000e+00
0.000000000000000000e+00 0.000000000000000000e+00 0.000000000000000000e+00 0.000000000000000000e+00 0.000000000000000000e+00
0.000000000000000000e+00 0.000000000000000000e+00 0.000000000000000000e+00 0.000000000000000000e+00 0.000000000000000000e+00
0.000000000000000000e+00 0.000000000000000000e+00 0.000000000000000000e+00 0.000000000000000000e+00 0.000000000000000000e+00
0.000000000000000000e+00 0.000000000000000000e+00 0.000000000000000000e+00 0.000000000000000000e+00 0.000000000000000000e+00
0.000000000000000000e+00 0.000000000000000000e+00 0.000000000000000000e+00 0.000000000000000000e+00 0.000000000000000000e+00
0.000000000000000000e+00 0.000000000000000000e+00 0.000000000000000000e+00 0.000000000000000000e+00 0.000000000000000000e+00
0.000000000000000000e+00 0.000000000000000000e+00 0.000000000000000000e+00 0.000000000000000000e+00 0.000000000000000000e+00
0.000000000000000000e+00 0.000000000000000000e+00 0.000000000000000000e+00 0.000000000000000000e+00 0.000000000000000000e+00
0.000000000000000000e+00 0.000000000000000000e+00 0.000000000000000000e+00 0.000000000000000000e+00 0.000000000000000000e+00
0.000000000000000000e+00 0.000000000000000000e+00 0.000000000000000000e+00 0.000000000000000000e+00 0.000000000000000000e+00
0.000000000000000000e+00 0.000000000000000000e+00 0.000000000000000000e+00 0.000000000000000000e+00 0.000000000000000000e+00
0.000000000000000000e+00 0.000000000000000000e+00 0.000000000000000000e+00 0.000000000000000000e+00 0.000000000000000000e+00
0.000000000000000000e+00 0.000000000000000000e+00 0.000000000000000000e+00 0.000000000000000000e+00 0.000000000000000000e+00
0.000000000000000000e+00 0.000000000000000000e+00 0.000000000000000000e+00 0.000000000000000000e+00 0.000000000000000000e+00
0.000000000000000000e+00 0.000000000000000000e+00 0.000000000000000000e+00 0.000000000000000000e+00 0.000000000000000000e+00
0.000000000000000000e+00 0.000000000000000000e+00 0.000000000000000000e+00 0.000000000000000000e+00 0.000000000000000000e+00
0.000000000000000000e+00 0.000000000000000000e+00 0.000000000000000000e+00 0.000000000000000000e+00 0.000000000000000000e+00
0.000000000000000000e+00 0.000000000000000000e+00 0.000000000000000000e+00 0.000000000000000000e+00 0.000000000000000000e+00
0.000000000000000000e+00 0.000000000000000000e+00 0.000000000000000000e+00 0.000000000000000000e+00 0.000000000000000000e+00
0.000000000000000000e+00 0.000000000000000000e+00 0.000000000000000000e+00 0.000000000000000000e+00 0.000000000000000000e+00
0.000000000000000000e+00 0.000000000000000000e+00 0.000000000000000000e+00 0.000000000000000000e+00 0.000000000000000000e+00
0.000000000000000000e+00 0.000000000000000000e+00 0.000000000000000000e+00 0.000000000000000000e+00 0.000000000000000000e+00
0.000000000000000000e+00 0.000000000000000000e+00 0.000000000000000000e+00 0.000000000000000000e+00 0.000000000000000000e+00
0.000000000000000000e+00 0.000000000000000000e+00 0.000000000000000000e+00 0.000000000000000000e+00 0.000000000000000000e+00
0.000000000000000000e+00 0.000000000000000000e+00 0.000000000000000000e+00 0.000000000000000000e+00 0.000000000000000000e+00
0.000000000000000000e+00 0.000000000000000000e+00 0.000000000000000000e+00 0.000000000000000000e+00 0.000000000000000000e+00
0.000000000000000000e+00 0.000000000000000000e+00 0.000000000000000000e+00 0.000000000000000000e+00 0.000000000000000000e+00
