5674.9498112201690.000000000000000000e+00 0.000000000000000000e+00 0.000000000000000000e+00 0.000000000000000000e+00 0.000000000000000000e+00
0.000000000000000000e+00 0.000000000000000000e+00 0.000000000000000000e+00 0.000000000000000000e+00 0.000000000000000000e+00
0.000000000000000000e+00 0.000000000000000000e+00 0.000000000000000000e+00 0.000000000000000000e+00 0.000000000000000000e+00
0.000000000000000000e+00 0.000000000000000000e+00 0.000000000000000000e+00 0.000000000000000000e+00 0.000000000000000000e+00
0.000000000000000000e+00 0.000000000000000000e+00 0.000000000000000000e+00 0.000000000000000000e+00 0.000000000000000000e+00
0.000000000000000000e+00 0.000000000000000000e+00 0.000000000000000000e+00 0.000000000000000000e+00 0.000000000000000000e+00
0.000000000000000000e+00 0.000000000000000000e+00 0.000000000000000000e+00 0.000000000000000000e+00 0.000000000000000000e+00
0.000000000000000000e+00 0.000000000000000000e+00 0.000000000000000000e+00 0.000000000000000000e+00 0.000000000000000000e+00
0.000000000000000000e+00 0.000000000000000000e+00 0.000000000000000000e+00 0.000000000000000000e+00 0.000000000000000000e+00
0.000000000000000000e+00 0.000000000000000000e+00 0.000000000000000000e+00 0.000000000000000000e+00 0.000000000000000000e+00
0.000000000000000000e+00 0.000000000000000000e+00 0.000000000000000000e+00 0.000000000000000000e+00 0.000000000000000000e+00
0.000000000000000000e+00 0.000000000000000000e+00 0.000000000000000000e+00 0.000000000000000000e+00 0.000000000000000000e+00
0.000000000000000000e+00 0.000000000000000000e+00 0.000000000000000000e+00 0.000000000000000000e+00 0.000000000000000000e+00
0.000000000000000000e+00 0.000000000000000000e+00 0.000000000000000000e+00 0.000000000000000000e+00 0.000000000000000000e+00
0.000000000000000000e+00 0.000000000000000000e+00 0.000000000000000000e+00 0.000000000000000000e+00 0.000000000000000000e+00
0.000000000000000000e+00 0.000000000000000000e+00 0.000000000000000000e+00 0.000000000000000000e+00 0.000000000000000000e+00
0.000000000000000000e+00 0.000000000000000000e+00 0.000000000000000000e+00 0.000000000000000000e+00 0.000000000000000000e+00
0.000000000000000000e+00 0.000000000000000000e+00 0.000000000000000000e+00 0.000000000000000000e+00 0.000000000000000000e+00
0.000000000000000000e+00 0.000000000000000000e+00 0.000000000000000000e+00 0.000000000000000000e+00 0.000000000000000000e+00
0.000000000000000000e+00 0.000000000000000000e+00 0.000000000000000000e+00 0.000000000000000000e+00 0.000000000000000000e+00
0.000000000000000000e+00 0.000000000000000000e+00 0.000000000000000000e+00 0.000000000000000000e+00 0.000000000000000000e+00
0.000000000000000000e+00 0.000000000000000000e+00 0.000000000000000000e+00 0.000000000000000000e+00 0.000000000000000000e+00
0.000000000000000000e+00 0.000000000000000000e+00 0.000000000000000000e+00 0.000000000000000000e+00 0.000000000000000000e+00
0.000000000000000000e+00 0.000000000000000000e+00 0.000000000000000000e+00 0.000000000000000000e+00 0.000000000000000000e+00
0.000000000000000000e+00 0.000000000000000000e+00 0.000000000000000000e+00 0.000000000000000000e+00 0.000000000000000000e+00
0.000000000000000000e+00 0.000000000000000000e+00 0.000000000000000000e+00 0.000000000000000000e+00 0.000000000000000000e+00
0.000000000000000000e+00 0.000000000000000000e+00 0.000000000000000000e+00 0.000000000000000000e+00 0.000000000000000000e+00
0.000000000000000000e+00 0.000000000000000000e+00 0.000000000000000000e+00 0.000000000000000000e+00 0.000000000000000000e+00
0.000000000000000000e+00 0.000000000000000000e+00 0.000000000000000000e+00 0.000000000000000000e+00 0.000000000000000000e+00
0.000000000000000000e+00 0.000000000000000000e+00 0.000000000000000000e+00 0.000000000000000000e+00 0.000000000000000000e+00
0.000000000000000000e+00 0.000000000000000000e+00 0.000000000000000000e+00 0.000000000000000000e+00 0.000000000000000000e+00
0.000000000000000000e+00 0.000000000000000000e+00 0.000000000000000000e+00 0.000000000000000000e+00 0.000000000000000000e+00
0.000000000000000000e+00 0.000000000000000000e+00 0.000000000000000000e+00 0.000000000000000000e+00 0.000000000000000000e+00
0.000000000000000000e+00 0.000000000000000000e+00 0.000000000000000000e+00 0.000000000000000000e+00 0.000000000000000000e+00
0.000000000000000000e+00 0.000000000000000000e+00 0.000000000000000000e+00 0.000000000000000000e+00 0.000000000000000000e+00
0.000000000000000000e+00 0.000000000000000000e+00 0.000000000000000000e+00 0.000000000000000000e+00 0.000000000000000000e+00
0.000000000000000000e+00 0.000000000000000000e+00 0.000000000000000000e+00 0.000000000000000000e+00 0.000000000000000000e+00
0.000000000000000000e+00 0.000000000000000000e+00 0.000000000000000000e+00 0.000000000000000000e+00 0.000000000000000000e+00
0.000000000000000000e+00 0.000000000000000000e+00 0.000000000000000000e+00 0.000000000000000000e+00 0.000000000000000000e+00
0.000000000000000000e+00 0.000000000000000000e+00 0.000000000000000000e+00 0.000000000000000000e+00 0.000000000000000000e+00
0.000000000000000000e+00 0.000000000000000000e+00 0.000000000000000000e+00 0.000000000000000000e+00 0.000000000000000000e+00
0.000000000000000000e+00 0.000000000000000000e+00 0.000000000000000000e+00 0.000000000000000000e+00 0.000000000000000000e+00
0.000000000000000000e+00 0.000000000000000000e+00 0.000000000000000000e+00 0.000000000000000000e+00 0.000000000000000000e+00
0.000000000000000000e+00 0.000000000000000000e+00 0.000000000000000000e+00 0.000000000000000000e+00 0.000000000000000000e+00
0.000000000000000000e+00 0.000000000000000000e+00 0.000000000000000000e+00 0.000000000000000000e+00 0.000000000000000000e+00
0.000000000000000000e+00 0.000000000000000000e+00 0.000000000000000000e+00 0.000000000000000000e+00 0.000000000000000000e+00
0.000000000000000000e+00 0.000000000000000000e+00 0.000000000000000000e+00 0.000000000000000000e+00 0.000000000000000000e+00
0.000000000000000000e+00 0.000000000000000000e+00 0.000000000000000000e+00 0.000000000000000000e+00 0.000000000000000000e+00
0.000000000000000000e+00 0.000000000000000000e+00 0.000000000000000000e+00 0.000000000000000000e+00 0.000000000000000000e+00
0.000000000000000000e+00 0.000000000000000000e+00 0.000000000000000000e+00 0.000000000000000000e+00 0.000000000000000000e+00
0.000000000000000000e+00 0.000000000000000000e+00 0.000000000000000000e+00 0.000000000000000000e+00 0.000000000000000000e+00
0.000000000000000000e+00 0.000000000000000000e+00 0.000000000000000000e+00 0.000000000000000000e+00 0.000000000000000000e+00
0.000000000000000000e+00 0.000000000000000000e+00 0.000000000000000000e+00 0.000000000000000000e+00 0.000000000000000000e+00
0.000000000000000000e+00 0.000000000000000000e+00 0.000000000000000000e+00 0.000000000000000000e+00 0.000000000000000000e+00
0.000000000000000000e+00 0.000000000000000000e+00 0.000000000000000000e+00 0.000000000000000000e+00 0.000000000000000000e+00
0.000000000000000000e+00 0.000000000000000000e+00 0.000000000000000000e+00 0.000000000000000000e+00 0.000000000000000000e+00
0.000000000000000000e+00 0.000000000000000000e+00 0.000000000000000000e+00 0.000000000000000000e+00 0.000000000000000000e+00
0.000000000000000000e+00 0.000000000000000000e+00 0.000000000000000000e+00 0.000000000000000000e+00 0.000000000000000000e+00
0.000000000000000000e+00 0.000000000000000000e+00 0.000000000000000000e+00 0.000000000000000000e+00 0.000000000000000000e+00
0.000000000000000000e+00 0.000000000000000000e+00 0.000000000000000000e+00 0.000000000000000000e+00 0.000000000000000000e+00
0.000000000000000000e+00 0.000000000000000000e+00 0.000000000000000000e+00 0.000000000000000000e+00 0.000000000000000000e+00
0.000000000000000000e+00 0.000000000000000000e+00 0.000000000000000000e+00 0.000000000000000000e+00 0.000000000000000000e+00
0.000000000000000000e+00 0.000000000000000000e+00 0.000000000000000000e+00 0.000000000000000000e+00 0.000000000000000000e+00
0.000000000000000000e+00 0.000000000000000000e+00 0.000000000000000000e+00 0.000000000000000000e+00 0.000000000000000000e+00
0.000000000000000000e+00 0.000000000000000000e+00 0.000000000000000000e+00 0.000000000000000000e+00 0.000000000000000000e+00
0.000000000000000000e+00 0.000000000000000000e+00 0.000000000000000000e+00 0.000000000000000000e+00 0.000000000000000000e+00
0.000000000000000000e+00 0.000000000000000000e+00 0.000000000000000000e+00 0.000000000000000000e+00 0.000000000000000000e+00
0.000000000000000000e+00 0.000000000000000000e+00 0.000000000000000000e+00 0.000000000000000000e+00 0.000000000000000000e+00
0.000000000000000000e+00 5.251457667821146240e-06 0.000000000000000000e+00 1.072963762743755600e-04 4.331227538237939895e-06
0.000000000000000000e+00 0.000000000000000000e+00 0.000000000000000000e+00 2.805321610596879425e-04 4.594525099329481400e-05
0.000000000000000000e+00 0.000000000000000000e+00 0.000000000000000000e+00 5.062392523260195783e-04 1.790527661420476910e-04
0.000000000000000000e+00 0.000000000000000000e+00 0.000000000000000000e+00 4.624609594578342410e-04 2.595227811311512844e-04
0.000000000000000000e+00 0.000000000000000000e+00 0.000000000000000000e+00 4.230082441706211672e-04 2.225628604154993072e-04
0.000000000000000000e+00 0.000000000000000000e+00 0.000000000000000000e+00 3.095372540548327008e-04 7.331568166695035600e-05
0.000000000000000000e+00 7.894147881885787338e-07 0.000000000000000000e+00 2.159386172571307555e-05 0.000000000000000000e+00
7.585276608869687912e-05 0.000000000000000000e+00 0.000000000000000000e+00 3.884782481140740349e-04 7.744758011117888047e-05
5.935752390524728391e-05 0.000000000000000000e+00 0.000000000000000000e+00 3.090180734771325695e-04 9.930316718738895453e-05
5.580286839000706396e-06 0.000000000000000000e+00 0.000000000000000000e+00 1.376558171655192613e-04 7.495155924647143285e-05
5.445657048421083218e-06 0.000000000000000000e+00 0.000000000000000000e+00 1.444993664819825378e-04 7.803022676201432745e-05
0.000000000000000000e+00 0.000000000000000000e+00 0.000000000000000000e+00 0.000000000000000000e+00 0.000000000000000000e+00
0.000000000000000000e+00 0.000000000000000000e+00 0.000000000000000000e+00 0.000000000000000000e+00 0.000000000000000000e+00
0.000000000000000000e+00 0.000000000000000000e+00 0.000000000000000000e+00 0.000000000000000000e+00 0.000000000000000000e+00
0.000000000000000000e+00 0.000000000000000000e+00 0.000000000000000000e+00 0.000000000000000000e+00 0.000000000000000000e+00
0.000000000000000000e+00 0.000000000000000000e+00 0.000000000000000000e+00 0.000000000000000000e+00 0.000000000000000000e+00
0.000000000000000000e+00 0.000000000000000000e+00 0.000000000000000000e+00 0.000000000000000000e+00 0.000000000000000000e+00
0.000000000000000000e+00 0.000000000000000000e+00 0.000000000000000000e+00 0.000000000000000000e+00 0.000000000000000000e+00
0.000000000000000000e+00 0.000000000000000000e+00 0.000000000000000000e+00 0.000000000000000000e+00 0.000000000000000000e+00
0.000000000000000000e+00 0.000000000000000000e+00 0.000000000000000000e+00 0.000000000000000000e+00 0.000000000000000000e+00
0.000000000000000000e+00 0.000000000000000000e+00 0.000000000000000000e+00 0.000000000000000000e+00 0.000000000000000000e+00
0.000000000000000000e+00 0.000000000000000000e+00 0.000000000000000000e+00 0.000000000000000000e+00 0.000000000000000000e+00
0.000000000000000000e+00 0.000000000000000000e+00 0.000000000000000000e+00 5.916607020665326462e-06 2.878668854378878638e-05
0.000000000000000000e+00 0.000000000000000000e+00 0.000000000000000000e+00 5.216039933355148491e-05 2.418372580265190782e-04
0.000000000000000000e+00 0.000000000000000000e+00 0.000000000000000000e+00 7.397476448240728982e-05 3.023206463242313503e-04
0.000000000000000000e+00 0.000000000000000000e+00 5.759463236277848535e-06 5.132944704137168998e-05 2.052606794287984023e-04
3.750450410069168950e-05 2.759901620355392817e-05 0.000000000000000000e+00 0.000000000000000000e+00 5.249414149857358764e-06
1.344263627890760057e-04 0.000000000000000000e+00 0.000000000000000000e+00 1.896720569862387761e-04 2.061105703679412895e-04
4.337021445259977529e-05 0.000000000000000000e+00 0.000000000000000000e+00 8.876531611313340448e-04 5.135064717761051063e-04
0.000000000000000000e+00 0.000000000000000000e+00 0.000000000000000000e+00 1.273105827746765081e-03 4.381627434315710484e-04
0.000000000000000000e+00 0.000000000000000000e+00 0.000000000000000000e+00 2.424986507170676618e-03 4.000294196758374184e-04
0.000000000000000000e+00 0.000000000000000000e+00 6.147792373997327425e-05 2.838951305857856117e-03 4.640409929694025936e-04
0.000000000000000000e+00 0.000000000000000000e+00 7.771068345551362163e-04 3.089144706212638546e-03 5.571940436622051501e-04
0.000000000000000000e+00 0.000000000000000000e+00 7.685401694565813192e-04 2.691765469399931294e-03 2.025591727116963137e-04
0.000000000000000000e+00 0.000000000000000000e+00 1.099475101191791640e-03 2.747131821592011316e-03 4.951860582281023514e-05
0.000000000000000000e+00 0.000000000000000000e+00 1.026944911063208964e-04 3.867751945717678216e-03 6.415020505895181009e-04
0.000000000000000000e+00 0.000000000000000000e+00 0.000000000000000000e+00 3.756028855367475432e-03 1.152951635973632196e-03
0.000000000000000000e+00 1.386844293784199474e-04 0.000000000000000000e+00 2.659027545480258190e-03 9.448043357996100582e-04
0.000000000000000000e+00 4.516067651014329595e-04 0.000000000000000000e+00 1.638194081067350033e-03 7.219479588217744912e-04
0.000000000000000000e+00 4.193148837504675043e-04 0.000000000000000000e+00 1.141125284329814462e-03 5.804880036738872470e-04
1.809908499132976723e-05 1.579382826919944246e-04 0.000000000000000000e+00 3.535495044068130699e-04 2.369140992281433501e-04
0.000000000000000000e+00 6.697316620600267986e-05 0.000000000000000000e+00 0.000000000000000000e+00 3.437128435586661211e-05
0.000000000000000000e+00 0.000000000000000000e+00 0.000000000000000000e+00 0.000000000000000000e+00 0.000000000000000000e+00
0.000000000000000000e+00 0.000000000000000000e+00 0.000000000000000000e+00 0.000000000000000000e+00 0.000000000000000000e+00
0.000000000000000000e+00 0.000000000000000000e+00 0.000000000000000000e+00 0.000000000000000000e+00 0.000000000000000000e+00
0.000000000000000000e+00 0.000000000000000000e+00 0.000000000000000000e+00 0.000000000000000000e+00 0.000000000000000000e+00
0.000000000000000000e+00 0.000000000000000000e+00 0.000000000000000000e+00 0.000000000000000000e+00 0.000000000000000000e+00
0.000000000000000000e+00 0.000000000000000000e+00 0.000000000000000000e+00 0.000000000000000000e+00 0.000000000000000000e+00
0.000000000000000000e+00 0.000000000000000000e+00 0.000000000000000000e+00 7.570111467780708510e-05 3.150725896616036787e-04
0.000000000000000000e+00 0.000000000000000000e+00 8.778289087210768601e-05 1.754565028977647407e-04 9.986902572036251459e-04
0.000000000000000000e+00 0.000000000000000000e+00 5.113786255763872910e-04 7.669519898588016517e-05 1.357857617729831771e-03
0.000000000000000000e+00 0.000000000000000000e+00 2.180704463140066985e-04 2.759660339825013766e-04 2.727735416673348831e-03
0.000000000000000000e+00 0.000000000000000000e+00 0.000000000000000000e+00 5.935710150095040421e-04 5.093931744755344528e-03
0.000000000000000000e+00 0.000000000000000000e+00 0.000000000000000000e+00 1.009844415698296508e-03 6.282902199390053878e-03
1.766838716453030542e-03 0.000000000000000000e+00 0.000000000000000000e+00 1.868257530892343662e-03 5.962110958406294930e-03
2.363347684750499809e-03 0.000000000000000000e+00 0.000000000000000000e+00 5.347766830327498923e-03 5.069365961975375381e-03
2.067853411188038618e-03 0.000000000000000000e+00 0.000000000000000000e+00 7.472174327203775189e-03 4.149220419302105528e-03
8.580102956064000145e-04 0.000000000000000000e+00 0.000000000000000000e+00 9.552461177457578084e-03 2.059485308210906238e-03
0.000000000000000000e+00 0.000000000000000000e+00 0.000000000000000000e+00 1.221348531663084963e-02 7.272587050699155873e-04
0.000000000000000000e+00 0.000000000000000000e+00 4.465391792671930676e-03 1.425919808987511847e-02 2.180044361707104115e-04
0.000000000000000000e+00 0.000000000000000000e+00 1.144927293414765151e-02 1.653031707883055590e-02 4.078495095845309894e-04
0.000000000000000000e+00 0.000000000000000000e+00 1.300563782048073415e-02 1.889855431457839602e-02 1.570429958380962620e-03
0.000000000000000000e+00 0.000000000000000000e+00 8.677736099085226265e-03 2.168450086115995823e-02 2.803229844596274827e-03
1.908771295247374804e-03 0.000000000000000000e+00 2.262577431240759185e-04 2.247736172775773381e-02 3.500567410787625271e-03
2.588034176362288830e-03 1.577415976439302875e-03 0.000000000000000000e+00 2.008240137820859611e-02 5.130478841631838823e-03
1.498512885203834950e-03 5.279700931608107516e-03 0.000000000000000000e+00 1.412735030891133260e-02 6.301440298070102621e-03
0.000000000000000000e+00 7.553541520568947745e-03 0.000000000000000000e+00 8.741171741709963250e-03 5.835154156080139647e-03
0.000000000000000000e+00 6.262878172956054361e-03 0.000000000000000000e+00 4.238603092249670218e-03 4.303170882485285627e-03
0.000000000000000000e+00 3.017325045968307674e-03 0.000000000000000000e+00 1.516388594484601544e-03 1.683656800532472081e-03
0.000000000000000000e+00 4.806960977272496530e-04 0.000000000000000000e+00 0.000000000000000000e+00 2.729071291479516319e-04
0.000000000000000000e+00 5.076564212936539268e-05 0.000000000000000000e+00 3.349946475261873308e-05 1.674212388067050237e-05
0.000000000000000000e+00 0.000000000000000000e+00 0.000000000000000000e+00 0.000000000000000000e+00 0.000000000000000000e+00
0.000000000000000000e+00 0.000000000000000000e+00 0.000000000000000000e+00 0.000000000000000000e+00 0.000000000000000000e+00
0.000000000000000000e+00 0.000000000000000000e+00 0.000000000000000000e+00 0.000000000000000000e+00 0.000000000000000000e+00
0.000000000000000000e+00 0.000000000000000000e+00 0.000000000000000000e+00 0.000000000000000000e+00 0.000000000000000000e+00
0.000000000000000000e+00 0.000000000000000000e+00 3.366903297283894931e-05 8.069691475681623524e-05 2.187863681844624396e-04
0.000000000000000000e+00 0.000000000000000000e+00 6.403660622000303514e-04 2.771844019139683957e-04 2.146638561070853164e-03
0.000000000000000000e+00 0.000000000000000000e+00 2.459101446083595405e-03 2.371421231803903676e-04 6.144758228206041034e-03
0.000000000000000000e+00 0.000000000000000000e+00 4.522536980662412130e-03 0.000000000000000000e+00 1.284111323531808048e-02
0.000000000000000000e+00 0.000000000000000000e+00 5.968427934783850260e-03 0.000000000000000000e+00 1.796422833704481442e-02
0.000000000000000000e+00 0.000000000000000000e+00 7.130466231488274097e-03 0.000000000000000000e+00 2.379925070691120761e-02
6.401908967507805200e-03 0.000000000000000000e+00 5.044820201253344058e-03 0.000000000000000000e+00 2.630797892000659097e-02
1.920228594385914658e-02 0.000000000000000000e+00 0.000000000000000000e+00 0.000000000000000000e+00 2.059101206128484407e-02
2.588076553911910008e-02 0.000000000000000000e+00 0.000000000000000000e+00 9.819407116295291588e-03 1.349941171718781890e-02
2.178370364351561381e-02 0.000000000000000000e+00 0.000000000000000000e+00 1.958144769675936384e-02 6.775404215125148226e-03
1.027001931524189858e-02 2.543920873391457976e-03 0.000000000000000000e+00 3.083872729022174922e-02 9.951203184382041364e-04
1.663106635661569630e-04 1.662838640319550020e-03 0.000000000000000000e+00 3.590402333274860663e-02 0.000000000000000000e+00
0.000000000000000000e+00 0.000000000000000000e+00 1.916313942150694311e-02 3.656919443901883449e-02 0.000000000000000000e+00
0.000000000000000000e+00 0.000000000000000000e+00 5.073767881565643956e-02 3.811318583659904086e-02 0.000000000000000000e+00
0.000000000000000000e+00 0.000000000000000000e+00 6.537059612950643639e-02 4.251729209693522887e-02 4.656756203184172680e-04
4.834075966066832611e-03 0.000000000000000000e+00 5.046204298807539096e-02 4.181525329469931024e-02 3.911647496917816658e-03
2.101532178189367481e-02 2.938076476090547163e-03 1.080454512012214534e-02 3.571320589619936953e-02 7.729356337531500740e-03
2.636501007004472472e-02 1.978834283899482197e-02 0.000000000000000000e+00 2.563052049632291718e-02 1.284847498404105559e-02
1.664879964358642606e-02 3.441534964586189654e-02 0.000000000000000000e+00 1.227364306192504743e-02 1.687960329681563454e-02
5.890163337877496290e-03 3.877362656256726214e-02 0.000000000000000000e+00 3.829896931749084740e-03 1.837843306973158466e-02
0.000000000000000000e+00 3.131873898569981218e-02 0.000000000000000000e+00 4.031208766190970036e-04 1.375317233967528370e-02
0.000000000000000000e+00 1.469600503420003500e-02 0.000000000000000000e+00 0.000000000000000000e+00 5.920058558808327480e-03
0.000000000000000000e+00 3.134808321299353655e-03 0.000000000000000000e+00 0.000000000000000000e+00 7.705285132993321085e-04
1.710769972838334295e-05 1.979110624555957044e-04 0.000000000000000000e+00 0.000000000000000000e+00 6.386749654383697562e-05
0.000000000000000000e+00 0.000000000000000000e+00 0.000000000000000000e+00 0.000000000000000000e+00 0.000000000000000000e+00
0.000000000000000000e+00 0.000000000000000000e+00 0.000000000000000000e+00 0.000000000000000000e+00 0.000000000000000000e+00
0.000000000000000000e+00 0.000000000000000000e+00 0.000000000000000000e+00 0.000000000000000000e+00 0.000000000000000000e+00
0.000000000000000000e+00 0.000000000000000000e+00 0.000000000000000000e+00 0.000000000000000000e+00 0.000000000000000000e+00
0.000000000000000000e+00 0.000000000000000000e+00 4.121011193792169106e-04 1.765543197065969140e-05 8.718913010740881502e-04
0.000000000000000000e+00 0.000000000000000000e+00 3.060894377555448912e-03 0.000000000000000000e+00 5.400258065514807783e-03
0.000000000000000000e+00 0.000000000000000000e+00 7.042621177435250297e-03 0.000000000000000000e+00 1.317628504676439209e-02
0.000000000000000000e+00 0.000000000000000000e+00 1.316236286978201935e-02 0.000000000000000000e+00 2.458956804454499531e-02
0.000000000000000000e+00 0.000000000000000000e+00 1.876466771093895231e-02 0.000000000000000000e+00 3.832824269920720450e-02
0.000000000000000000e+00 0.000000000000000000e+00 2.367024843912945292e-02 0.000000000000000000e+00 4.692764951622122038e-02
2.354616882023927854e-02 0.000000000000000000e+00 1.643980667754139230e-02 0.000000000000000000e+00 4.695489735703244766e-02
5.622015894730440083e-02 0.000000000000000000e+00 0.000000000000000000e+00 0.000000000000000000e+00 3.250921040312554355e-02
6.781576941267315750e-02 3.952359736923779935e-04 0.000000000000000000e+00 7.756118552259231615e-03 1.530425875824421335e-02
5.003060975059273052e-02 1.421336409458069487e-02 0.000000000000000000e+00 2.936844493748626272e-02 4.040711380696383054e-03
1.953806707449783769e-02 2.193629300949137551e-02 0.000000000000000000e+00 4.800378293340478580e-02 0.000000000000000000e+00
0.000000000000000000e+00 1.390608481034338352e-02 8.650380402875538317e-04 5.580948950870404102e-02 0.000000000000000000e+00
0.000000000000000000e+00 0.000000000000000000e+00 3.900794107739598976e-02 5.419505809014825426e-02 0.000000000000000000e+00
0.000000000000000000e+00 0.000000000000000000e+00 8.857032758436909903e-02 5.278859924457943165e-02 0.000000000000000000e+00
0.000000000000000000e+00 0.000000000000000000e+00 1.186928715257631189e-01 5.168135500762998519e-02 0.000000000000000000e+00
1.826275378761216955e-02 0.000000000000000000e+00 8.863068956926273279e-02 4.831124807775458857e-02 5.700363756643668685e-03
4.758372251131270936e-02 1.574279917913961810e-02 1.078722128510703482e-02 3.774590871191417507e-02 1.782104707134756980e-02
4.986628121859212198e-02 4.349744084202313704e-02 0.000000000000000000e+00 2.113875666754935073e-02 2.746532048810271590e-02
3.117564752376353332e-02 6.455855212364182416e-02 0.000000000000000000e+00 2.967816098885999072e-03 3.396694307727536610e-02
1.274493433980042160e-02 6.558842795588760988e-02 0.000000000000000000e+00 0.000000000000000000e+00 3.187517034662411958e-02
2.460542777906567745e-03 4.842884763872896264e-02 0.000000000000000000e+00 0.000000000000000000e+00 2.372644302080373704e-02
0.000000000000000000e+00 2.341415570507847377e-02 0.000000000000000000e+00 0.000000000000000000e+00 9.732068156654120200e-03
0.000000000000000000e+00 5.483412925071353729e-03 0.000000000000000000e+00 0.000000000000000000e+00 1.117435767573822167e-03
0.000000000000000000e+00 7.257086491554293195e-04 1.051757657124385322e-04 0.000000000000000000e+00 4.794474751507024266e-05
0.000000000000000000e+00 0.000000000000000000e+00 0.000000000000000000e+00 0.000000000000000000e+00 0.000000000000000000e+00
0.000000000000000000e+00 0.000000000000000000e+00 0.000000000000000000e+00 0.000000000000000000e+00 0.000000000000000000e+00
0.000000000000000000e+00 0.000000000000000000e+00 0.000000000000000000e+00 0.000000000000000000e+00 0.000000000000000000e+00
0.000000000000000000e+00 0.000000000000000000e+00 0.000000000000000000e+00 0.000000000000000000e+00 0.000000000000000000e+00
0.000000000000000000e+00 1.134192717232999777e-05 8.536415065679294574e-04 0.000000000000000000e+00 1.399587006579839418e-03
0.000000000000000000e+00 0.000000000000000000e+00 5.049094407513328268e-03 0.000000000000000000e+00 7.797014987720166622e-03
0.000000000000000000e+00 0.000000000000000000e+00 1.203573954272984387e-02 0.000000000000000000e+00 2.152331478726621575e-02
0.000000000000000000e+00 0.000000000000000000e+00 2.077380321573224151e-02 0.000000000000000000e+00 3.751960539538049672e-02
0.000000000000000000e+00 0.000000000000000000e+00 2.944951465390371892e-02 0.000000000000000000e+00 5.770520178150858465e-02
5.825584447785275843e-03 0.000000000000000000e+00 3.552564493073055024e-02 0.000000000000000000e+00 7.169953374198637097e-02
5.068767910101323187e-02 0.000000000000000000e+00 2.456702553101117875e-02 0.000000000000000000e+00 6.263584262504971745e-02
9.507334182047166848e-02 6.153986846344405761e-04 0.000000000000000000e+00 0.000000000000000000e+00 3.673509651570228823e-02
9.895825929002607935e-02 2.189543246349068967e-02 0.000000000000000000e+00 5.701697805837879426e-03 1.112596246488639813e-02
5.962037020113271357e-02 4.238934903327511161e-02 0.000000000000000000e+00 4.166157076385673674e-02 0.000000000000000000e+00
1.442929903146918796e-02 4.530711653614024476e-02 0.000000000000000000e+00 6.870575167851565579e-02 0.000000000000000000e+00
0.000000000000000000e+00 2.497845737538863936e-02 7.469033477977127418e-03 7.509451314896493923e-02 0.000000000000000000e+00
0.000000000000000000e+00 0.000000000000000000e+00 5.656271894278078194e-02 6.464639687401022017e-02 0.000000000000000000e+00
0.000000000000000000e+00 0.000000000000000000e+00 1.229383804200000208e-01 5.840539972928213142e-02 0.000000000000000000e+00
0.000000000000000000e+00 0.000000000000000000e+00 1.604101760179174052e-01 5.420128971015390762e-02 0.000000000000000000e+00
3.279079644836915136e-02 0.000000000000000000e+00 1.047266922676604595e-01 5.265032486119377436e-02 8.389552596800627787e-03
6.781749448881005393e-02 3.437889961545203404e-02 0.000000000000000000e+00 3.545189141530109833e-02 2.987068744965507353e-02
6.335667499535678482e-02 6.815221716574752786e-02 0.000000000000000000e+00 1.100008568762944269e-02 4.824565083529634701e-02
3.679206509841240202e-02 8.518854764050430572e-02 0.000000000000000000e+00 0.000000000000000000e+00 5.318264781202414887e-02
1.559438646786485451e-02 7.537529443038422372e-02 0.000000000000000000e+00 0.000000000000000000e+00 4.452300553622322299e-02
4.484761035679334790e-03 4.853755662898182055e-02 0.000000000000000000e+00 0.000000000000000000e+00 2.690071976359964881e-02
2.302659827201509538e-05 2.078871751835957224e-02 0.000000000000000000e+00 0.000000000000000000e+00 9.373439314747222112e-03
0.000000000000000000e+00 5.259400962899815450e-03 0.000000000000000000e+00 5.002125868606308251e-04 1.207667758756677222e-03
0.000000000000000000e+00 7.776868490336609572e-04 0.000000000000000000e+00 1.482963879303592135e-04 4.997592131087608868e-05
0.000000000000000000e+00 0.000000000000000000e+00 0.000000000000000000e+00 0.000000000000000000e+00 0.000000000000000000e+00
0.000000000000000000e+00 0.000000000000000000e+00 0.000000000000000000e+00 0.000000000000000000e+00 0.000000000000000000e+00
0.000000000000000000e+00 0.000000000000000000e+00 0.000000000000000000e+00 0.000000000000000000e+00 0.000000000000000000e+00
0.000000000000000000e+00 0.000000000000000000e+00 1.238070180890148261e-04 0.000000000000000000e+00 5.958149180525162486e-05
0.000000000000000000e+00 1.727694748525853045e-05 1.601477090055182951e-03 0.000000000000000000e+00 1.937464993494009786e-03
0.000000000000000000e+00 0.000000000000000000e+00 6.982115074551212969e-03 0.000000000000000000e+00 1.125695859364857741e-02
0.000000000000000000e+00 0.000000000000000000e+00 1.486757202083949236e-02 0.000000000000000000e+00 2.704702929989439772e-02
0.000000000000000000e+00 0.000000000000000000e+00 2.712046461409712075e-02 0.000000000000000000e+00 4.865530595686335530e-02
0.000000000000000000e+00 0.000000000000000000e+00 4.019246111535387106e-02 0.000000000000000000e+00 7.618477430724619748e-02
1.814021160787664122e-02 0.000000000000000000e+00 4.596536340136179316e-02 0.000000000000000000e+00 8.773323315383427246e-02
8.288924599402001936e-02 0.000000000000000000e+00 2.424867222728734409e-02 0.000000000000000000e+00 6.807446324990004682e-02
1.281908631418027800e-01 1.929513592959413229e-02 0.000000000000000000e+00 0.000000000000000000e+00 3.017715374499961925e-02
1.055714444627411513e-01 5.239127385181011065e-02 0.000000000000000000e+00 1.946802622118214143e-02 2.533161818353789167e-03
4.390248632793036093e-02 7.174156796764567801e-02 0.000000000000000000e+00 6.889076845953387429e-02 0.000000000000000000e+00
0.000000000000000000e+00 6.066256835488895161e-02 0.000000000000000000e+00 9.356470708675401760e-02 0.000000000000000000e+00
0.000000000000000000e+00 2.911906708328959592e-02 2.036335596364186387e-02 8.263398397916306426e-02 0.000000000000000000e+00
0.000000000000000000e+00 0.000000000000000000e+00 7.122786232762895464e-02 6.468065094344785382e-02 0.000000000000000000e+00
0.000000000000000000e+00 0.000000000000000000e+00 1.477002334214762569e-01 5.692255459004469387e-02 0.000000000000000000e+00
1.198521891498051297e-03 0.000000000000000000e+00 1.848496334840516175e-01 5.640760079284840023e-02 0.000000000000000000e+00
4.878845445927423169e-02 1.207634637052702568e-02 9.898829847851264851e-02 5.475524192937755719e-02 1.433247193532663846e-02
8.197056808893438129e-02 5.669936107790404800e-02 0.000000000000000000e+00 2.991626042987160367e-02 4.932728394485833001e-02
6.951879534939174599e-02 9.150804909149910793e-02 0.000000000000000000e+00 0.000000000000000000e+00 7.085282217156939344e-02
3.563769690540088964e-02 9.147897897051121552e-02 0.000000000000000000e+00 0.000000000000000000e+00 6.975348036753280245e-02
1.477876346920133088e-02 6.603677718285044795e-02 0.000000000000000000e+00 0.000000000000000000e+00 4.964549869168082691e-02
4.998724557655334633e-03 3.477957742046045020e-02 0.000000000000000000e+00 0.000000000000000000e+00 2.387149986095555079e-02
1.259487790549379050e-04 1.294299465470559810e-02 0.000000000000000000e+00 1.022751339005305510e-03 5.947935028458617088e-03
0.000000000000000000e+00 3.331165933243178563e-03 0.000000000000000000e+00 1.219038008042330236e-03 8.004615738489936384e-04
0.000000000000000000e+00 5.133131991038239732e-04 0.000000000000000000e+00 3.160810160105549270e-04 5.345737477410807565e-05
0.000000000000000000e+00 0.000000000000000000e+00 0.000000000000000000e+00 0.000000000000000000e+00 0.000000000000000000e+00
0.000000000000000000e+00 0.000000000000000000e+00 0.000000000000000000e+00 0.000000000000000000e+00 0.000000000000000000e+00
0.000000000000000000e+00 0.000000000000000000e+00 0.000000000000000000e+00 0.000000000000000000e+00 0.000000000000000000e+00
0.000000000000000000e+00 0.000000000000000000e+00 1.347311667439271999e-04 0.000000000000000000e+00 6.483868225865681517e-05
0.000000000000000000e+00 5.298440140548544257e-05 1.505363629994697265e-03 0.000000000000000000e+00 2.034265566308683919e-03
0.000000000000000000e+00 0.000000000000000000e+00 7.262440444878223884e-03 0.000000000000000000e+00 1.198193610299098065e-02
0.000000000000000000e+00 0.000000000000000000e+00 1.534845491735572533e-02 0.000000000000000000e+00 3.192274222422862573e-02
0.000000000000000000e+00 0.000000000000000000e+00 2.930969558974013192e-02 0.000000000000000000e+00 5.948576228293100954e-02
0.000000000000000000e+00 0.000000000000000000e+00 4.467910674153468403e-02 0.000000000000000000e+00 9.208016567178037293e-02
3.749613062862928309e-02 0.000000000000000000e+00 4.692671026624026936e-02 0.000000000000000000e+00 9.889990346728864956e-02
1.144170979850007430e-01 1.091481351286230188e-02 1.647089655697880559e-02 0.000000000000000000e+00 6.553917553895738379e-02
1.410205494848018049e-01 4.717133006264246503e-02 0.000000000000000000e+00 0.000000000000000000e+00 1.696368617247776336e-02
8.742781363316079468e-02 8.105131332455611792e-02 0.000000000000000000e+00 5.303218213888916815e-02 0.000000000000000000e+00
1.575929926252315691e-02 8.727246754692562225e-02 0.000000000000000000e+00 1.029783878765897220e-01 0.000000000000000000e+00
0.000000000000000000e+00 5.770161085912331456e-02 1.107264627409440191e-02 1.069352814141921876e-01 0.000000000000000000e+00
0.000000000000000000e+00 2.055609496593978694e-02 3.149666800417441626e-02 7.369006395003104004e-02 0.000000000000000000e+00
0.000000000000000000e+00 0.000000000000000000e+00 8.114423803849975247e-02 5.433845612214381615e-02 0.000000000000000000e+00
0.000000000000000000e+00 0.000000000000000000e+00 1.709082345698190175e-01 5.217890363683132249e-02 0.000000000000000000e+00
1.224517204639943499e-02 0.000000000000000000e+00 1.950956967232483352e-01 6.035164643725823147e-02 0.000000000000000000e+00
6.836435964655557251e-02 3.505076705283854954e-02 7.751769411019140965e-02 5.118009589234061296e-02 2.346829687210553322e-02
9.025090212065256523e-02 8.166680555102637240e-02 0.000000000000000000e+00 1.934033993586081399e-02 7.438113263727634539e-02
6.661023032331214733e-02 1.007305117026243008e-01 0.000000000000000000e+00 0.000000000000000000e+00 9.214395324504881524e-02
2.849384895189955094e-02 8.059289966208478539e-02 0.000000000000000000e+00 0.000000000000000000e+00 7.798008717245356880e-02
1.146277560317490729e-02 4.732099291906734922e-02 0.000000000000000000e+00 0.000000000000000000e+00 4.616713042836786268e-02
3.579343008800649033e-03 1.875671350948521221e-02 0.000000000000000000e+00 5.459116103508684231e-04 1.637783148687422044e-02
1.925972246040171063e-04 5.414652043874832420e-03 0.000000000000000000e+00 2.013901857526485383e-03 3.001453360101995812e-03
0.000000000000000000e+00 1.342703917427828146e-03 0.000000000000000000e+00 8.645547890026918656e-04 5.103793826206516745e-04
0.000000000000000000e+00 1.775844676100406402e-04 0.000000000000000000e+00 2.228101345279428656e-04 1.850669199763944959e-05
0.000000000000000000e+00 0.000000000000000000e+00 0.000000000000000000e+00 0.000000000000000000e+00 0.000000000000000000e+00
0.000000000000000000e+00 0.000000000000000000e+00 0.000000000000000000e+00 0.000000000000000000e+00 0.000000000000000000e+00
0.000000000000000000e+00 0.000000000000000000e+00 0.000000000000000000e+00 0.000000000000000000e+00 0.000000000000000000e+00
0.000000000000000000e+00 0.000000000000000000e+00 1.478459998011910203e-04 0.000000000000000000e+00 7.315251820986024326e-05
0.000000000000000000e+00 7.782542327237494846e-05 1.668750961789602699e-03 0.000000000000000000e+00 2.240372842767112630e-03
0.000000000000000000e+00 0.000000000000000000e+00 8.274174997083312208e-03 0.000000000000000000e+00 1.347589315796905718e-02
0.000000000000000000e+00 0.000000000000000000e+00 1.592694653121972184e-02 0.000000000000000000e+00 3.736028869270921482e-02
0.000000000000000000e+00 0.000000000000000000e+00 2.776690428434305802e-02 0.000000000000000000e+00 7.335368542108695877e-02
2.763120290285493979e-03 0.000000000000000000e+00 3.926115100126159607e-02 0.000000000000000000e+00 1.083264726424304908e-01
6.534891847553843391e-02 5.244358264886624967e-03 3.784150323489966772e-02 0.000000000000000000e+00 1.062016769745294381e-01
1.362073026511541607e-01 3.561339524557048664e-02 1.102230813257957728e-02 0.000000000000000000e+00 5.469623064719973671e-02
1.287008664798369728e-01 7.552111475334429003e-02 0.000000000000000000e+00 1.943757112486708266e-02 0.000000000000000000e+00
5.277666828212695255e-02 9.675470734079483215e-02 0.000000000000000000e+00 9.482764928047936193e-02 0.000000000000000000e+00
0.000000000000000000e+00 7.893686419195772297e-02 1.245110619321407146e-02 1.262071842257100340e-01 0.000000000000000000e+00
0.000000000000000000e+00 3.897023558824933009e-02 2.461270229547077998e-02 9.532860400171049020e-02 0.000000000000000000e+00
0.000000000000000000e+00 7.780217010115665112e-03 3.511225497106246901e-02 5.260311605659944573e-02 0.000000000000000000e+00
0.000000000000000000e+00 0.000000000000000000e+00 9.216319309204787369e-02 3.958447097742028020e-02 0.000000000000000000e+00
0.000000000000000000e+00 0.000000000000000000e+00 1.901602862821631656e-01 5.136822743314736067e-02 0.000000000000000000e+00
2.889535949361059924e-02 1.470918967147537455e-02 1.905246927629748732e-01 6.155971178558784090e-02 0.000000000000000000e+00
8.419365458985936246e-02 6.344305519948326144e-02 4.923017237096999343e-02 4.301449962705618940e-02 3.987987864112120528e-02
9.210488317203388564e-02 9.904442777259640784e-02 0.000000000000000000e+00 7.908206011897367729e-03 1.000330066376430016e-01
5.686692830157267370e-02 9.340112225301851201e-02 0.000000000000000000e+00 0.000000000000000000e+00 1.071135043888031546e-01
2.189899789799638896e-02 5.970357225480693586e-02 0.000000000000000000e+00 0.000000000000000000e+00 7.629687094380976919e-02
6.963089292644057855e-03 2.569969435066555771e-02 0.000000000000000000e+00 9.513993557813323358e-05 3.635195484981762482e-02
1.124999670712671391e-03 7.822225198601038751e-03 0.000000000000000000e+00 2.379006037008290012e-03 9.931654424189945152e-03
2.180432428232290934e-04 2.098967024265931472e-03 0.000000000000000000e+00 1.037739879545782973e-03 1.366442125727970400e-03
0.000000000000000000e+00 6.750267574643168669e-04 0.000000000000000000e+00 1.673986770609562627e-04 3.054738753304856195e-04
0.000000000000000000e+00 9.364483026186110000e-06 0.000000000000000000e+00 2.002932882234475720e-05 1.731178327066412770e-06
0.000000000000000000e+00 0.000000000000000000e+00 0.000000000000000000e+00 0.000000000000000000e+00 0.000000000000000000e+00
0.000000000000000000e+00 0.000000000000000000e+00 0.000000000000000000e+00 0.000000000000000000e+00 0.000000000000000000e+00
0.000000000000000000e+00 1.185057275885064131e-07 1.002898998496627921e-05 0.000000000000000000e+00 6.357639256802667068e-06
0.000000000000000000e+00 0.000000000000000000e+00 2.974918083510243432e-04 0.000000000000000000e+00 1.602187983560059549e-04
0.000000000000000000e+00 6.323221265595983809e-05 2.484908950481022963e-03 0.000000000000000000e+00 3.304861962914427964e-03
0.000000000000000000e+00 0.000000000000000000e+00 7.631120822145509575e-03 0.000000000000000000e+00 1.544544125464205296e-02
0.000000000000000000e+00 0.000000000000000000e+00 1.372636067121842628e-02 0.000000000000000000e+00 4.595173589780288809e-02
0.000000000000000000e+00 0.000000000000000000e+00 2.244849909615848071e-02 0.000000000000000000e+00 8.861328512564428661e-02
2.021942048154249869e-02 3.060137959349406005e-03 3.079762535699195891e-02 0.000000000000000000e+00 1.240943141742129469e-01
9.100003030930436942e-02 2.493355137379181519e-02 2.885025460748981765e-02 0.000000000000000000e+00 1.057075045084593656e-01
1.384116323618494737e-01 6.252195768848198276e-02 1.566130818964617602e-02 0.000000000000000000e+00 3.724645005089036870e-02
9.681940699123063598e-02 9.440806121098509196e-02 1.295521230203185679e-02 6.829036723760362193e-02 0.000000000000000000e+00
1.726552628458017519e-02 9.232227920668019394e-02 2.484478424933399612e-02 1.256724593241037857e-01 0.000000000000000000e+00
0.000000000000000000e+00 5.683558598143547552e-02 3.295684858434110021e-02 1.151246626483177909e-01 0.000000000000000000e+00
0.000000000000000000e+00 1.808817676408881400e-02 2.979455344342748016e-02 6.138148118153635008e-02 0.000000000000000000e+00
0.000000000000000000e+00 2.758752888604722522e-03 3.806240121059863840e-02 2.651530118194996358e-02 0.000000000000000000e+00
0.000000000000000000e+00 4.866517483155818088e-04 1.088074267236949222e-01 2.930040298732875664e-02 0.000000000000000000e+00
0.000000000000000000e+00 1.031826074890145224e-02 2.061430435052193921e-01 5.272401753940292313e-02 0.000000000000000000e+00
5.012136188399694825e-02 4.736173085045114473e-02 1.686614981021073434e-01 5.702614329880580091e-02 0.000000000000000000e+00
9.847226919178037052e-02 8.926797264547862987e-02 1.516639843506511695e-02 3.013582507003294622e-02 6.354148553696047086e-02
8.855400016156232679e-02 9.866831390678006131e-02 0.000000000000000000e+00 0.000000000000000000e+00 1.219709750160110073e-01
4.404132250741978061e-02 7.150971600270440709e-02 0.000000000000000000e+00 0.000000000000000000e+00 1.138203897303255580e-01
1.389188139943223037e-02 3.588148309666087943e-02 0.000000000000000000e+00 0.000000000000000000e+00 6.972030038031078181e-02
3.195905691296449091e-03 1.177610368368986297e-02 0.000000000000000000e+00 2.937477728864674748e-03 2.743328613463213647e-02
8.979911464341571738e-05 3.430131265850147777e-03 0.000000000000000000e+00 2.105741543862102005e-03 6.211720615350293725e-03
0.000000000000000000e+00 1.016100268464805107e-03 1.038029543334841249e-04 9.692827720052477275e-05 5.066871936035698305e-04
1.997587218577700517e-05 2.159337947824597017e-04 0.000000000000000000e+00 0.000000000000000000e+00 1.533538565937851684e-04
0.000000000000000000e+00 0.000000000000000000e+00 0.000000000000000000e+00 0.000000000000000000e+00 0.000000000000000000e+00
0.000000000000000000e+00 0.000000000000000000e+00 0.000000000000000000e+00 0.000000000000000000e+00 0.000000000000000000e+00
0.000000000000000000e+00 0.000000000000000000e+00 0.000000000000000000e+00 0.000000000000000000e+00 0.000000000000000000e+00
0.000000000000000000e+00 1.166825625486837571e-06 9.874697831351410878e-05 0.000000000000000000e+00 6.259829422082627704e-05
0.000000000000000000e+00 0.000000000000000000e+00 3.525635589175811274e-04 0.000000000000000000e+00 1.904513536316838960e-04
0.000000000000000000e+00 0.000000000000000000e+00 2.111138736728855256e-03 0.000000000000000000e+00 3.633112220709871359e-03
0.000000000000000000e+00 0.000000000000000000e+00 6.124244239872209811e-03 0.000000000000000000e+00 1.846984119251876555e-02
0.000000000000000000e+00 0.000000000000000000e+00 9.634534303262583602e-03 0.000000000000000000e+00 5.513180981048627222e-02
0.000000000000000000e+00 3.962396853643091084e-03 1.332027637659283920e-02 0.000000000000000000e+00 1.057765322670593672e-01
4.089318144215678408e-02 1.901261466431693539e-02 1.861512959983851329e-02 0.000000000000000000e+00 1.366086635953406847e-01
1.048267443011664662e-01 5.100278095253562433e-02 2.557711405302773300e-02 0.000000000000000000e+00 9.880941504675352927e-02
1.224297610415495535e-01 8.432556862191235847e-02 3.650853655229060329e-02 2.572721470836084046e-02 1.736287847562404535e-02
6.329504388710696650e-02 9.967400419422915714e-02 5.490438101708814550e-02 9.653109880804817966e-02 0.000000000000000000e+00
0.000000000000000000e+00 7.702792708448812087e-02 6.308118227648530640e-02 1.151146990691616079e-01 0.000000000000000000e+00
0.000000000000000000e+00 3.909632415502571623e-02 5.561199586473813267e-02 6.475515355971128706e-02 0.000000000000000000e+00
0.000000000000000000e+00 1.638963725250642406e-02 4.377841656325848901e-02 1.289009384928951028e-02 0.000000000000000000e+00
0.000000000000000000e+00 1.310115226474540227e-02 5.928055767035320806e-02 0.000000000000000000e+00 0.000000000000000000e+00
0.000000000000000000e+00 2.007583539904875605e-02 1.391422066698641824e-01 1.662221975147784234e-02 0.000000000000000000e+00
1.376229895707585180e-02 4.527924849724480200e-02 2.066741809065177349e-01 4.789327380296826836e-02 0.000000000000000000e+00
7.541193391998411710e-02 8.215066905791842955e-02 1.343217464324865940e-01 4.640847906480827234e-02 1.475024184894551402e-03
1.068266235072728026e-01 1.002322049305154200e-01 0.000000000000000000e+00 1.737719955406579961e-02 8.689898808888858739e-02
7.965818950213196525e-02 8.229917123493125930e-02 0.000000000000000000e+00 0.000000000000000000e+00 1.351871212702476510e-01
3.174965934382359412e-02 4.862333411170895181e-02 0.000000000000000000e+00 0.000000000000000000e+00 1.115510185384991221e-01
7.117920585745575110e-03 2.046031850008320219e-02 0.000000000000000000e+00 0.000000000000000000e+00 5.915716227923073500e-02
0.000000000000000000e+00 6.809686248303139025e-03 0.000000000000000000e+00 2.610312923365620125e-03 2.197665845405239252e-02
0.000000000000000000e+00 2.529827092528606422e-03 1.140186670369286188e-03 1.158769024236036170e-03 4.990131226508747603e-03
0.000000000000000000e+00 1.070794520184210940e-03 1.947450789738748664e-03 3.852793059372514256e-04 1.235707832024991824e-03
0.000000000000000000e+00 2.769168697353210245e-04 5.200430403060713955e-04 2.359162223905806374e-04 6.217715006901295956e-05
0.000000000000000000e+00 2.829125468353598012e-05 1.214099284296445142e-04 5.632614382741760927e-05 0.000000000000000000e+00
0.000000000000000000e+00 0.000000000000000000e+00 0.000000000000000000e+00 0.000000000000000000e+00 0.000000000000000000e+00
0.000000000000000000e+00 0.000000000000000000e+00 0.000000000000000000e+00 0.000000000000000000e+00 0.000000000000000000e+00
0.000000000000000000e+00 2.306303775376418988e-06 1.951795743228053196e-04 0.000000000000000000e+00 1.237294409208517171e-04
0.000000000000000000e+00 1.205887316489703322e-07 2.381047081743831444e-04 0.000000000000000000e+00 1.442691535608702478e-04
0.000000000000000000e+00 1.615667164916451053e-05 1.652244510136942216e-03 0.000000000000000000e+00 3.722422230571998097e-03
0.000000000000000000e+00 0.000000000000000000e+00 4.285184120117730908e-03 0.000000000000000000e+00 2.295771358720981661e-02
0.000000000000000000e+00 1.873729742871658478e-03 3.307739943414990738e-03 0.000000000000000000e+00 6.559601655734610681e-02
1.019546183426173896e-02 1.556909593028501550e-02 3.636777817963579790e-04 0.000000000000000000e+00 1.218158749342314745e-01
5.515751008888775120e-02 4.057841393375765521e-02 5.747710551148821519e-03 0.000000000000000000e+00 1.428959467697892005e-01
1.001684699870344364e-01 7.127138289174761443e-02 3.141575130273674410e-02 1.455433550940677745e-03 9.264092502259101136e-02
9.982592505912321612e-02 9.530947200930571517e-02 6.922035693118809563e-02 5.505647230934189451e-02 1.197990562969701057e-02
5.080078875528820648e-02 9.777051214430464154e-02 1.026519947885343176e-01 8.042255106540829868e-02 0.000000000000000000e+00
1.301254387901685204e-02 7.710166050136164906e-02 1.115684464384705116e-01 4.207485074785639878e-02 0.000000000000000000e+00
9.322434272722942422e-03 5.377142393960720329e-02 9.811707940327643596e-02 0.000000000000000000e+00 0.000000000000000000e+00
1.471952372096028798e-02 4.519878539058769240e-02 9.115266393650553467e-02 0.000000000000000000e+00 3.510933683791379791e-03
9.981507880764364793e-03 4.817280401698577352e-02 1.154001169921392567e-01 0.000000000000000000e+00 5.308561625449605787e-04
6.292921246051402275e-03 6.290432076192192801e-02 1.740688566012578431e-01 0.000000000000000000e+00 0.000000000000000000e+00
4.422257609355666891e-02 8.927864405501377554e-02 1.866655233245289591e-01 3.606613833971524657e-02 0.000000000000000000e+00
9.783438084498270737e-02 1.044876747943009609e-01 1.029261254767346589e-01 3.788096135516608176e-02 2.599859548854047825e-02
1.073654959434416634e-01 9.647604423869772516e-02 0.000000000000000000e+00 8.124645761902778499e-03 1.027342544497515109e-01
6.572884221160639473e-02 6.641591598173958444e-02 0.000000000000000000e+00 0.000000000000000000e+00 1.384200852809406579e-01
2.025473662303008821e-02 3.906158126277344683e-02 0.000000000000000000e+00 0.000000000000000000e+00 1.057836643481931682e-01
2.008044029192763719e-03 1.962491508035670365e-02 0.000000000000000000e+00 1.071201319321159499e-03 5.357015169138598654e-02
0.000000000000000000e+00 8.014662081852358747e-03 4.540742568085040336e-03 3.619123690623253595e-03 2.220794531643813241e-02
0.000000000000000000e+00 3.016598185371514255e-03 4.915291038113198813e-03 4.022975063506166286e-03 6.664465696855766293e-03
0.000000000000000000e+00 3.892822202882082112e-04 3.514490568371836463e-03 3.167738576985806593e-03 2.212019235190829883e-03
0.000000000000000000e+00 1.642978739187646276e-04 1.309579062605062362e-03 6.430576792175129010e-04 0.000000000000000000e+00
0.000000000000000000e+00 1.069711830451412082e-04 3.906540071297885577e-04 1.347664771227280759e-04 0.000000000000000000e+00
0.000000000000000000e+00 0.000000000000000000e+00 0.000000000000000000e+00 0.000000000000000000e+00 0.000000000000000000e+00
0.000000000000000000e+00 0.000000000000000000e+00 0.000000000000000000e+00 0.000000000000000000e+00 0.000000000000000000e+00
0.000000000000000000e+00 1.103014849093002354e-06 9.334675293699401348e-05 0.000000000000000000e+00 5.917495000562494081e-05
0.000000000000000000e+00 0.000000000000000000e+00 1.823520487750586634e-04 0.000000000000000000e+00 1.572707606837461531e-04
0.000000000000000000e+00 1.491305034369660282e-05 1.259235355909780205e-03 0.000000000000000000e+00 5.050140540519051230e-03
0.000000000000000000e+00 3.107715720172460664e-04 1.761899557368933273e-03 0.000000000000000000e+00 2.750108619309245273e-02
0.000000000000000000e+00 8.809033897723670542e-03 0.000000000000000000e+00 0.000000000000000000e+00 7.306217273230082576e-02
1.885150306085447980e-02 2.948906673984399637e-02 0.000000000000000000e+00 0.000000000000000000e+00 1.293138675593692721e-01
5.688136370636302785e-02 5.388933285210827789e-02 0.000000000000000000e+00 9.789831945928046536e-03 1.421527320384286530e-01
8.675460162057348212e-02 7.854047395878305249e-02 3.191548000333534196e-02 4.546013951024110988e-02 9.650085146037862271e-02
8.718382435739520375e-02 9.622015138599707140e-02 8.439057331894683767e-02 6.404727767016026030e-02 3.342405152520399464e-02
6.706781656123460278e-02 1.023449879417445002e-01 1.297017278437083976e-01 2.857320244426481831e-02 2.907984668381406821e-03
5.097155468429089009e-02 1.005823785337194853e-01 1.465460853479445824e-01 0.000000000000000000e+00 6.115766759704916074e-03
5.084973602019920991e-02 9.525362565188573438e-02 1.411941154465221337e-01 0.000000000000000000e+00 1.721934777845784623e-02
4.871150840048836528e-02 9.217067215306073980e-02 1.423895201126989807e-01 0.000000000000000000e+00 2.085840196851310169e-02
3.953810283633027445e-02 9.740548106929558525e-02 1.557334453237005645e-01 0.000000000000000000e+00 2.019714443065652801e-02
3.951225009472036920e-02 1.102326332564295269e-01 1.721424858661081969e-01 0.000000000000000000e+00 1.007902151250922133e-02
7.469232232234572499e-02 1.155028690306527522e-01 1.496389304900434813e-01 3.684148735188545742e-02 1.125032954812729517e-02
1.094670230345874129e-01 1.061065774816305346e-01 8.489341599648063397e-02 4.125181851240723729e-02 5.275159834652834445e-02
9.734994874060660941e-02 8.350623312476966598e-02 1.936029217026474097e-02 2.149038978001596711e-02 1.128836040979390165e-01
4.827298940519222925e-02 5.423664466864957373e-02 0.000000000000000000e+00 1.689130405156739900e-02 1.381859652853844878e-01
7.453216940984589214e-03 3.317517146169764869e-02 1.146445029069953535e-03 2.072449441336509171e-02 1.044774352264838668e-01
0.000000000000000000e+00 1.985006068567700399e-02 1.155155706893641783e-02 1.973564531110061360e-02 5.288068168605929154e-02
0.000000000000000000e+00 9.531123171166975411e-03 1.154718050028845193e-02 1.796982628205701787e-02 2.446494651732048983e-02
0.000000000000000000e+00 2.198396574084334355e-03 7.808533929620467724e-03 1.643006736687534913e-02 8.822915196621997080e-03
0.000000000000000000e+00 0.000000000000000000e+00 3.409080200386432370e-03 9.041813548976488507e-03 2.694116384511932149e-03
0.000000000000000000e+00 0.000000000000000000e+00 1.273160659643640452e-03 1.932055092287654095e-03 0.000000000000000000e+00
0.000000000000000000e+00 7.510797485685638685e-06 6.467657527919094481e-05 4.208715150108642122e-05 6.881025005975112615e-06
0.000000000000000000e+00 0.000000000000000000e+00 0.000000000000000000e+00 0.000000000000000000e+00 0.000000000000000000e+00
0.000000000000000000e+00 0.000000000000000000e+00 0.000000000000000000e+00 0.000000000000000000e+00 0.000000000000000000e+00
0.000000000000000000e+00 5.469495119469583873e-08 4.628764608445981472e-06 0.000000000000000000e+00 2.934295041601231736e-06
0.000000000000000000e+00 0.000000000000000000e+00 9.624205030765427358e-05 4.533870384451200948e-06 2.102571380815543181e-04
0.000000000000000000e+00 1.631298464468562400e-04 8.355586134400199436e-04 0.000000000000000000e+00 5.643080393053461277e-03
0.000000000000000000e+00 1.481933884577285934e-03 0.000000000000000000e+00 0.000000000000000000e+00 2.560390900212178994e-02
0.000000000000000000e+00 1.395981220795505795e-02 0.000000000000000000e+00 4.919113701421620570e-03 7.311828973463964376e-02
1.555513926112754054e-02 3.326355674348559915e-02 0.000000000000000000e+00 2.570435580198105266e-02 1.243706687653923920e-01
4.246035564569956844e-02 4.973827169291978462e-02 0.000000000000000000e+00 6.178646861821916053e-02 1.367669281650471802e-01
6.741774748410080120e-02 6.695052255028878518e-02 8.247558232444673204e-03 9.171437150372309388e-02 1.084974115506332354e-01
8.000490397524574748e-02 7.954549271319340253e-02 5.312123168334739048e-02 8.599634087466596910e-02 7.123230599462446189e-02
8.023396625175555075e-02 9.153868078854533741e-02 9.010960855723051943e-02 4.035177753093210223e-02 5.485548674863616192e-02
7.814468392552206821e-02 9.984874263253364080e-02 1.084139924323118398e-01 0.000000000000000000e+00 5.151669672975651981e-02
7.595411757152345511e-02 1.010223492541453272e-01 1.108377097098189046e-01 0.000000000000000000e+00 5.360176299869524874e-02
6.936383622588068731e-02 1.026620430763339753e-01 1.116903467418126072e-01 0.000000000000000000e+00 5.671044922990964993e-02
6.026906688515062255e-02 1.103362992040021473e-01 1.182851193842329729e-01 5.256924971681641023e-03 5.304514257495016732e-02
6.258369771873001364e-02 1.191019305044589416e-01 1.232564447275836389e-01 4.347912497707788482e-02 4.192048130034271847e-02
9.446726217102004164e-02 1.111921715747423434e-01 1.042230758771914151e-01 6.706775466449094170e-02 3.975765215995470669e-02
1.105942301993325383e-01 8.602683300221414253e-02 6.147105778610156140e-02 7.125026934294977077e-02 7.284988507968767624e-02
8.188167085229941522e-02 5.370757705811444321e-02 1.662966432298088396e-02 6.654264068389557918e-02 1.225540178881230208e-01
2.935214872612183432e-02 2.641504965262247290e-02 0.000000000000000000e+00 7.006937764581019912e-02 1.361505969776776737e-01
0.000000000000000000e+00 1.309651737774407410e-02 1.872810971749630559e-03 6.590981927686245800e-02 9.929264630295160654e-02
0.000000000000000000e+00 8.685390800809459841e-03 9.720145014811035558e-03 5.023812273566252012e-02 5.130843318393306374e-02
0.000000000000000000e+00 3.585751592028834679e-03 8.902682789480500375e-03 3.687039624450593606e-02 2.552926771697093880e-02
0.000000000000000000e+00 8.247325483647181127e-04 4.713993176303139278e-03 2.562412081603576697e-02 9.909253697091053095e-03
0.000000000000000000e+00 0.000000000000000000e+00 3.009079161113511862e-03 1.191389370672453485e-02 2.920484620531946240e-03
0.000000000000000000e+00 0.000000000000000000e+00 9.865266505846492437e-04 3.631729360862776933e-03 0.000000000000000000e+00
0.000000000000000000e+00 0.000000000000000000e+00 1.855872832833051222e-04 4.302818916676840475e-04 6.690140733016127471e-06
0.000000000000000000e+00 3.393803042756519257e-06 0.000000000000000000e+00 1.652143506782627403e-06 0.000000000000000000e+00
0.000000000000000000e+00 0.000000000000000000e+00 0.000000000000000000e+00 0.000000000000000000e+00 0.000000000000000000e+00
0.000000000000000000e+00 0.000000000000000000e+00 0.000000000000000000e+00 0.000000000000000000e+00 0.000000000000000000e+00
0.000000000000000000e+00 0.000000000000000000e+00 6.405054470914623741e-06 0.000000000000000000e+00 7.299620245550126745e-06
0.000000000000000000e+00 2.234940280086484318e-04 0.000000000000000000e+00 0.000000000000000000e+00 3.357525903446711198e-03
0.000000000000000000e+00 1.951685004673622045e-03 0.000000000000000000e+00 1.658815064459002271e-03 1.850129852783620812e-02
0.000000000000000000e+00 1.090752955833420787e-02 0.000000000000000000e+00 2.450637594548012513e-02 5.723638306583297281e-02
2.479373318499418239e-03 2.265555604753949001e-02 0.000000000000000000e+00 6.299055832007494082e-02 1.003053057911246493e-01
1.916124710940153575e-02 2.933942205443299325e-02 0.000000000000000000e+00 1.101447867706769196e-01 1.162690427361348783e-01
3.821132620667072599e-02 3.208423830591182468e-02 0.000000000000000000e+00 1.472510327440448019e-01 1.099311386175082089e-01
5.310239490325292105e-02 3.346845003633087262e-02 0.000000000000000000e+00 1.525728022285830765e-01 9.579834048502818000e-02
6.093121376358866942e-02 3.747241270039661926e-02 0.000000000000000000e+00 1.406363079824096418e-01 8.799587682876433559e-02
6.283008198549358547e-02 4.096911651810818122e-02 8.497236247453701652e-03 1.260027949146505510e-01 8.389422400257559587e-02
6.026023382105642062e-02 4.742788194028815102e-02 1.279254117442953087e-02 1.202340501195873212e-01 8.105618489105326230e-02
5.398052111047088597e-02 6.232242557636744756e-02 1.970906291170785793e-02 1.205770406465822703e-01 7.493903688843447930e-02
4.949150509823393995e-02 9.165108383367256972e-02 4.063101438599824033e-02 1.167646536502104232e-01 6.150340354482555782e-02
7.232738781294796582e-02 1.074900990134172452e-01 5.942973589254257893e-02 1.096465296179554988e-01 4.289994413272560370e-02
1.109936929278693418e-01 8.554658019374233868e-02 5.370227461887128184e-02 1.039900570963376430e-01 4.447232236420602808e-02
1.128980810384374173e-01 4.137105044237176371e-02 2.707586737408056859e-02 1.055423736399809798e-01 8.323446924423918980e-02
6.220898422461079713e-02 6.658098785618969499e-03 2.222926151800677945e-04 1.078836957393886492e-01 1.308868140090541088e-01
7.050691809951320846e-03 0.000000000000000000e+00 0.000000000000000000e+00 1.013661782214842766e-01 1.329204622137413749e-01
0.000000000000000000e+00 0.000000000000000000e+00 0.000000000000000000e+00 8.572550528919507806e-02 9.085409365629933121e-02
0.000000000000000000e+00 0.000000000000000000e+00 0.000000000000000000e+00 5.967903272917839813e-02 4.569526476684312999e-02
0.000000000000000000e+00 0.000000000000000000e+00 2.832713178313473194e-04 3.870155612934123024e-02 2.203422402791556031e-02
0.000000000000000000e+00 0.000000000000000000e+00 1.136369533903384857e-04 2.341878213149673274e-02 8.436600386656636225e-03
0.000000000000000000e+00 0.000000000000000000e+00 3.941083190786886571e-04 1.078753035270745703e-02 2.148208184589757517e-03
0.000000000000000000e+00 0.000000000000000000e+00 4.762733918952173802e-04 2.094371042165240303e-03 0.000000000000000000e+00
0.000000000000000000e+00 6.345034223522428803e-05 6.256961512824218323e-05 3.001705405820795825e-04 5.434962786329945543e-05
0.000000000000000000e+00 6.221972245053617933e-06 0.000000000000000000e+00 3.028929762434810905e-06 0.000000000000000000e+00
0.000000000000000000e+00 0.000000000000000000e+00 0.000000000000000000e+00 0.000000000000000000e+00 0.000000000000000000e+00
0.000000000000000000e+00 0.000000000000000000e+00 0.000000000000000000e+00 0.000000000000000000e+00 0.000000000000000000e+00
0.000000000000000000e+00 0.000000000000000000e+00 0.000000000000000000e+00 3.171401160535599905e-06 7.400128490692005059e-07
0.000000000000000000e+00 2.028465833727272300e-04 0.000000000000000000e+00 4.559568636236492481e-04 1.487175652308870199e-03
0.000000000000000000e+00 8.200814068838430896e-04 0.000000000000000000e+00 5.827352797824280652e-03 1.030584276497651698e-02
0.000000000000000000e+00 3.170343023966628107e-03 0.000000000000000000e+00 3.401709337062023414e-02 3.553777838149084489e-02
0.000000000000000000e+00 5.198028274145860030e-03 0.000000000000000000e+00 7.790396319370976319e-02 6.271105027807917509e-02
2.297047841870180913e-04 1.813144578756813131e-03 0.000000000000000000e+00 1.255295727848863008e-01 7.753326958570405658e-02
8.766183821666589243e-03 0.000000000000000000e+00 0.000000000000000000e+00 1.638524666154611564e-01 7.999073711548089494e-02
1.531292321843701239e-02 0.000000000000000000e+00 0.000000000000000000e+00 1.817386821277066355e-01 8.059060993533502526e-02
2.238433552980582594e-02 0.000000000000000000e+00 0.000000000000000000e+00 1.861774083523370649e-01 7.770212330514676691e-02
2.398960427218050501e-02 0.000000000000000000e+00 0.000000000000000000e+00 1.838799606222540350e-01 7.462074181779491944e-02
1.773332338229985719e-02 7.414825151172307199e-03 0.000000000000000000e+00 1.768683315994809546e-01 6.712803993834486060e-02
7.757192418871001680e-03 5.044927299237265267e-02 0.000000000000000000e+00 1.611254120855566130e-01 5.577375600876016692e-02
2.059838919882595737e-02 9.954099883169696683e-02 8.351606566437462173e-03 1.403243588964880051e-01 3.492390303243279176e-02
8.177685441733363592e-02 9.894405688548225941e-02 1.604117699492275950e-02 1.232017549284645797e-01 1.300160151062477489e-02
1.355882765954419533e-01 4.553420830055066038e-02 1.379052429551819690e-02 1.101507121771636011e-01 2.626819155387215624e-02
1.151613969117160213e-01 0.000000000000000000e+00 1.007212538593560414e-02 9.685444001952743520e-02 8.115343284610256058e-02
3.952581189957704577e-02 0.000000000000000000e+00 5.419668607873676623e-03 8.870000273303078886e-02 1.320966113010549614e-01
0.000000000000000000e+00 0.000000000000000000e+00 0.000000000000000000e+00 7.519380573114876898e-02 1.248978402938164256e-01
0.000000000000000000e+00 0.000000000000000000e+00 0.000000000000000000e+00 6.094568256193252931e-02 7.911274194051776121e-02
0.000000000000000000e+00 0.000000000000000000e+00 0.000000000000000000e+00 3.986354402007347142e-02 3.789992699288142336e-02
0.000000000000000000e+00 0.000000000000000000e+00 0.000000000000000000e+00 2.412324996513844771e-02 1.619583087736229526e-02
0.000000000000000000e+00 0.000000000000000000e+00 0.000000000000000000e+00 1.331451207982204538e-02 5.424728800422534865e-03
0.000000000000000000e+00 0.000000000000000000e+00 0.000000000000000000e+00 5.678050122929922776e-03 1.115547748292770132e-03
7.799380541786824677e-05 5.701701650106218090e-05 0.000000000000000000e+00 3.250447641907007641e-04 1.327169029482227374e-04
0.000000000000000000e+00 1.194080564652960950e-04 0.000000000000000000e+00 1.089111693519034872e-04 7.505795238357704635e-06
0.000000000000000000e+00 6.221972245053617933e-06 0.000000000000000000e+00 3.028929762434810905e-06 0.000000000000000000e+00
0.000000000000000000e+00 0.000000000000000000e+00 0.000000000000000000e+00 0.000000000000000000e+00 0.000000000000000000e+00
0.000000000000000000e+00 0.000000000000000000e+00 0.000000000000000000e+00 0.000000000000000000e+00 0.000000000000000000e+00
0.000000000000000000e+00 0.000000000000000000e+00 0.000000000000000000e+00 1.490558545451737334e-04 3.478060390625248180e-05
0.000000000000000000e+00 0.000000000000000000e+00 0.000000000000000000e+00 9.594745948698085595e-04 7.833841296818982829e-04
0.000000000000000000e+00 0.000000000000000000e+00 0.000000000000000000e+00 6.624703165866328500e-03 4.380565052167672419e-03
0.000000000000000000e+00 0.000000000000000000e+00 0.000000000000000000e+00 2.655158888191859468e-02 1.599618851870668323e-02
0.000000000000000000e+00 0.000000000000000000e+00 0.000000000000000000e+00 5.542992917288657589e-02 2.811117717269051575e-02
0.000000000000000000e+00 0.000000000000000000e+00 0.000000000000000000e+00 8.479741532547245553e-02 3.878973409569508313e-02
0.000000000000000000e+00 0.000000000000000000e+00 0.000000000000000000e+00 1.050541743259265082e-01 4.233794455967455211e-02
0.000000000000000000e+00 0.000000000000000000e+00 0.000000000000000000e+00 1.137520728100857026e-01 4.232867766111349239e-02
3.507370339374091164e-05 0.000000000000000000e+00 0.000000000000000000e+00 1.138254345626765057e-01 4.061863811703665672e-02
0.000000000000000000e+00 0.000000000000000000e+00 0.000000000000000000e+00 1.079610569508949458e-01 3.780507758339443636e-02
0.000000000000000000e+00 3.468917883815381825e-02 0.000000000000000000e+00 9.979104648856530757e-02 3.310228845743032333e-02
0.000000000000000000e+00 9.467454131951440199e-02 8.052981757273973418e-03 8.594875002607825498e-02 2.259264831616741506e-02
2.088998639634023768e-02 1.258704768269856000e-01 8.850436430538179480e-03 8.042060988379780284e-02 2.037400571835716340e-03
1.082953573601196512e-01 8.348300593583751761e-02 0.000000000000000000e+00 8.559974202535770849e-02 0.000000000000000000e+00
1.545693715135418034e-01 8.823372004542926264e-03 0.000000000000000000e+00 8.342539506825791262e-02 7.760414058982959343e-03
1.035347520036978969e-01 0.000000000000000000e+00 2.220546405544446267e-02 6.279508808907657835e-02 7.290231839974124772e-02
1.677158304442943892e-02 0.000000000000000000e+00 3.207416586209421022e-02 4.436969615943656131e-02 1.223195733695981585e-01
0.000000000000000000e+00 0.000000000000000000e+00 1.450212165841670980e-02 3.591418913169477228e-02 1.121477589206253123e-01
0.000000000000000000e+00 0.000000000000000000e+00 1.876632563790781678e-03 2.915315012658071386e-02 6.864169285859710035e-02
0.000000000000000000e+00 0.000000000000000000e+00 0.000000000000000000e+00 1.979391746796450857e-02 3.217119358309214472e-02
0.000000000000000000e+00 0.000000000000000000e+00 0.000000000000000000e+00 1.165025232153786214e-02 1.266326823157328842e-02
0.000000000000000000e+00 0.000000000000000000e+00 0.000000000000000000e+00 5.472369815787849964e-03 4.368852397495733703e-03
0.000000000000000000e+00 0.000000000000000000e+00 0.000000000000000000e+00 1.665868900084549464e-03 8.465459861360209119e-04
7.130788001338524735e-06 6.740957765083355668e-05 0.000000000000000000e+00 5.168604815100205169e-05 1.651374535099114156e-05
0.000000000000000000e+00 4.522536045668951573e-05 0.000000000000000000e+00 2.578084034374373903e-05 0.000000000000000000e+00
0.000000000000000000e+00 2.262535361837680211e-06 0.000000000000000000e+00 1.101429004521749767e-06 0.000000000000000000e+00
0.000000000000000000e+00 0.000000000000000000e+00 0.000000000000000000e+00 0.000000000000000000e+00 0.000000000000000000e+00
0.000000000000000000e+00 0.000000000000000000e+00 0.000000000000000000e+00 0.000000000000000000e+00 0.000000000000000000e+00
0.000000000000000000e+00 0.000000000000000000e+00 0.000000000000000000e+00 3.488541276589136636e-04 8.140141339761227334e-05
0.000000000000000000e+00 0.000000000000000000e+00 0.000000000000000000e+00 7.988717675293380890e-04 8.476704016289722879e-04
0.000000000000000000e+00 0.000000000000000000e+00 0.000000000000000000e+00 4.305135107484114355e-03 2.727331182678072261e-03
0.000000000000000000e+00 0.000000000000000000e+00 0.000000000000000000e+00 1.294406138266193662e-02 7.319898633182588855e-03
0.000000000000000000e+00 0.000000000000000000e+00 0.000000000000000000e+00 2.362858103727796463e-02 1.129801995741359054e-02
0.000000000000000000e+00 0.000000000000000000e+00 0.000000000000000000e+00 3.311857102848206336e-02 1.270297479916686866e-02
0.000000000000000000e+00 0.000000000000000000e+00 0.000000000000000000e+00 3.796249190691932535e-02 1.339818475069862701e-02
0.000000000000000000e+00 0.000000000000000000e+00 0.000000000000000000e+00 3.892350301222435166e-02 1.340723855585429329e-02
0.000000000000000000e+00 5.665447440597528618e-03 0.000000000000000000e+00 3.757005875010482193e-02 1.354339294358549405e-02
0.000000000000000000e+00 3.158356786219190110e-02 5.183369786254039477e-03 3.209505913346866190e-02 1.198935814714661291e-02
0.000000000000000000e+00 8.063652369495730166e-02 1.821141105772164717e-02 2.918679075419289282e-02 7.553998428086928889e-03
0.000000000000000000e+00 1.319921695122573402e-01 2.378053781949996184e-02 2.946184061999424300e-02 0.000000000000000000e+00
4.518773716142771013e-02 1.248363664071049928e-01 2.935428899613077083e-03 4.275093215939510666e-02 0.000000000000000000e+00
1.360112661159797454e-01 5.296880306026878482e-02 0.000000000000000000e+00 5.940808939995835536e-02 0.000000000000000000e+00
1.546646111154786063e-01 0.000000000000000000e+00 1.477168853133395312e-04 6.277006467178256055e-02 2.004851782496049062e-03
8.375549582452840314e-02 0.000000000000000000e+00 4.125176221990482089e-02 3.899699389592272553e-02 6.561335850499439015e-02
1.713035528985534101e-03 0.000000000000000000e+00 5.304244011844317513e-02 2.037001096743138936e-02 1.121945245171944439e-01
0.000000000000000000e+00 0.000000000000000000e+00 2.807469925385054632e-02 1.490189066437762680e-02 1.029945378422639224e-01
0.000000000000000000e+00 0.000000000000000000e+00 8.246408616330457367e-03 1.198522450888076310e-02 6.440672923392291860e-02
0.000000000000000000e+00 0.000000000000000000e+00 9.727447596107230594e-04 8.356737965947547142e-03 3.228647304956800551e-02
0.000000000000000000e+00 0.000000000000000000e+00 1.664782579796724154e-04 3.834657770993750610e-03 1.258634139086921289e-02
0.000000000000000000e+00 0.000000000000000000e+00 0.000000000000000000e+00 1.535492226713829631e-03 4.692898376660074693e-03
0.000000000000000000e+00 0.000000000000000000e+00 0.000000000000000000e+00 2.813486560883812727e-04 9.940733301932432389e-04
0.000000000000000000e+00 5.689067788575826129e-05 4.215853443165818072e-05 0.000000000000000000e+00 1.298931389848842344e-05
0.000000000000000000e+00 0.000000000000000000e+00 0.000000000000000000e+00 0.000000000000000000e+00 0.000000000000000000e+00
0.000000000000000000e+00 0.000000000000000000e+00 0.000000000000000000e+00 0.000000000000000000e+00 0.000000000000000000e+00
0.000000000000000000e+00 0.000000000000000000e+00 0.000000000000000000e+00 0.000000000000000000e+00 0.000000000000000000e+00
0.000000000000000000e+00 0.000000000000000000e+00 0.000000000000000000e+00 0.000000000000000000e+00 0.000000000000000000e+00
0.000000000000000000e+00 0.000000000000000000e+00 0.000000000000000000e+00 2.029696742742783939e-04 4.736082234042883238e-05
0.000000000000000000e+00 0.000000000000000000e+00 5.850730280890637495e-05 4.032958927321310784e-04 4.080879867601904421e-04
0.000000000000000000e+00 0.000000000000000000e+00 0.000000000000000000e+00 1.775944379434367610e-03 1.193106871384340536e-03
0.000000000000000000e+00 0.000000000000000000e+00 0.000000000000000000e+00 3.570294216896036620e-03 2.904207070454605053e-03
0.000000000000000000e+00 0.000000000000000000e+00 0.000000000000000000e+00 7.269809305686983879e-03 4.067268047273098382e-03
0.000000000000000000e+00 0.000000000000000000e+00 0.000000000000000000e+00 8.635100025485557829e-03 3.981315734758551772e-03
0.000000000000000000e+00 5.503974689460222006e-04 7.162771258485304627e-04 9.878374886941708108e-03 3.767449530935449657e-03
0.000000000000000000e+00 7.031251043764659078e-03 3.950563009358270920e-03 1.047042372174380315e-02 3.454305177056474913e-03
0.000000000000000000e+00 2.480088528522170557e-02 9.694777215570981113e-03 8.917273341535660730e-03 4.308101869957379516e-03
0.000000000000000000e+00 6.030805606687784926e-02 1.837791139037963511e-02 6.456889878848580226e-03 2.572144594513074353e-03
0.000000000000000000e+00 1.121854619202297398e-01 2.524866949762169868e-02 7.059031047051962486e-03 0.000000000000000000e+00
0.000000000000000000e+00 1.381808098697397402e-01 1.675074533511289668e-02 1.244198595791333982e-02 0.000000000000000000e+00
7.489929425658145568e-02 9.906521181839729462e-02 0.000000000000000000e+00 3.070108115177469163e-02 0.000000000000000000e+00
1.496968510597567747e-01 1.906444951485276179e-02 0.000000000000000000e+00 5.190343090924177949e-02 0.000000000000000000e+00
1.428910263040861217e-01 0.000000000000000000e+00 6.229698496593543723e-03 5.238518365262481019e-02 3.326209403443124071e-03
6.447184417489933150e-02 0.000000000000000000e+00 5.575874164578059622e-02 3.079474272563370932e-02 6.098489155666347167e-02
0.000000000000000000e+00 0.000000000000000000e+00 6.610950385665319284e-02 1.460866063198694442e-02 1.022824588431913012e-01
0.000000000000000000e+00 0.000000000000000000e+00 3.791017447027621862e-02 8.303583387738511234e-03 9.593906920210072686e-02
0.000000000000000000e+00 0.000000000000000000e+00 1.423744406527683616e-02 7.089487714225614634e-03 6.398873842923179234e-02
0.000000000000000000e+00 0.000000000000000000e+00 3.382281874693574518e-03 4.711921337099678024e-03 3.453335241235817171e-02
0.000000000000000000e+00 0.000000000000000000e+00 7.885607217784024528e-04 1.679782969270914071e-03 1.495780171787572388e-02
0.000000000000000000e+00 3.552630006247389658e-05 1.544115368823622127e-04 1.984866669039776765e-04 6.398236250295338996e-03
0.000000000000000000e+00 0.000000000000000000e+00 3.116064160602446042e-05 8.909704947861872982e-05 1.394931811810563730e-03
0.000000000000000000e+00 2.007831702504219741e-05 3.686055340566028542e-04 0.000000000000000000e+00 0.000000000000000000e+00
0.000000000000000000e+00 0.000000000000000000e+00 0.000000000000000000e+00 0.000000000000000000e+00 0.000000000000000000e+00
0.000000000000000000e+00 0.000000000000000000e+00 0.000000000000000000e+00 0.000000000000000000e+00 0.000000000000000000e+00
0.000000000000000000e+00 0.000000000000000000e+00 0.000000000000000000e+00 0.000000000000000000e+00 0.000000000000000000e+00
0.000000000000000000e+00 0.000000000000000000e+00 0.000000000000000000e+00 0.000000000000000000e+00 0.000000000000000000e+00
0.000000000000000000e+00 0.000000000000000000e+00 0.000000000000000000e+00 4.757101740803376564e-06 1.110019273603801606e-06
0.000000000000000000e+00 0.000000000000000000e+00 1.741662328398523580e-05 1.072650438970818081e-04 5.366300902530821517e-05
0.000000000000000000e+00 0.000000000000000000e+00 0.000000000000000000e+00 3.475378844516478012e-04 3.877131755654410704e-04
0.000000000000000000e+00 0.000000000000000000e+00 2.385065339884236114e-04 9.816946232256310110e-04 1.292800634758258958e-03
0.000000000000000000e+00 1.374822307911084390e-05 3.234599660167844222e-04 1.346964432766827990e-03 1.494473828060835681e-03
0.000000000000000000e+00 1.269259537692184192e-03 1.216794994583990461e-03 2.201990411724146120e-03 1.696827961237878284e-03
0.000000000000000000e+00 5.439250302244927511e-03 3.086424638753168352e-03 3.647752110127560482e-03 1.828825691770715866e-03
0.000000000000000000e+00 1.788672888593285243e-02 7.648569401906836832e-03 3.309327574076023192e-03 2.430056503454170597e-03
0.000000000000000000e+00 4.477025637223860932e-02 1.497582189265173752e-02 4.064027374228242366e-04 1.483649868615558899e-03
0.000000000000000000e+00 8.630369996080697326e-02 2.184904583361927874e-02 0.000000000000000000e+00 0.000000000000000000e+00
0.000000000000000000e+00 1.263372598826899285e-01 2.075878423382757770e-02 1.024031025700596932e-03 0.000000000000000000e+00
2.218919386779213618e-02 1.240630442322486482e-01 2.297559807123053955e-03 1.061665800295428022e-02 0.000000000000000000e+00
9.759382449123642222e-02 6.597286628709519984e-02 0.000000000000000000e+00 2.893911592603576333e-02 0.000000000000000000e+00
1.507690238320328058e-01 0.000000000000000000e+00 0.000000000000000000e+00 4.698391461370834965e-02 0.000000000000000000e+00
1.257321759895287105e-01 0.000000000000000000e+00 1.426798221062948631e-02 4.737585910594576538e-02 3.905678152669658267e-03
5.085172667205493935e-02 0.000000000000000000e+00 6.558474021149535149e-02 2.734335554158040180e-02 5.465598106189887423e-02
0.000000000000000000e+00 0.000000000000000000e+00 7.382419736732341586e-02 1.161848279596375440e-02 9.081179397434228917e-02
0.000000000000000000e+00 0.000000000000000000e+00 4.758366936363922495e-02 5.558883885299836618e-03 9.078864049214473153e-02
0.000000000000000000e+00 0.000000000000000000e+00 1.913991811675321703e-02 6.706000617614328758e-03 6.510202894251464201e-02
0.000000000000000000e+00 0.000000000000000000e+00 6.424879302827931661e-03 4.372880113965109915e-03 3.639623405620220215e-02
0.000000000000000000e+00 0.000000000000000000e+00 2.268493167954383806e-03 1.388307997349282020e-03 1.709768181871261505e-02
0.000000000000000000e+00 0.000000000000000000e+00 1.619365867089393827e-04 1.506557461017006040e-04 7.259397560266775580e-03
0.000000000000000000e+00 0.000000000000000000e+00 2.470371658232194405e-04 0.000000000000000000e+00 1.576277862261262451e-03
0.000000000000000000e+00 1.998400999595911187e-05 4.036859547673168382e-04 0.000000000000000000e+00 2.324802716457954998e-06
0.000000000000000000e+00 0.000000000000000000e+00 0.000000000000000000e+00 0.000000000000000000e+00 0.000000000000000000e+00
0.000000000000000000e+00 0.000000000000000000e+00 0.000000000000000000e+00 0.000000000000000000e+00 0.000000000000000000e+00
0.000000000000000000e+00 0.000000000000000000e+00 0.000000000000000000e+00 0.000000000000000000e+00 0.000000000000000000e+00
0.000000000000000000e+00 0.000000000000000000e+00 0.000000000000000000e+00 0.000000000000000000e+00 0.000000000000000000e+00
0.000000000000000000e+00 0.000000000000000000e+00 0.000000000000000000e+00 0.000000000000000000e+00 0.000000000000000000e+00
0.000000000000000000e+00 0.000000000000000000e+00 0.000000000000000000e+00 0.000000000000000000e+00 0.000000000000000000e+00
0.000000000000000000e+00 0.000000000000000000e+00 0.000000000000000000e+00 0.000000000000000000e+00 0.000000000000000000e+00
0.000000000000000000e+00 5.054595220039285943e-05 1.345133817760650575e-04 1.575930101169623965e-04 1.818864362809330924e-04
0.000000000000000000e+00 8.215267278790882146e-04 6.068449030509847318e-04 2.745276500391154130e-04 5.636505954079662701e-04
0.000000000000000000e+00 3.585630901442845957e-03 2.103088418721210835e-03 1.080203321226917961e-03 6.645282033067532188e-04
0.000000000000000000e+00 1.104927615837180375e-02 4.452597554265583929e-03 1.332106992776420969e-03 1.165742763588983487e-03
0.000000000000000000e+00 2.929248655478068619e-02 9.071093882801006467e-03 0.000000000000000000e+00 1.396579227932627206e-03
0.000000000000000000e+00 6.245645691098001412e-02 1.698444971506448548e-02 0.000000000000000000e+00 0.000000000000000000e+00
0.000000000000000000e+00 1.010013788391884160e-01 2.068878343972869321e-02 0.000000000000000000e+00 0.000000000000000000e+00
0.000000000000000000e+00 1.222877693291043871e-01 1.258577882252655787e-02 0.000000000000000000e+00 0.000000000000000000e+00
4.258950168485787363e-02 9.948032994072315838e-02 0.000000000000000000e+00 9.457443770374820632e-03 0.000000000000000000e+00
1.101484280678230870e-01 3.758714051694794778e-02 0.000000000000000000e+00 2.712731806037266963e-02 0.000000000000000000e+00
1.435737392364350995e-01 0.000000000000000000e+00 0.000000000000000000e+00 4.268487446880480513e-02 0.000000000000000000e+00
1.129317942717734113e-01 0.000000000000000000e+00 1.754626145851955268e-02 4.144175943288589542e-02 2.156551551419871610e-03
4.531168801681579456e-02 0.000000000000000000e+00 6.793074186509098777e-02 2.346740451247880666e-02 4.503948403146412760e-02
0.000000000000000000e+00 0.000000000000000000e+00 7.986927453933428955e-02 6.255339919978019497e-03 7.806798573263427909e-02
0.000000000000000000e+00 0.000000000000000000e+00 5.561687217855454390e-02 1.237743061180523671e-03 8.408479390099954376e-02
0.000000000000000000e+00 0.000000000000000000e+00 2.719292747580064756e-02 2.594694101000302993e-03 6.423736646360686531e-02
0.000000000000000000e+00 0.000000000000000000e+00 1.076318898995253306e-02 2.732238451669141439e-03 3.742052917096912179e-02
0.000000000000000000e+00 0.000000000000000000e+00 3.369831256484883027e-03 1.302155356072158239e-03 1.833252694547112677e-02
0.000000000000000000e+00 0.000000000000000000e+00 3.323950159598584668e-04 5.028101829367826034e-04 7.990152529284278229e-03
0.000000000000000000e+00 0.000000000000000000e+00 3.080155108128833905e-04 0.000000000000000000e+00 1.782470212378614886e-03
0.000000000000000000e+00 1.994534326942997722e-05 6.956826608843112367e-05 0.000000000000000000e+00 1.638327886163176337e-04
0.000000000000000000e+00 0.000000000000000000e+00 0.000000000000000000e+00 0.000000000000000000e+00 0.000000000000000000e+00
0.000000000000000000e+00 0.000000000000000000e+00 0.000000000000000000e+00 0.000000000000000000e+00 0.000000000000000000e+00
0.000000000000000000e+00 0.000000000000000000e+00 0.000000000000000000e+00 0.000000000000000000e+00 0.000000000000000000e+00
0.000000000000000000e+00 0.000000000000000000e+00 0.000000000000000000e+00 0.000000000000000000e+00 0.000000000000000000e+00
0.000000000000000000e+00 0.000000000000000000e+00 0.000000000000000000e+00 0.000000000000000000e+00 0.000000000000000000e+00
0.000000000000000000e+00 0.000000000000000000e+00 0.000000000000000000e+00 0.000000000000000000e+00 0.000000000000000000e+00
0.000000000000000000e+00 0.000000000000000000e+00 0.000000000000000000e+00 0.000000000000000000e+00 0.000000000000000000e+00
0.000000000000000000e+00 1.690472999116594409e-04 1.725995273363439223e-04 6.751553886607163048e-05 2.393773476261629191e-06
0.000000000000000000e+00 1.593166398530256565e-03 9.780157783226238466e-04 1.598629301183304816e-04 6.195153201413323150e-05
0.000000000000000000e+00 5.874530715196665115e-03 2.696269042876875931e-03 3.365966999330302504e-04 2.075828954702118624e-04
0.000000000000000000e+00 1.541479308276969863e-02 5.054656995715024574e-03 4.713381811451043072e-04 5.387031011133855364e-04
0.000000000000000000e+00 3.729250655276900028e-02 8.721231591664033167e-03 0.000000000000000000e+00 1.286229962137390274e-04
0.000000000000000000e+00 6.927255625386787019e-02 1.581618492546653723e-02 0.000000000000000000e+00 0.000000000000000000e+00
0.000000000000000000e+00 1.001754915773864080e-01 1.716494185246976445e-02 0.000000000000000000e+00 0.000000000000000000e+00
7.277043815898682350e-03 1.061322209339125439e-01 5.351735543726073539e-03 0.000000000000000000e+00 0.000000000000000000e+00
5.379745591953739164e-02 7.274988565841641885e-02 0.000000000000000000e+00 4.110117010284808532e-03 0.000000000000000000e+00
1.065944142600946110e-01 2.070037042674537434e-02 0.000000000000000000e+00 1.946654487487109800e-02 0.000000000000000000e+00
1.274865444901330525e-01 0.000000000000000000e+00 0.000000000000000000e+00 3.054789446800056790e-02 0.000000000000000000e+00
9.872647104352164082e-02 0.000000000000000000e+00 1.971655901693231475e-02 2.938272840064437563e-02 0.000000000000000000e+00
4.197749640323155534e-02 0.000000000000000000e+00 6.482553866212374671e-02 1.469194511465143904e-02 3.151704965744032971e-02
0.000000000000000000e+00 0.000000000000000000e+00 7.964051429569495022e-02 0.000000000000000000e+00 6.170826208120001183e-02
0.000000000000000000e+00 0.000000000000000000e+00 5.716235643762630075e-02 0.000000000000000000e+00 6.990422913810279137e-02
0.000000000000000000e+00 0.000000000000000000e+00 2.989619934093987533e-02 0.000000000000000000e+00 5.733606909689868691e-02
0.000000000000000000e+00 0.000000000000000000e+00 1.158243178783419959e-02 5.799746642116958718e-04 3.357185807123353599e-02
0.000000000000000000e+00 0.000000000000000000e+00 4.011275230032484290e-03 1.857266383623044947e-04 1.589883609261565425e-02
0.000000000000000000e+00 0.000000000000000000e+00 1.432833333728920910e-03 9.813146517102890978e-06 6.303079483552541384e-03
0.000000000000000000e+00 8.687518480048196212e-05 5.944737978550580478e-04 0.000000000000000000e+00 1.718216426679753436e-03
0.000000000000000000e+00 3.528890467665322993e-05 7.720703184641823787e-05 0.000000000000000000e+00 1.391522401692754977e-04
0.000000000000000000e+00 0.000000000000000000e+00 0.000000000000000000e+00 0.000000000000000000e+00 0.000000000000000000e+00
0.000000000000000000e+00 0.000000000000000000e+00 0.000000000000000000e+00 0.000000000000000000e+00 0.000000000000000000e+00
0.000000000000000000e+00 0.000000000000000000e+00 0.000000000000000000e+00 0.000000000000000000e+00 0.000000000000000000e+00
0.000000000000000000e+00 0.000000000000000000e+00 0.000000000000000000e+00 0.000000000000000000e+00 0.000000000000000000e+00
0.000000000000000000e+00 0.000000000000000000e+00 0.000000000000000000e+00 0.000000000000000000e+00 0.000000000000000000e+00
0.000000000000000000e+00 0.000000000000000000e+00 0.000000000000000000e+00 0.000000000000000000e+00 0.000000000000000000e+00
0.000000000000000000e+00 0.000000000000000000e+00 0.000000000000000000e+00 0.000000000000000000e+00 0.000000000000000000e+00
0.000000000000000000e+00 3.065188149982353300e-04 1.516759757772528222e-04 0.000000000000000000e+00 0.000000000000000000e+00
0.000000000000000000e+00 1.838933780962823767e-03 1.039468928603734261e-03 1.526172555072596363e-05 0.000000000000000000e+00
0.000000000000000000e+00 5.507567405104211132e-03 1.820475452079710257e-03 0.000000000000000000e+00 0.000000000000000000e+00
0.000000000000000000e+00 1.496899315966542139e-02 3.008945602299239411e-03 0.000000000000000000e+00 0.000000000000000000e+00
0.000000000000000000e+00 3.203196782476293303e-02 6.204830581286902881e-03 0.000000000000000000e+00 0.000000000000000000e+00
0.000000000000000000e+00 5.620672914516132435e-02 1.103733338246040870e-02 0.000000000000000000e+00 0.000000000000000000e+00
0.000000000000000000e+00 7.597494294333477505e-02 1.298353422949461572e-02 0.000000000000000000e+00 0.000000000000000000e+00
1.412370992713007228e-02 7.088589671661509051e-02 3.242550367829903114e-03 0.000000000000000000e+00 0.000000000000000000e+00
4.646503221352087099e-02 4.376027494696743680e-02 0.000000000000000000e+00 0.000000000000000000e+00 0.000000000000000000e+00
7.707897743179635552e-02 1.297070008145753857e-02 0.000000000000000000e+00 3.170605466687638897e-04 0.000000000000000000e+00
8.756677699834251871e-02 0.000000000000000000e+00 0.000000000000000000e+00 4.449435673170053403e-03 0.000000000000000000e+00
6.618223865962599706e-02 0.000000000000000000e+00 1.963902445416260134e-02 4.310084449633988513e-03 0.000000000000000000e+00
3.006375903821319542e-02 0.000000000000000000e+00 4.778916565374379671e-02 0.000000000000000000e+00 1.419719862365388663e-02
0.000000000000000000e+00 0.000000000000000000e+00 6.015740064484412924e-02 0.000000000000000000e+00 3.331768571346139379e-02
0.000000000000000000e+00 0.000000000000000000e+00 4.411676592902784994e-02 0.000000000000000000e+00 3.834936656467072269e-02
0.000000000000000000e+00 0.000000000000000000e+00 2.244843693142720489e-02 0.000000000000000000e+00 3.112695596408108015e-02
0.000000000000000000e+00 0.000000000000000000e+00 8.514683253217624273e-03 0.000000000000000000e+00 1.905700983988790204e-02
0.000000000000000000e+00 0.000000000000000000e+00 3.198439072696481183e-03 0.000000000000000000e+00 8.839309214243090337e-03
0.000000000000000000e+00 1.987101609891024471e-04 9.851476183611656764e-04 0.000000000000000000e+00 3.112081407416891939e-03
0.000000000000000000e+00 3.481933093045029272e-05 2.241550036243257450e-04 0.000000000000000000e+00 4.549260226516394358e-04
0.000000000000000000e+00 6.711017278387103194e-05 3.655826947535024198e-05 0.000000000000000000e+00 6.836215532732052515e-05
0.000000000000000000e+00 0.000000000000000000e+00 0.000000000000000000e+00 0.000000000000000000e+00 0.000000000000000000e+00
0.000000000000000000e+00 0.000000000000000000e+00 0.000000000000000000e+00 0.000000000000000000e+00 0.000000000000000000e+00
0.000000000000000000e+00 0.000000000000000000e+00 0.000000000000000000e+00 0.000000000000000000e+00 0.000000000000000000e+00
0.000000000000000000e+00 0.000000000000000000e+00 0.000000000000000000e+00 0.000000000000000000e+00 0.000000000000000000e+00
0.000000000000000000e+00 0.000000000000000000e+00 0.000000000000000000e+00 0.000000000000000000e+00 0.000000000000000000e+00
0.000000000000000000e+00 0.000000000000000000e+00 0.000000000000000000e+00 0.000000000000000000e+00 0.000000000000000000e+00
0.000000000000000000e+00 0.000000000000000000e+00 0.000000000000000000e+00 0.000000000000000000e+00 0.000000000000000000e+00
0.000000000000000000e+00 3.729834781182601286e-05 2.178719091517324421e-06 5.595937561108945649e-06 0.000000000000000000e+00
0.000000000000000000e+00 8.032486355863061381e-04 5.729044349713280555e-05 0.000000000000000000e+00 6.335605190052875543e-06
0.000000000000000000e+00 1.776868050194874756e-03 1.490802851553583129e-04 0.000000000000000000e+00 0.000000000000000000e+00
0.000000000000000000e+00 5.345382577076820442e-03 7.550893374869761029e-04 0.000000000000000000e+00 0.000000000000000000e+00
0.000000000000000000e+00 1.226679962718692229e-02 2.402209161099298166e-03 0.000000000000000000e+00 0.000000000000000000e+00
0.000000000000000000e+00 2.010255890929112457e-02 3.981692136284525549e-03 0.000000000000000000e+00 0.000000000000000000e+00
0.000000000000000000e+00 2.057744448225081596e-02 3.132910553459094128e-03 0.000000000000000000e+00 0.000000000000000000e+00
6.000834136303602115e-03 1.752013208753833498e-02 9.026695722084208777e-04 0.000000000000000000e+00 0.000000000000000000e+00
1.649609637009145924e-02 1.157819782727978822e-02 0.000000000000000000e+00 0.000000000000000000e+00 0.000000000000000000e+00
2.327268342705609075e-02 5.056695567134228408e-03 0.000000000000000000e+00 0.000000000000000000e+00 0.000000000000000000e+00
2.464104371892787693e-02 0.000000000000000000e+00 3.044852631854604030e-03 0.000000000000000000e+00 0.000000000000000000e+00
1.945989645222955325e-02 0.000000000000000000e+00 9.319043302122204803e-03 0.000000000000000000e+00 0.000000000000000000e+00
7.670729927691479454e-03 0.000000000000000000e+00 1.365296546111047574e-02 0.000000000000000000e+00 3.490284713542471818e-03
6.094847386937158771e-04 0.000000000000000000e+00 1.542276333359850204e-02 0.000000000000000000e+00 5.715229545616107472e-03
0.000000000000000000e+00 0.000000000000000000e+00 1.170049125342026951e-02 0.000000000000000000e+00 5.744356135789625145e-03
0.000000000000000000e+00 0.000000000000000000e+00 5.618718697101849312e-03 0.000000000000000000e+00 3.508891896076362510e-03
0.000000000000000000e+00 1.071769596746330604e-04 2.158810042992574500e-03 0.000000000000000000e+00 2.136164588397497684e-03
0.000000000000000000e+00 2.522228550566459017e-04 1.106849849308686341e-03 0.000000000000000000e+00 1.408877908141026574e-03
0.000000000000000000e+00 1.686283283060558292e-04 4.176771861257313426e-04 0.000000000000000000e+00 5.185139476499562965e-04
0.000000000000000000e+00 1.058228882760728928e-05 2.370237270756727369e-05 2.676433771164410484e-06 0.000000000000000000e+00
0.000000000000000000e+00 0.000000000000000000e+00 0.000000000000000000e+00 0.000000000000000000e+00 0.000000000000000000e+00
0.000000000000000000e+00 0.000000000000000000e+00 0.000000000000000000e+00 0.000000000000000000e+00 0.000000000000000000e+00
0.000000000000000000e+00 0.000000000000000000e+00 0.000000000000000000e+00 0.000000000000000000e+00 0.000000000000000000e+00
0.000000000000000000e+00 0.000000000000000000e+00 0.000000000000000000e+00 0.000000000000000000e+00 0.000000000000000000e+00
0.000000000000000000e+00 0.000000000000000000e+00 0.000000000000000000e+00 0.000000000000000000e+00 0.000000000000000000e+00
0.000000000000000000e+00 0.000000000000000000e+00 0.000000000000000000e+00 0.000000000000000000e+00 0.000000000000000000e+00
0.000000000000000000e+00 0.000000000000000000e+00 0.000000000000000000e+00 0.000000000000000000e+00 0.000000000000000000e+00
0.000000000000000000e+00 0.000000000000000000e+00 0.000000000000000000e+00 0.000000000000000000e+00 0.000000000000000000e+00
0.000000000000000000e+00 0.000000000000000000e+00 0.000000000000000000e+00 0.000000000000000000e+00 0.000000000000000000e+00
0.000000000000000000e+00 0.000000000000000000e+00 0.000000000000000000e+00 0.000000000000000000e+00 0.000000000000000000e+00
2.281386136106051948e-07 7.744848938502018021e-06 0.000000000000000000e+00 0.000000000000000000e+00 5.625647474129300454e-06
0.000000000000000000e+00 2.363897940173787730e-04 1.572723830435372044e-04 0.000000000000000000e+00 5.093457582646249816e-05
0.000000000000000000e+00 4.794179646204687825e-04 1.432197825541125873e-04 0.000000000000000000e+00 6.371323260155321681e-05
0.000000000000000000e+00 1.070979643911097734e-03 3.663677826309631670e-04 0.000000000000000000e+00 0.000000000000000000e+00
2.299449310748970785e-04 7.996266207639599879e-04 0.000000000000000000e+00 0.000000000000000000e+00 8.148521198700760205e-05
8.459388285506649983e-04 6.633067285052635011e-04 0.000000000000000000e+00 0.000000000000000000e+00 0.000000000000000000e+00
8.449045301464289809e-04 5.101044047011885161e-04 0.000000000000000000e+00 0.000000000000000000e+00 0.000000000000000000e+00
7.835213706543618260e-04 2.978300532761990580e-04 2.317916104737168155e-04 0.000000000000000000e+00 0.000000000000000000e+00
4.964307827199300645e-04 7.495070927899458067e-06 9.020990287340440719e-05 0.000000000000000000e+00 0.000000000000000000e+00
3.866151069443889837e-04 0.000000000000000000e+00 1.353166972125655846e-04 0.000000000000000000e+00 0.000000000000000000e+00
4.630172128139055788e-04 0.000000000000000000e+00 4.417544518643369490e-04 0.000000000000000000e+00 0.000000000000000000e+00
2.200080930453409344e-04 0.000000000000000000e+00 7.906869521827174100e-04 0.000000000000000000e+00 0.000000000000000000e+00
0.000000000000000000e+00 0.000000000000000000e+00 4.428834751784901241e-04 0.000000000000000000e+00 8.109174948082015211e-05
0.000000000000000000e+00 1.382309269563037137e-06 1.044579607473179847e-04 0.000000000000000000e+00 0.000000000000000000e+00
0.000000000000000000e+00 0.000000000000000000e+00 0.000000000000000000e+00 0.000000000000000000e+00 0.000000000000000000e+00
1.213132629881174947e-05 1.776596820945160494e-05 0.000000000000000000e+00 1.796039653150828397e-06 0.000000000000000000e+00
2.664134402876329637e-05 3.901545959722693295e-05 0.000000000000000000e+00 3.944243944174358794e-06 0.000000000000000000e+00
7.136074293418691545e-07 1.045056953497152833e-06 0.000000000000000000e+00 1.056493913618134032e-07 0.000000000000000000e+00
0.000000000000000000e+00 0.000000000000000000e+00 0.000000000000000000e+00 0.000000000000000000e+00 0.000000000000000000e+00
0.000000000000000000e+00 0.000000000000000000e+00 0.000000000000000000e+00 0.000000000000000000e+00 0.000000000000000000e+00
0.000000000000000000e+00 0.000000000000000000e+00 0.000000000000000000e+00 0.000000000000000000e+00 0.000000000000000000e+00
0.000000000000000000e+00 0.000000000000000000e+00 0.000000000000000000e+00 0.000000000000000000e+00 0.000000000000000000e+00
0.000000000000000000e+00 0.000000000000000000e+00 0.000000000000000000e+00 0.000000000000000000e+00 0.000000000000000000e+00
0.000000000000000000e+00 0.000000000000000000e+00 0.000000000000000000e+00 0.000000000000000000e+00 0.000000000000000000e+00
0.000000000000000000e+00 0.000000000000000000e+00 0.000000000000000000e+00 0.000000000000000000e+00 0.000000000000000000e+00
0.000000000000000000e+00 0.000000000000000000e+00 0.000000000000000000e+00 0.000000000000000000e+00 0.000000000000000000e+00
0.000000000000000000e+00 0.000000000000000000e+00 0.000000000000000000e+00 0.000000000000000000e+00 0.000000000000000000e+00
0.000000000000000000e+00 0.000000000000000000e+00 0.000000000000000000e+00 0.000000000000000000e+00 0.000000000000000000e+00
0.000000000000000000e+00 0.000000000000000000e+00 0.000000000000000000e+00 0.000000000000000000e+00 0.000000000000000000e+00
0.000000000000000000e+00 0.000000000000000000e+00 0.000000000000000000e+00 0.000000000000000000e+00 0.000000000000000000e+00
0.000000000000000000e+00 0.000000000000000000e+00 0.000000000000000000e+00 0.000000000000000000e+00 0.000000000000000000e+00
0.000000000000000000e+00 0.000000000000000000e+00 0.000000000000000000e+00 0.000000000000000000e+00 0.000000000000000000e+00
0.000000000000000000e+00 0.000000000000000000e+00 0.000000000000000000e+00 0.000000000000000000e+00 0.000000000000000000e+00
0.000000000000000000e+00 0.000000000000000000e+00 0.000000000000000000e+00 0.000000000000000000e+00 0.000000000000000000e+00
0.000000000000000000e+00 0.000000000000000000e+00 0.000000000000000000e+00 0.000000000000000000e+00 0.000000000000000000e+00
0.000000000000000000e+00 0.000000000000000000e+00 0.000000000000000000e+00 0.000000000000000000e+00 0.000000000000000000e+00
0.000000000000000000e+00 0.000000000000000000e+00 0.000000000000000000e+00 0.000000000000000000e+00 0.000000000000000000e+00
0.000000000000000000e+00 0.000000000000000000e+00 0.000000000000000000e+00 0.000000000000000000e+00 0.000000000000000000e+00
0.000000000000000000e+00 0.000000000000000000e+00 0.000000000000000000e+00 0.000000000000000000e+00 0.000000000000000000e+00
0.000000000000000000e+00 0.000000000000000000e+00 0.000000000000000000e+00 0.000000000000000000e+00 0.000000000000000000e+00
0.000000000000000000e+00 0.000000000000000000e+00 0.000000000000000000e+00 0.000000000000000000e+00 0.000000000000000000e+00
0.000000000000000000e+00 0.000000000000000000e+00 0.000000000000000000e+00 0.000000000000000000e+00 0.000000000000000000e+00
0.000000000000000000e+00 0.000000000000000000e+00 0.000000000000000000e+00 0.000000000000000000e+00 0.000000000000000000e+00
0.000000000000000000e+00 0.000000000000000000e+00 0.000000000000000000e+00 0.000000000000000000e+00 0.000000000000000000e+00
0.000000000000000000e+00 0.000000000000000000e+00 0.000000000000000000e+00 0.000000000000000000e+00 0.000000000000000000e+00
0.000000000000000000e+00 0.000000000000000000e+00 0.000000000000000000e+00 0.000000000000000000e+00 0.000000000000000000e+00
0.000000000000000000e+00 0.000000000000000000e+00 0.000000000000000000e+00 0.000000000000000000e+00 0.000000000000000000e+00
0.000000000000000000e+00 0.000000000000000000e+00 0.000000000000000000e+00 0.000000000000000000e+00 0.000000000000000000e+00
0.000000000000000000e+00 0.000000000000000000e+00 0.000000000000000000e+00 0.000000000000000000e+00 0.000000000000000000e+00
