25.883774042129517
0.000000000000000000e+00 0.000000000000000000e+00 0.000000000000000000e+00 0.000000000000000000e+00 0.000000000000000000e+00
0.000000000000000000e+00 0.000000000000000000e+00 0.000000000000000000e+00 0.000000000000000000e+00 0.000000000000000000e+00
0.000000000000000000e+00 0.000000000000000000e+00 0.000000000000000000e+00 0.000000000000000000e+00 0.000000000000000000e+00
0.000000000000000000e+00 0.000000000000000000e+00 0.000000000000000000e+00 0.000000000000000000e+00 0.000000000000000000e+00
0.000000000000000000e+00 0.000000000000000000e+00 0.000000000000000000e+00 0.000000000000000000e+00 0.000000000000000000e+00
0.000000000000000000e+00 0.000000000000000000e+00 0.000000000000000000e+00 0.000000000000000000e+00 0.000000000000000000e+00
0.000000000000000000e+00 0.000000000000000000e+00 0.000000000000000000e+00 0.000000000000000000e+00 0.000000000000000000e+00
0.000000000000000000e+00 0.000000000000000000e+00 0.000000000000000000e+00 0.000000000000000000e+00 0.000000000000000000e+00
0.000000000000000000e+00 0.000000000000000000e+00 0.000000000000000000e+00 0.000000000000000000e+00 0.000000000000000000e+00
0.000000000000000000e+00 0.000000000000000000e+00 0.000000000000000000e+00 0.000000000000000000e+00 0.000000000000000000e+00
0.000000000000000000e+00 0.000000000000000000e+00 0.000000000000000000e+00 0.000000000000000000e+00 0.000000000000000000e+00
0.000000000000000000e+00 0.000000000000000000e+00 0.000000000000000000e+00 0.000000000000000000e+00 0.000000000000000000e+00
0.000000000000000000e+00 0.000000000000000000e+00 0.000000000000000000e+00 0.000000000000000000e+00 0.000000000000000000e+00
0.000000000000000000e+00 0.000000000000000000e+00 0.000000000000000000e+00 0.000000000000000000e+00 0.000000000000000000e+00
0.000000000000000000e+00 0.000000000000000000e+00 0.000000000000000000e+00 0.000000000000000000e+00 0.000000000000000000e+00
0.000000000000000000e+00 0.000000000000000000e+00 0.000000000000000000e+00 0.000000000000000000e+00 0.000000000000000000e+00
0.000000000000000000e+00 0.000000000000000000e+00 0.000000000000000000e+00 0.000000000000000000e+00 0.000000000000000000e+00
0.000000000000000000e+00 0.000000000000000000e+00 0.000000000000000000e+00 0.000000000000000000e+00 0.000000000000000000e+00
0.000000000000000000e+00 0.000000000000000000e+00 0.000000000000000000e+00 0.000000000000000000e+00 0.000000000000000000e+00
0.000000000000000000e+00 0.000000000000000000e+00 0.000000000000000000e+00 0.000000000000000000e+00 0.000000000000000000e+00
0.000000000000000000e+00 0.000000000000000000e+00 0.000000000000000000e+00 0.000000000000000000e+00 0.000000000000000000e+00
0.000000000000000000e+00 0.000000000000000000e+00 0.000000000000000000e+00 0.000000000000000000e+00 0.000000000000000000e+00
0.000000000000000000e+00 0.000000000000000000e+00 0.000000000000000000e+00 0.000000000000000000e+00 0.000000000000000000e+00
0.000000000000000000e+00 0.000000000000000000e+00 0.000000000000000000e+00 0.000000000000000000e+00 0.000000000000000000e+00
0.000000000000000000e+00 0.000000000000000000e+00 0.000000000000000000e+00 0.000000000000000000e+00 0.000000000000000000e+00
0.000000000000000000e+00 0.000000000000000000e+00 0.000000000000000000e+00 0.000000000000000000e+00 0.000000000000000000e+00
0.000000000000000000e+00 0.000000000000000000e+00 0.000000000000000000e+00 0.000000000000000000e+00 0.000000000000000000e+00
0.000000000000000000e+00 0.000000000000000000e+00 0.000000000000000000e+00 0.000000000000000000e+00 0.000000000000000000e+00
0.000000000000000000e+00 0.000000000000000000e+00 0.000000000000000000e+00 0.000000000000000000e+00 0.000000000000000000e+00
0.000000000000000000e+00 0.000000000000000000e+00 0.000000000000000000e+00 0.000000000000000000e+00 0.000000000000000000e+00
0.000000000000000000e+00 0.000000000000000000e+00 0.000000000000000000e+00 0.000000000000000000e+00 0.000000000000000000e+00
0.000000000000000000e+00 0.000000000000000000e+00 0.000000000000000000e+00 0.000000000000000000e+00 0.000000000000000000e+00
0.000000000000000000e+00 0.000000000000000000e+00 0.000000000000000000e+00 0.000000000000000000e+00 0.000000000000000000e+00
0.000000000000000000e+00 0.000000000000000000e+00 0.000000000000000000e+00 0.000000000000000000e+00 0.000000000000000000e+00
0.000000000000000000e+00 0.000000000000000000e+00 0.000000000000000000e+00 0.000000000000000000e+00 0.000000000000000000e+00
0.000000000000000000e+00 0.000000000000000000e+00 0.000000000000000000e+00 0.000000000000000000e+00 0.000000000000000000e+00
0.000000000000000000e+00 0.000000000000000000e+00 0.000000000000000000e+00 0.000000000000000000e+00 0.000000000000000000e+00
0.000000000000000000e+00 0.000000000000000000e+00 0.000000000000000000e+00 0.000000000000000000e+00 0.000000000000000000e+00
0.000000000000000000e+00 0.000000000000000000e+00 0.000000000000000000e+00 0.000000000000000000e+00 0.000000000000000000e+00
0.000000000000000000e+00 0.000000000000000000e+00 0.000000000000000000e+00 0.000000000000000000e+00 0.000000000000000000e+00
0.000000000000000000e+00 0.000000000000000000e+00 0.000000000000000000e+00 0.000000000000000000e+00 0.000000000000000000e+00
0.000000000000000000e+00 0.000000000000000000e+00 0.000000000000000000e+00 0.000000000000000000e+00 0.000000000000000000e+00
0.000000000000000000e+00 0.000000000000000000e+00 0.000000000000000000e+00 0.000000000000000000e+00 0.000000000000000000e+00
0.000000000000000000e+00 0.000000000000000000e+00 0.000000000000000000e+00 0.000000000000000000e+00 0.000000000000000000e+00
0.000000000000000000e+00 0.000000000000000000e+00 0.000000000000000000e+00 0.000000000000000000e+00 0.000000000000000000e+00
0.000000000000000000e+00 0.000000000000000000e+00 0.000000000000000000e+00 0.000000000000000000e+00 0.000000000000000000e+00
0.000000000000000000e+00 0.000000000000000000e+00 0.000000000000000000e+00 0.000000000000000000e+00 0.000000000000000000e+00
0.000000000000000000e+00 0.000000000000000000e+00 0.000000000000000000e+00 0.000000000000000000e+00 0.000000000000000000e+00
0.000000000000000000e+00 0.000000000000000000e+00 0.000000000000000000e+00 0.000000000000000000e+00 0.000000000000000000e+00
0.000000000000000000e+00 0.000000000000000000e+00 0.000000000000000000e+00 0.000000000000000000e+00 0.000000000000000000e+00
0.000000000000000000e+00 0.000000000000000000e+00 0.000000000000000000e+00 0.000000000000000000e+00 0.000000000000000000e+00
0.000000000000000000e+00 0.000000000000000000e+00 0.000000000000000000e+00 0.000000000000000000e+00 0.000000000000000000e+00
0.000000000000000000e+00 0.000000000000000000e+00 0.000000000000000000e+00 0.000000000000000000e+00 0.000000000000000000e+00
0.000000000000000000e+00 0.000000000000000000e+00 0.000000000000000000e+00 0.000000000000000000e+00 0.000000000000000000e+00
0.000000000000000000e+00 0.000000000000000000e+00 0.000000000000000000e+00 0.000000000000000000e+00 0.000000000000000000e+00
0.000000000000000000e+00 0.000000000000000000e+00 0.000000000000000000e+00 0.000000000000000000e+00 0.000000000000000000e+00
0.000000000000000000e+00 0.000000000000000000e+00 0.000000000000000000e+00 0.000000000000000000e+00 0.000000000000000000e+00
0.000000000000000000e+00 0.000000000000000000e+00 0.000000000000000000e+00 0.000000000000000000e+00 0.000000000000000000e+00
0.000000000000000000e+00 0.000000000000000000e+00 0.000000000000000000e+00 0.000000000000000000e+00 0.000000000000000000e+00
0.000000000000000000e+00 0.000000000000000000e+00 0.000000000000000000e+00 0.000000000000000000e+00 0.000000000000000000e+00
0.000000000000000000e+00 0.000000000000000000e+00 0.000000000000000000e+00 0.000000000000000000e+00 0.000000000000000000e+00
0.000000000000000000e+00 0.000000000000000000e+00 0.000000000000000000e+00 0.000000000000000000e+00 0.000000000000000000e+00
0.000000000000000000e+00 0.000000000000000000e+00 0.000000000000000000e+00 0.000000000000000000e+00 0.000000000000000000e+00
0.000000000000000000e+00 0.000000000000000000e+00 0.000000000000000000e+00 0.000000000000000000e+00 0.000000000000000000e+00
0.000000000000000000e+00 0.000000000000000000e+00 0.000000000000000000e+00 0.000000000000000000e+00 0.000000000000000000e+00
0.000000000000000000e+00 0.000000000000000000e+00 0.000000000000000000e+00 0.000000000000000000e+00 0.000000000000000000e+00
0.000000000000000000e+00 0.000000000000000000e+00 0.000000000000000000e+00 0.000000000000000000e+00 0.000000000000000000e+00
0.000000000000000000e+00 0.000000000000000000e+00 0.000000000000000000e+00 0.000000000000000000e+00 0.000000000000000000e+00
0.000000000000000000e+00 0.000000000000000000e+00 0.000000000000000000e+00 0.000000000000000000e+00 0.000000000000000000e+00
0.000000000000000000e+00 0.000000000000000000e+00 0.000000000000000000e+00 0.000000000000000000e+00 0.000000000000000000e+00
0.000000000000000000e+00 0.000000000000000000e+00 0.000000000000000000e+00 0.000000000000000000e+00 0.000000000000000000e+00
0.000000000000000000e+00 0.000000000000000000e+00 4.132108229715396124e-04 0.000000000000000000e+00 6.979599434613263740e-04
0.000000000000000000e+00 0.000000000000000000e+00 1.619786426048436126e-03 0.000000000000000000e+00 2.736002978368397114e-03
0.000000000000000000e+00 0.000000000000000000e+00 3.470970912960938816e-04 0.000000000000000000e+00 5.862863525075132955e-04
0.000000000000000000e+00 0.000000000000000000e+00 0.000000000000000000e+00 0.000000000000000000e+00 0.000000000000000000e+00
0.000000000000000000e+00 0.000000000000000000e+00 0.000000000000000000e+00 0.000000000000000000e+00 0.000000000000000000e+00
0.000000000000000000e+00 0.000000000000000000e+00 0.000000000000000000e+00 0.000000000000000000e+00 0.000000000000000000e+00
0.000000000000000000e+00 0.000000000000000000e+00 0.000000000000000000e+00 0.000000000000000000e+00 0.000000000000000000e+00
0.000000000000000000e+00 0.000000000000000000e+00 0.000000000000000000e+00 0.000000000000000000e+00 0.000000000000000000e+00
0.000000000000000000e+00 0.000000000000000000e+00 0.000000000000000000e+00 0.000000000000000000e+00 0.000000000000000000e+00
0.000000000000000000e+00 0.000000000000000000e+00 0.000000000000000000e+00 0.000000000000000000e+00 0.000000000000000000e+00
0.000000000000000000e+00 0.000000000000000000e+00 0.000000000000000000e+00 0.000000000000000000e+00 0.000000000000000000e+00
0.000000000000000000e+00 0.000000000000000000e+00 0.000000000000000000e+00 0.000000000000000000e+00 0.000000000000000000e+00
0.000000000000000000e+00 0.000000000000000000e+00 0.000000000000000000e+00 0.000000000000000000e+00 0.000000000000000000e+00
0.000000000000000000e+00 0.000000000000000000e+00 0.000000000000000000e+00 0.000000000000000000e+00 0.000000000000000000e+00
0.000000000000000000e+00 0.000000000000000000e+00 0.000000000000000000e+00 0.000000000000000000e+00 0.000000000000000000e+00
0.000000000000000000e+00 0.000000000000000000e+00 0.000000000000000000e+00 0.000000000000000000e+00 0.000000000000000000e+00
0.000000000000000000e+00 0.000000000000000000e+00 0.000000000000000000e+00 0.000000000000000000e+00 0.000000000000000000e+00
0.000000000000000000e+00 0.000000000000000000e+00 0.000000000000000000e+00 0.000000000000000000e+00 0.000000000000000000e+00
0.000000000000000000e+00 0.000000000000000000e+00 0.000000000000000000e+00 0.000000000000000000e+00 0.000000000000000000e+00
0.000000000000000000e+00 0.000000000000000000e+00 0.000000000000000000e+00 0.000000000000000000e+00 0.000000000000000000e+00
0.000000000000000000e+00 0.000000000000000000e+00 0.000000000000000000e+00 0.000000000000000000e+00 0.000000000000000000e+00
0.000000000000000000e+00 0.000000000000000000e+00 0.000000000000000000e+00 0.000000000000000000e+00 0.000000000000000000e+00
0.000000000000000000e+00 0.000000000000000000e+00 0.000000000000000000e+00 0.000000000000000000e+00 0.000000000000000000e+00
0.000000000000000000e+00 0.000000000000000000e+00 0.000000000000000000e+00 0.000000000000000000e+00 0.000000000000000000e+00
0.000000000000000000e+00 0.000000000000000000e+00 0.000000000000000000e+00 0.000000000000000000e+00 0.000000000000000000e+00
0.000000000000000000e+00 0.000000000000000000e+00 0.000000000000000000e+00 0.000000000000000000e+00 0.000000000000000000e+00
0.000000000000000000e+00 0.000000000000000000e+00 0.000000000000000000e+00 0.000000000000000000e+00 0.000000000000000000e+00
0.000000000000000000e+00 0.000000000000000000e+00 8.264216459430792248e-04 0.000000000000000000e+00 1.395919886922652748e-03
0.000000000000000000e+00 0.000000000000000000e+00 1.723402927924391585e-03 4.042126925660723472e-03 2.714952654889725425e-03
0.000000000000000000e+00 8.383582222920468426e-05 1.919212308753665865e-03 6.545675686138735169e-03 2.924717330869266302e-03
0.000000000000000000e+00 0.000000000000000000e+00 8.680754704685518649e-04 8.833547310027903493e-04 1.423170255774085582e-03
0.000000000000000000e+00 0.000000000000000000e+00 0.000000000000000000e+00 0.000000000000000000e+00 0.000000000000000000e+00
0.000000000000000000e+00 0.000000000000000000e+00 0.000000000000000000e+00 0.000000000000000000e+00 0.000000000000000000e+00
0.000000000000000000e+00 0.000000000000000000e+00 2.848009174372204480e-03 0.000000000000000000e+00 0.000000000000000000e+00
0.000000000000000000e+00 0.000000000000000000e+00 8.645742136487048757e-03 0.000000000000000000e+00 0.000000000000000000e+00
0.000000000000000000e+00 0.000000000000000000e+00 8.408408038622696215e-03 0.000000000000000000e+00 0.000000000000000000e+00
0.000000000000000000e+00 0.000000000000000000e+00 0.000000000000000000e+00 0.000000000000000000e+00 0.000000000000000000e+00
0.000000000000000000e+00 0.000000000000000000e+00 0.000000000000000000e+00 0.000000000000000000e+00 0.000000000000000000e+00
0.000000000000000000e+00 0.000000000000000000e+00 0.000000000000000000e+00 0.000000000000000000e+00 0.000000000000000000e+00
0.000000000000000000e+00 0.000000000000000000e+00 0.000000000000000000e+00 0.000000000000000000e+00 0.000000000000000000e+00
0.000000000000000000e+00 0.000000000000000000e+00 0.000000000000000000e+00 0.000000000000000000e+00 0.000000000000000000e+00
0.000000000000000000e+00 0.000000000000000000e+00 0.000000000000000000e+00 0.000000000000000000e+00 0.000000000000000000e+00
0.000000000000000000e+00 0.000000000000000000e+00 0.000000000000000000e+00 0.000000000000000000e+00 0.000000000000000000e+00
0.000000000000000000e+00 0.000000000000000000e+00 0.000000000000000000e+00 0.000000000000000000e+00 0.000000000000000000e+00
0.000000000000000000e+00 0.000000000000000000e+00 0.000000000000000000e+00 0.000000000000000000e+00 0.000000000000000000e+00
0.000000000000000000e+00 3.944652934025945227e-05 0.000000000000000000e+00 1.518560107073068256e-03 1.003018100612805249e-03
0.000000000000000000e+00 7.275693189425602280e-05 0.000000000000000000e+00 2.800899753045881652e-03 1.850011163352508750e-03
0.000000000000000000e+00 0.000000000000000000e+00 0.000000000000000000e+00 0.000000000000000000e+00 0.000000000000000000e+00
0.000000000000000000e+00 0.000000000000000000e+00 0.000000000000000000e+00 0.000000000000000000e+00 0.000000000000000000e+00
0.000000000000000000e+00 0.000000000000000000e+00 1.001022447357863087e-04 1.934316328852974743e-03 0.000000000000000000e+00
0.000000000000000000e+00 0.000000000000000000e+00 0.000000000000000000e+00 1.396810638214364755e-02 3.932944083103669954e-04
0.000000000000000000e+00 0.000000000000000000e+00 0.000000000000000000e+00 1.598415311029111052e-02 2.269995781362801196e-03
3.590376186828464478e-05 0.000000000000000000e+00 0.000000000000000000e+00 8.554331716442840905e-03 4.885069887229685033e-04
3.348718179393145181e-04 2.275463162605928860e-03 9.615288592561175521e-04 0.000000000000000000e+00 9.256721802751739629e-05
0.000000000000000000e+00 9.460215036660920293e-04 0.000000000000000000e+00 0.000000000000000000e+00 1.033620081297397485e-02
0.000000000000000000e+00 8.020411118986368144e-04 0.000000000000000000e+00 0.000000000000000000e+00 2.027861922181102214e-02
0.000000000000000000e+00 2.225535974109219776e-03 2.321580184995616328e-04 3.709492033100923476e-03 9.678365545403511822e-03
0.000000000000000000e+00 3.503569656109843753e-03 0.000000000000000000e+00 5.151421196887050712e-03 1.241041025136377374e-02
0.000000000000000000e+00 7.868290993738693770e-03 0.000000000000000000e+00 2.334150053107460817e-03 9.184568622509815122e-03
0.000000000000000000e+00 1.592136256777926251e-02 1.217102694328976199e-02 5.412515762591343059e-03 0.000000000000000000e+00
0.000000000000000000e+00 6.169093392859642012e-03 2.132898618928912374e-02 0.000000000000000000e+00 0.000000000000000000e+00
0.000000000000000000e+00 0.000000000000000000e+00 4.436915313382905346e-02 0.000000000000000000e+00 0.000000000000000000e+00
0.000000000000000000e+00 0.000000000000000000e+00 4.389774010069372873e-02 0.000000000000000000e+00 0.000000000000000000e+00
0.000000000000000000e+00 0.000000000000000000e+00 2.601453447126046703e-02 1.384637127644259072e-03 0.000000000000000000e+00
1.419831862265353174e-03 0.000000000000000000e+00 6.846111025808856131e-03 1.388981440340420230e-03 0.000000000000000000e+00
0.000000000000000000e+00 0.000000000000000000e+00 0.000000000000000000e+00 0.000000000000000000e+00 0.000000000000000000e+00
0.000000000000000000e+00 0.000000000000000000e+00 0.000000000000000000e+00 0.000000000000000000e+00 0.000000000000000000e+00
0.000000000000000000e+00 0.000000000000000000e+00 0.000000000000000000e+00 0.000000000000000000e+00 0.000000000000000000e+00
0.000000000000000000e+00 0.000000000000000000e+00 0.000000000000000000e+00 0.000000000000000000e+00 0.000000000000000000e+00
0.000000000000000000e+00 0.000000000000000000e+00 0.000000000000000000e+00 0.000000000000000000e+00 0.000000000000000000e+00
0.000000000000000000e+00 0.000000000000000000e+00 0.000000000000000000e+00 0.000000000000000000e+00 0.000000000000000000e+00
0.000000000000000000e+00 0.000000000000000000e+00 0.000000000000000000e+00 0.000000000000000000e+00 0.000000000000000000e+00
0.000000000000000000e+00 1.617192008300878854e-04 0.000000000000000000e+00 4.337370520266784412e-04 0.000000000000000000e+00
0.000000000000000000e+00 5.064779307542914251e-04 0.000000000000000000e+00 8.359418690486907638e-03 4.966293798865920560e-03
0.000000000000000000e+00 3.409170018548941567e-04 0.000000000000000000e+00 8.668851584997651002e-03 5.503767659028602210e-03
0.000000000000000000e+00 1.292944216669731717e-03 1.394471380584680733e-03 7.028151503872377692e-03 0.000000000000000000e+00
0.000000000000000000e+00 2.711424041971493594e-03 1.162727084476508806e-03 1.109455342451805965e-02 0.000000000000000000e+00
0.000000000000000000e+00 5.023930317303938785e-04 0.000000000000000000e+00 3.112097464854735734e-02 0.000000000000000000e+00
0.000000000000000000e+00 5.423064228698010192e-03 0.000000000000000000e+00 4.625777501447974477e-02 2.357676647863493277e-03
2.661528640410871821e-04 2.286876456913188374e-02 0.000000000000000000e+00 2.599507746537500427e-02 4.954854454122638655e-03
9.074160618859086758e-03 3.234851417055734785e-02 0.000000000000000000e+00 8.252081576902609321e-04 0.000000000000000000e+00
3.567691650627937555e-02 3.131112822034531201e-02 0.000000000000000000e+00 0.000000000000000000e+00 0.000000000000000000e+00
4.366324486457635878e-02 1.477088248938874041e-02 0.000000000000000000e+00 0.000000000000000000e+00 8.308505099937406324e-03
3.399290087640428198e-02 1.518557953369048226e-03 0.000000000000000000e+00 0.000000000000000000e+00 2.600886747437174476e-02
1.268524088018061977e-02 5.380005722628332376e-03 0.000000000000000000e+00 4.114222697923996760e-04 2.615170718536908440e-02
5.036659344076678362e-03 9.936436704033669784e-03 0.000000000000000000e+00 2.966728614583290582e-03 3.240663433961724071e-02
1.638862214611074182e-03 2.472422455334437677e-02 0.000000000000000000e+00 6.093944411693661377e-03 3.067377353118897268e-02
0.000000000000000000e+00 5.450852779114458146e-02 1.007256948460226280e-02 0.000000000000000000e+00 5.939800906712898627e-03
0.000000000000000000e+00 4.716897570554301478e-02 3.410768745038512961e-02 0.000000000000000000e+00 0.000000000000000000e+00
0.000000000000000000e+00 5.253832801590105871e-03 7.590148972111182557e-02 0.000000000000000000e+00 0.000000000000000000e+00
0.000000000000000000e+00 0.000000000000000000e+00 7.915978019923008979e-02 1.338984590520592372e-03 0.000000000000000000e+00
1.603469700642148887e-02 0.000000000000000000e+00 4.516487220261879848e-02 5.969921854155517578e-03 0.000000000000000000e+00
1.554103545817422244e-02 0.000000000000000000e+00 2.117830806623333811e-02 1.504407015309330679e-02 1.271581974163665807e-02
8.177410209889802994e-03 0.000000000000000000e+00 1.109038012987541462e-02 3.763415793418310208e-03 1.557757162263418392e-02
0.000000000000000000e+00 0.000000000000000000e+00 2.562567055574486823e-03 1.949054745740808276e-03 1.232939130962501864e-02
0.000000000000000000e+00 0.000000000000000000e+00 0.000000000000000000e+00 0.000000000000000000e+00 0.000000000000000000e+00
0.000000000000000000e+00 0.000000000000000000e+00 0.000000000000000000e+00 0.000000000000000000e+00 0.000000000000000000e+00
0.000000000000000000e+00 0.000000000000000000e+00 0.000000000000000000e+00 0.000000000000000000e+00 0.000000000000000000e+00
0.000000000000000000e+00 0.000000000000000000e+00 0.000000000000000000e+00 0.000000000000000000e+00 0.000000000000000000e+00
0.000000000000000000e+00 0.000000000000000000e+00 0.000000000000000000e+00 0.000000000000000000e+00 0.000000000000000000e+00
0.000000000000000000e+00 1.728854249900234558e-03 0.000000000000000000e+00 7.744931533062405886e-03 2.184368137459298184e-03
0.000000000000000000e+00 3.479251293450217296e-03 0.000000000000000000e+00 1.818977004975876402e-02 5.033913846392954958e-03
0.000000000000000000e+00 5.296683777103463990e-03 0.000000000000000000e+00 1.865037230155070641e-02 3.749791438989678524e-03
0.000000000000000000e+00 8.189866872301995032e-03 0.000000000000000000e+00 1.105327101478168622e-02 4.408655242631380440e-05
0.000000000000000000e+00 5.654609831140993380e-03 0.000000000000000000e+00 2.828900038996590843e-02 0.000000000000000000e+00
0.000000000000000000e+00 1.199529633945599708e-02 0.000000000000000000e+00 4.725259887801484815e-02 0.000000000000000000e+00
0.000000000000000000e+00 3.117713939901492134e-02 0.000000000000000000e+00 5.983496334094597080e-02 1.079408776941775472e-03
5.360258796187520984e-03 5.666827083831401518e-02 0.000000000000000000e+00 3.119898433017683631e-02 2.645022491912909623e-03
3.872565659197624299e-02 7.451594140997770677e-02 0.000000000000000000e+00 0.000000000000000000e+00 0.000000000000000000e+00
7.426229510431361924e-02 4.098136413271261796e-02 0.000000000000000000e+00 0.000000000000000000e+00 0.000000000000000000e+00
8.143008931221004665e-02 1.826876413403867236e-02 0.000000000000000000e+00 0.000000000000000000e+00 6.235999097054625503e-03
4.870690570630774319e-02 1.394729936689748052e-03 0.000000000000000000e+00 0.000000000000000000e+00 3.126938990125337908e-02
1.760946373173575066e-02 5.482216087260806912e-03 0.000000000000000000e+00 0.000000000000000000e+00 4.038587971564511908e-02
4.916875680046442140e-03 2.055026980642968987e-02 0.000000000000000000e+00 6.333699405026546082e-03 4.908226908818174444e-02
0.000000000000000000e+00 4.366057639756195513e-02 0.000000000000000000e+00 8.273948738749726042e-03 5.785783206483906260e-02
0.000000000000000000e+00 9.515570318078023226e-02 7.968973418079077289e-03 0.000000000000000000e+00 1.273152456603611829e-02
0.000000000000000000e+00 7.965260092685423621e-02 6.006866361621684275e-02 8.757074810327001788e-03 0.000000000000000000e+00
0.000000000000000000e+00 6.799210448113426550e-03 1.036880988774296491e-01 0.000000000000000000e+00 0.000000000000000000e+00
1.334491799989685583e-02 0.000000000000000000e+00 9.581745094795590667e-02 8.430004395546499473e-04 0.000000000000000000e+00
4.542894161757553284e-02 0.000000000000000000e+00 5.066651042402262051e-02 2.156238878308636489e-02 6.084034181736757904e-04
5.046711362763375841e-02 0.000000000000000000e+00 1.866732603543501748e-02 2.742443098561224424e-02 1.135504171866385040e-02
2.563164698953623172e-02 0.000000000000000000e+00 1.079489865542432488e-02 1.052805550746747400e-02 1.458848778591870059e-02
1.080062862679404597e-03 0.000000000000000000e+00 2.787756157699783528e-03 3.456212001015021140e-03 1.008721045922494550e-02
0.000000000000000000e+00 0.000000000000000000e+00 8.860413522505270964e-04 6.383838628042042386e-04 1.474806896056052655e-03
0.000000000000000000e+00 0.000000000000000000e+00 0.000000000000000000e+00 0.000000000000000000e+00 0.000000000000000000e+00
0.000000000000000000e+00 0.000000000000000000e+00 0.000000000000000000e+00 0.000000000000000000e+00 0.000000000000000000e+00
0.000000000000000000e+00 0.000000000000000000e+00 0.000000000000000000e+00 0.000000000000000000e+00 0.000000000000000000e+00
0.000000000000000000e+00 0.000000000000000000e+00 0.000000000000000000e+00 0.000000000000000000e+00 0.000000000000000000e+00
0.000000000000000000e+00 1.745509451177230465e-03 0.000000000000000000e+00 8.386101356048813668e-03 2.607864668829149718e-03
0.000000000000000000e+00 3.336866997077278236e-04 0.000000000000000000e+00 2.771611906962976116e-02 4.309205526237326264e-03
0.000000000000000000e+00 1.833828397408298564e-03 0.000000000000000000e+00 4.398283175604428968e-02 2.068279460788586231e-03
0.000000000000000000e+00 4.032250794533523419e-03 0.000000000000000000e+00 2.992500195593568099e-02 0.000000000000000000e+00
0.000000000000000000e+00 5.617767677050928415e-03 0.000000000000000000e+00 5.133115817693408023e-02 0.000000000000000000e+00
0.000000000000000000e+00 1.941182026752026960e-02 0.000000000000000000e+00 6.172196441817931478e-02 3.000666212571472934e-03
6.667744737471689590e-04 6.995878911234047759e-02 0.000000000000000000e+00 4.661928283806479612e-02 0.000000000000000000e+00
3.383016141965088791e-02 8.813047553943005596e-02 0.000000000000000000e+00 1.060478397335991654e-02 0.000000000000000000e+00
8.401112250128674186e-02 7.768308028693725331e-02 7.025674124306663035e-04 0.000000000000000000e+00 0.000000000000000000e+00
9.437395556766754734e-02 2.687679401488480072e-02 0.000000000000000000e+00 0.000000000000000000e+00 3.026119353857682596e-03
8.594050878045496333e-02 3.759249449359922200e-03 0.000000000000000000e+00 0.000000000000000000e+00 2.101574414797772669e-02
3.615747876025521279e-02 0.000000000000000000e+00 0.000000000000000000e+00 0.000000000000000000e+00 5.331185101155849759e-02
1.120911961135373329e-02 3.839304219208374957e-03 0.000000000000000000e+00 0.000000000000000000e+00 4.612474606580317660e-02
2.267239875887759343e-03 2.846603466781325725e-02 0.000000000000000000e+00 6.782660382677599062e-03 7.148479268328090941e-02
0.000000000000000000e+00 6.906940973982902965e-02 0.000000000000000000e+00 1.908903520633228358e-03 8.068826783795031432e-02
0.000000000000000000e+00 1.110999729001495157e-01 1.471486982589456996e-02 4.173414192549587676e-03 4.977168429240316078e-02
0.000000000000000000e+00 7.917034099929501356e-02 9.389466450413036513e-02 2.312020894373693208e-02 0.000000000000000000e+00
0.000000000000000000e+00 0.000000000000000000e+00 1.287568650907934265e-01 3.832241319545027364e-02 0.000000000000000000e+00
3.995287960408367561e-02 0.000000000000000000e+00 8.625153936373328167e-02 2.791835300900142799e-02 0.000000000000000000e+00
8.008924629374274129e-02 0.000000000000000000e+00 2.759394096869508678e-02 3.126587319025921768e-02 6.079658280532415811e-03
7.080925987002568978e-02 0.000000000000000000e+00 8.525948451816901807e-03 2.937786508734348961e-02 1.116942059795887274e-02
2.847607613130697171e-02 0.000000000000000000e+00 4.998915937538681714e-03 8.561996396761702155e-03 1.727222831522255697e-02
0.000000000000000000e+00 0.000000000000000000e+00 3.251012531341040783e-03 5.704426995922864431e-03 1.475775118567414917e-02
0.000000000000000000e+00 0.000000000000000000e+00 1.073334646222182543e-03 7.733267931530603354e-04 1.786554695222371085e-03
0.000000000000000000e+00 0.000000000000000000e+00 0.000000000000000000e+00 0.000000000000000000e+00 0.000000000000000000e+00
0.000000000000000000e+00 0.000000000000000000e+00 0.000000000000000000e+00 0.000000000000000000e+00 0.000000000000000000e+00
0.000000000000000000e+00 0.000000000000000000e+00 0.000000000000000000e+00 0.000000000000000000e+00 0.000000000000000000e+00
0.000000000000000000e+00 0.000000000000000000e+00 0.000000000000000000e+00 0.000000000000000000e+00 0.000000000000000000e+00
0.000000000000000000e+00 1.760411473372440775e-03 0.000000000000000000e+00 8.959779618720858582e-03 2.986782617949543424e-03
0.000000000000000000e+00 6.541629122680035595e-04 0.000000000000000000e+00 3.207416573645059665e-02 2.586591321631116769e-03
0.000000000000000000e+00 1.811230164935712051e-03 0.000000000000000000e+00 4.741719656777621666e-02 1.343838725900068764e-03
0.000000000000000000e+00 5.917118648574811769e-03 0.000000000000000000e+00 6.016328066648862077e-02 0.000000000000000000e+00
0.000000000000000000e+00 8.079228392158341321e-03 0.000000000000000000e+00 8.099322441370264414e-02 3.295558606226440222e-03
0.000000000000000000e+00 3.417368865424369462e-02 0.000000000000000000e+00 6.934276038566150602e-02 2.204062288132989378e-03
2.249974224269197728e-02 9.740738857461787858e-02 0.000000000000000000e+00 3.552814122808670844e-02 0.000000000000000000e+00
8.289417726489223259e-02 9.799213782250941474e-02 0.000000000000000000e+00 0.000000000000000000e+00 0.000000000000000000e+00
1.039555990246139178e-01 6.458515603428446883e-02 1.190586113510933713e-02 0.000000000000000000e+00 0.000000000000000000e+00
1.061870472929446751e-01 1.365761577683470345e-03 2.590756679924535039e-02 0.000000000000000000e+00 1.410927371760348562e-02
6.601426971466466120e-02 0.000000000000000000e+00 1.153972661465888297e-02 0.000000000000000000e+00 6.023283378397814580e-02
2.489550125588631951e-02 0.000000000000000000e+00 0.000000000000000000e+00 0.000000000000000000e+00 7.216412205681400904e-02
4.583255128356189881e-03 3.503860976541602057e-03 0.000000000000000000e+00 0.000000000000000000e+00 5.117233981679934068e-02
0.000000000000000000e+00 3.922180755863999280e-02 0.000000000000000000e+00 0.000000000000000000e+00 9.500262175218646132e-02
0.000000000000000000e+00 8.642132171146062192e-02 0.000000000000000000e+00 0.000000000000000000e+00 1.041597570994986371e-01
0.000000000000000000e+00 1.085770515032961903e-01 4.120761073452228890e-02 1.516868739300168863e-02 3.836275124672174075e-02
0.000000000000000000e+00 6.624062317261508737e-02 1.262116593008813514e-01 4.787652526564793037e-02 0.000000000000000000e+00
1.422975942092548352e-02 0.000000000000000000e+00 1.306819731172847443e-01 8.356055165730690015e-02 0.000000000000000000e+00
8.918125796020991147e-02 0.000000000000000000e+00 5.721190878626800785e-02 6.926278204995645060e-02 0.000000000000000000e+00
1.143087271725824194e-01 0.000000000000000000e+00 6.891870734001858019e-03 3.625650247297882572e-02 5.791873938861297200e-03
8.393897071502001705e-02 0.000000000000000000e+00 0.000000000000000000e+00 2.051428973345524251e-02 1.805268401536279724e-02
2.081866764365657499e-02 0.000000000000000000e+00 0.000000000000000000e+00 3.952523176937921883e-04 1.019833072564819976e-02
5.755182852196316298e-03 0.000000000000000000e+00 0.000000000000000000e+00 3.169116150556432806e-03 1.340434514922571839e-02
0.000000000000000000e+00 0.000000000000000000e+00 0.000000000000000000e+00 0.000000000000000000e+00 0.000000000000000000e+00
0.000000000000000000e+00 0.000000000000000000e+00 0.000000000000000000e+00 0.000000000000000000e+00 0.000000000000000000e+00
0.000000000000000000e+00 0.000000000000000000e+00 0.000000000000000000e+00 0.000000000000000000e+00 0.000000000000000000e+00
0.000000000000000000e+00 0.000000000000000000e+00 0.000000000000000000e+00 0.000000000000000000e+00 0.000000000000000000e+00
0.000000000000000000e+00 0.000000000000000000e+00 0.000000000000000000e+00 0.000000000000000000e+00 0.000000000000000000e+00
0.000000000000000000e+00 1.454207657400990528e-03 0.000000000000000000e+00 1.187450263304977958e-02 5.644776182764509910e-03
0.000000000000000000e+00 6.770098094949799543e-04 0.000000000000000000e+00 3.219512625556265190e-02 2.526172035651510963e-03
0.000000000000000000e+00 0.000000000000000000e+00 0.000000000000000000e+00 5.554131622884186242e-02 1.422519918063773784e-03
0.000000000000000000e+00 0.000000000000000000e+00 0.000000000000000000e+00 8.691830105644235416e-02 0.000000000000000000e+00
0.000000000000000000e+00 1.394150042733178878e-02 0.000000000000000000e+00 9.164902752389075813e-02 1.598940465291413121e-03
6.055505878578847784e-03 5.203266171537802159e-02 0.000000000000000000e+00 7.074263150984909376e-02 0.000000000000000000e+00
6.958025673189360827e-02 1.181437100798620049e-01 0.000000000000000000e+00 1.108047105362279516e-02 0.000000000000000000e+00
1.043936221888966676e-01 1.028270664732825468e-01 1.159943906747567914e-02 0.000000000000000000e+00 0.000000000000000000e+00
1.158715632814880520e-01 3.268095393307664243e-02 4.227233953152034068e-02 0.000000000000000000e+00 5.575855185236337341e-04
9.129111778576196046e-02 0.000000000000000000e+00 5.128308162384972307e-02 0.000000000000000000e+00 6.057498924379798450e-02
3.095308492369913331e-02 0.000000000000000000e+00 2.353665767714222326e-02 2.769084151858457882e-03 1.310251352371279154e-01
0.000000000000000000e+00 0.000000000000000000e+00 0.000000000000000000e+00 0.000000000000000000e+00 9.690584081394004734e-02
0.000000000000000000e+00 3.281493311999453526e-03 0.000000000000000000e+00 0.000000000000000000e+00 4.921925573132023002e-02
0.000000000000000000e+00 4.912102667029061981e-02 0.000000000000000000e+00 0.000000000000000000e+00 1.104064533398616405e-01
0.000000000000000000e+00 8.831862736078538445e-02 0.000000000000000000e+00 0.000000000000000000e+00 1.237531973329374368e-01
0.000000000000000000e+00 1.050031149647682738e-01 7.122752052926600852e-02 2.041762321387535078e-02 3.015162776966071739e-02
0.000000000000000000e+00 4.621515250274173259e-02 1.445493543240771728e-01 6.361138228857469989e-02 0.000000000000000000e+00
6.155631184172912634e-02 0.000000000000000000e+00 1.112130835108784549e-01 9.929837216091515206e-02 0.000000000000000000e+00
1.234223326331506387e-01 0.000000000000000000e+00 2.529842716786789500e-02 9.741796808046597478e-02 0.000000000000000000e+00
1.202008532151803283e-01 0.000000000000000000e+00 0.000000000000000000e+00 4.660740618686694259e-02 3.094878867584359081e-03
6.344823347592840057e-02 0.000000000000000000e+00 0.000000000000000000e+00 9.817471437627969810e-03 1.460891354412962098e-02
1.139756227503939748e-02 0.000000000000000000e+00 0.000000000000000000e+00 1.461591047651539764e-03 1.319643207132252527e-02
5.289338432739036644e-03 0.000000000000000000e+00 0.000000000000000000e+00 7.551846424911118523e-04 6.520292054575971795e-03
0.000000000000000000e+00 0.000000000000000000e+00 0.000000000000000000e+00 0.000000000000000000e+00 0.000000000000000000e+00
0.000000000000000000e+00 0.000000000000000000e+00 0.000000000000000000e+00 0.000000000000000000e+00 0.000000000000000000e+00
0.000000000000000000e+00 0.000000000000000000e+00 0.000000000000000000e+00 0.000000000000000000e+00 0.000000000000000000e+00
0.000000000000000000e+00 0.000000000000000000e+00 0.000000000000000000e+00 0.000000000000000000e+00 0.000000000000000000e+00
0.000000000000000000e+00 0.000000000000000000e+00 0.000000000000000000e+00 0.000000000000000000e+00 0.000000000000000000e+00
0.000000000000000000e+00 3.528931136744577158e-04 0.000000000000000000e+00 9.669794835905109673e-03 5.293055186931886272e-03
0.000000000000000000e+00 0.000000000000000000e+00 0.000000000000000000e+00 2.886677400191066042e-02 2.387042335486849048e-03
0.000000000000000000e+00 0.000000000000000000e+00 0.000000000000000000e+00 7.016027856578245514e-02 5.053141543726444220e-04
0.000000000000000000e+00 0.000000000000000000e+00 0.000000000000000000e+00 1.001323442570195149e-01 0.000000000000000000e+00
1.761942757346101696e-03 3.191740457472370257e-02 0.000000000000000000e+00 8.493058775706738284e-02 0.000000000000000000e+00
5.040111629284873412e-02 8.400468930276672186e-02 0.000000000000000000e+00 5.612028328040153530e-02 0.000000000000000000e+00
1.017357000902922998e-01 1.301169594447260658e-01 0.000000000000000000e+00 0.000000000000000000e+00 0.000000000000000000e+00
1.226968871820261348e-01 7.899068016139383641e-02 4.923177525127549192e-02 0.000000000000000000e+00 0.000000000000000000e+00
1.083630566666324846e-01 4.331896667775093912e-03 7.452784614428356602e-02 0.000000000000000000e+00 4.430360274503877122e-02
4.218014753389692784e-02 0.000000000000000000e+00 5.596568332555258013e-02 0.000000000000000000e+00 1.356809755523608052e-01
5.772587855547609784e-04 0.000000000000000000e+00 2.044774262656330957e-02 3.278235580856476202e-03 1.449616044695375416e-01
0.000000000000000000e+00 0.000000000000000000e+00 3.428551046221443047e-05 0.000000000000000000e+00 8.345246496614293352e-02
0.000000000000000000e+00 6.348289974382393362e-03 0.000000000000000000e+00 0.000000000000000000e+00 5.155031553675167022e-02
0.000000000000000000e+00 5.789003977020819314e-02 0.000000000000000000e+00 0.000000000000000000e+00 1.337016295390080212e-01
0.000000000000000000e+00 1.007328870189640596e-01 8.459664741419382905e-03 0.000000000000000000e+00 1.251712344721672976e-01
0.000000000000000000e+00 9.879312186547427321e-02 1.066897624401838551e-01 2.193555897874610583e-02 2.465510177881776940e-02
1.064185659186009554e-02 4.067579628188854740e-02 1.471318256497626542e-01 8.036803991166563410e-02 0.000000000000000000e+00
1.074425709381235799e-01 0.000000000000000000e+00 7.750177148710511721e-02 1.061214126336955110e-01 0.000000000000000000e+00
1.258105160773144715e-01 0.000000000000000000e+00 3.181018809747023206e-03 9.062274171685308355e-02 0.000000000000000000e+00
8.917343416737534556e-02 0.000000000000000000e+00 0.000000000000000000e+00 4.075889044467136124e-02 0.000000000000000000e+00
2.445453560430357540e-02 0.000000000000000000e+00 0.000000000000000000e+00 1.521166264389861144e-03 1.281866619837619334e-02
8.245512023446000330e-03 0.000000000000000000e+00 0.000000000000000000e+00 0.000000000000000000e+00 8.075627664842478098e-03
1.741454469355418165e-03 0.000000000000000000e+00 0.000000000000000000e+00 0.000000000000000000e+00 1.600231263516979857e-03
0.000000000000000000e+00 0.000000000000000000e+00 0.000000000000000000e+00 0.000000000000000000e+00 0.000000000000000000e+00
0.000000000000000000e+00 0.000000000000000000e+00 0.000000000000000000e+00 0.000000000000000000e+00 0.000000000000000000e+00
0.000000000000000000e+00 0.000000000000000000e+00 0.000000000000000000e+00 0.000000000000000000e+00 0.000000000000000000e+00
0.000000000000000000e+00 0.000000000000000000e+00 0.000000000000000000e+00 0.000000000000000000e+00 0.000000000000000000e+00
0.000000000000000000e+00 0.000000000000000000e+00 0.000000000000000000e+00 0.000000000000000000e+00 0.000000000000000000e+00
0.000000000000000000e+00 3.484661728248800248e-04 0.000000000000000000e+00 6.687431164573287047e-03 1.737216615356275244e-03
0.000000000000000000e+00 0.000000000000000000e+00 0.000000000000000000e+00 3.513081003112755035e-02 2.071660395094514304e-03
0.000000000000000000e+00 0.000000000000000000e+00 0.000000000000000000e+00 8.861731199289966943e-02 0.000000000000000000e+00
0.000000000000000000e+00 4.806351001208586556e-03 0.000000000000000000e+00 1.087617219265238355e-01 0.000000000000000000e+00
4.530605665850388764e-02 5.096173926679217758e-02 0.000000000000000000e+00 8.063216978708202809e-02 0.000000000000000000e+00
9.097416453399660707e-02 9.929677544847470561e-02 0.000000000000000000e+00 4.664316468627700829e-02 0.000000000000000000e+00
1.208401053246478951e-01 1.179832581110292489e-01 2.508515002547567763e-02 0.000000000000000000e+00 0.000000000000000000e+00
1.166362471980551402e-01 4.499510182984736012e-02 9.193301994333591409e-02 0.000000000000000000e+00 2.277103221603857600e-02
5.623728357378679488e-02 0.000000000000000000e+00 9.441529607196187668e-02 0.000000000000000000e+00 1.170451263448259588e-01
0.000000000000000000e+00 0.000000000000000000e+00 4.728171045817824297e-02 0.000000000000000000e+00 1.578247380851540427e-01
0.000000000000000000e+00 0.000000000000000000e+00 8.097012501692986419e-03 0.000000000000000000e+00 1.087860385999398632e-01
0.000000000000000000e+00 5.512510590799549887e-03 0.000000000000000000e+00 0.000000000000000000e+00 4.821372713659330400e-02
0.000000000000000000e+00 1.549970494536541919e-02 0.000000000000000000e+00 0.000000000000000000e+00 7.312864394726452388e-02
0.000000000000000000e+00 6.718905050681626967e-02 0.000000000000000000e+00 0.000000000000000000e+00 1.662289705703940690e-01
0.000000000000000000e+00 1.061746850078410936e-01 4.395362381596395335e-02 0.000000000000000000e+00 1.237396761916192550e-01
0.000000000000000000e+00 8.551487602490034923e-02 1.378666615351749891e-01 3.643256111269663200e-02 0.000000000000000000e+00
7.918890192175220832e-02 5.143479202508111775e-02 1.141141228864322454e-01 8.924705130516900897e-02 0.000000000000000000e+00
1.264549387375842882e-01 3.022295497839749823e-03 3.827813783970467065e-02 1.019289149986539605e-01 0.000000000000000000e+00
1.152462098111063371e-01 0.000000000000000000e+00 0.000000000000000000e+00 8.328705011512001211e-02 0.000000000000000000e+00
5.294822794881837852e-02 0.000000000000000000e+00 0.000000000000000000e+00 4.366637922732039684e-02 0.000000000000000000e+00
1.314432440058829407e-02 0.000000000000000000e+00 0.000000000000000000e+00 5.828777621455102052e-04 1.309607934503747434e-02
2.818203151277465842e-03 0.000000000000000000e+00 0.000000000000000000e+00 3.537982833176296681e-04 3.123030721327769814e-03
0.000000000000000000e+00 0.000000000000000000e+00 0.000000000000000000e+00 0.000000000000000000e+00 0.000000000000000000e+00
0.000000000000000000e+00 0.000000000000000000e+00 0.000000000000000000e+00 0.000000000000000000e+00 0.000000000000000000e+00
0.000000000000000000e+00 0.000000000000000000e+00 0.000000000000000000e+00 0.000000000000000000e+00 0.000000000000000000e+00
0.000000000000000000e+00 0.000000000000000000e+00 0.000000000000000000e+00 0.000000000000000000e+00 0.000000000000000000e+00
0.000000000000000000e+00 0.000000000000000000e+00 0.000000000000000000e+00 0.000000000000000000e+00 0.000000000000000000e+00
0.000000000000000000e+00 0.000000000000000000e+00 0.000000000000000000e+00 0.000000000000000000e+00 0.000000000000000000e+00
0.000000000000000000e+00 3.325741248806571163e-04 3.597407026674993217e-04 3.889249231403171803e-03 0.000000000000000000e+00
0.000000000000000000e+00 0.000000000000000000e+00 6.118500232422307769e-04 5.550517905754499826e-02 7.387316038564144824e-04
1.168126621940941906e-03 0.000000000000000000e+00 0.000000000000000000e+00 8.986141792338932233e-02 0.000000000000000000e+00
3.779541447252506015e-02 1.542489699273960971e-02 0.000000000000000000e+00 1.027232300407768251e-01 0.000000000000000000e+00
8.047809015698213775e-02 7.020183419761873156e-02 0.000000000000000000e+00 8.596110234348958157e-02 0.000000000000000000e+00
1.122669351613577865e-01 9.963990333085963325e-02 1.616254650062724091e-02 3.635108886049139010e-02 0.000000000000000000e+00
1.246712007980630560e-01 1.005445212883224887e-01 6.608442797572673666e-02 0.000000000000000000e+00 3.221200207902325148e-03
9.589904051793946005e-02 4.511893095751082217e-02 9.813259806660890039e-02 0.000000000000000000e+00 9.423559908378496830e-02
3.310259229663014419e-02 2.074178956613472336e-03 6.807816009929613943e-02 0.000000000000000000e+00 1.660381380138344909e-01
1.208466476931521760e-02 5.686485980771626043e-03 1.254408115511015769e-02 0.000000000000000000e+00 1.259906199426747697e-01
6.649828039149607156e-03 2.498715610058129671e-02 0.000000000000000000e+00 0.000000000000000000e+00 5.286043140702098575e-02
2.717821194264604008e-03 3.265613650244264532e-02 0.000000000000000000e+00 1.820736609333682351e-03 3.757848780997206928e-02
0.000000000000000000e+00 4.658998870488710586e-02 0.000000000000000000e+00 4.097110422739569206e-03 1.120958637984983824e-01
0.000000000000000000e+00 8.780508260836296375e-02 0.000000000000000000e+00 0.000000000000000000e+00 1.888630706831813666e-01
0.000000000000000000e+00 1.117990327330997125e-01 8.123366326640328594e-02 3.394473154333335022e-03 1.069303905479413452e-01
4.017445405547603876e-02 7.758281097885950939e-02 1.393641718931779294e-01 5.670515682429224519e-02 0.000000000000000000e+00
1.156980720044081395e-01 6.496254240294725701e-02 7.348540983625692635e-02 8.856344628420290133e-02 0.000000000000000000e+00
1.247791784896792322e-01 7.347884230182599383e-03 8.290421358040013511e-03 9.332424190944696440e-02 0.000000000000000000e+00
8.352092753464546160e-02 0.000000000000000000e+00 0.000000000000000000e+00 7.407962141637082498e-02 0.000000000000000000e+00
1.693652845394087378e-02 0.000000000000000000e+00 0.000000000000000000e+00 4.442983030605229811e-02 4.061737290934891789e-03
3.418589901749726195e-03 0.000000000000000000e+00 0.000000000000000000e+00 2.729038289647330029e-03 3.124512006286352377e-03
4.783778265992392695e-05 0.000000000000000000e+00 8.014222924914202835e-05 2.325696807412835356e-04 3.390957725136386483e-04
0.000000000000000000e+00 0.000000000000000000e+00 0.000000000000000000e+00 0.000000000000000000e+00 0.000000000000000000e+00
0.000000000000000000e+00 0.000000000000000000e+00 0.000000000000000000e+00 0.000000000000000000e+00 0.000000000000000000e+00
0.000000000000000000e+00 0.000000000000000000e+00 0.000000000000000000e+00 0.000000000000000000e+00 0.000000000000000000e+00
0.000000000000000000e+00 0.000000000000000000e+00 0.000000000000000000e+00 0.000000000000000000e+00 0.000000000000000000e+00
0.000000000000000000e+00 0.000000000000000000e+00 0.000000000000000000e+00 0.000000000000000000e+00 0.000000000000000000e+00
0.000000000000000000e+00 0.000000000000000000e+00 0.000000000000000000e+00 0.000000000000000000e+00 0.000000000000000000e+00
0.000000000000000000e+00 3.211784608490271054e-04 4.701045067014168787e-04 3.450554089359840048e-03 0.000000000000000000e+00
2.795352667713228104e-03 0.000000000000000000e+00 1.241709557272124191e-03 5.759195000836682399e-02 0.000000000000000000e+00
3.155895868795417780e-02 0.000000000000000000e+00 0.000000000000000000e+00 8.151619999057169164e-02 0.000000000000000000e+00
7.413962159224113391e-02 2.403158771978329902e-02 0.000000000000000000e+00 1.010199277387535816e-01 0.000000000000000000e+00
1.023290137038838227e-01 6.301777517530500472e-02 1.086199536167530705e-02 8.852501596162867803e-02 0.000000000000000000e+00
1.182329586868622606e-01 8.899358339144458618e-02 4.373724560195477867e-02 4.179755951432195804e-02 0.000000000000000000e+00
9.881157717190525158e-02 8.033976548082139013e-02 9.609947006460575758e-02 0.000000000000000000e+00 5.220829970047376895e-02
7.231753809912730424e-02 5.344526421109467573e-02 8.537463790278231046e-02 0.000000000000000000e+00 1.309404722617835970e-01
5.603092335363829557e-02 4.358911815378227472e-02 2.357004144801090953e-02 0.000000000000000000e+00 1.373090137598915461e-01
4.926873861235855218e-02 5.101263880491214292e-02 0.000000000000000000e+00 0.000000000000000000e+00 7.873040879041640072e-02
4.305391905307939110e-02 5.699764684368385098e-02 0.000000000000000000e+00 0.000000000000000000e+00 2.939777426038731739e-02
2.428753076354664073e-02 5.498862545115586892e-02 0.000000000000000000e+00 2.052357254995618857e-02 7.111864935839908031e-02
8.431592413275347878e-04 6.077931617846209916e-02 0.000000000000000000e+00 2.418365287623527524e-02 1.589104970254753557e-01
0.000000000000000000e+00 9.099427742649275619e-02 3.430954082393451038e-02 9.427666154777851470e-03 1.881404728819257299e-01
1.614742757520591654e-02 1.044612903793923214e-01 1.173629182923142805e-01 3.139536174033826649e-02 7.699561229848737864e-02
1.002675000216796813e-01 9.097210717139921077e-02 1.024524233175498900e-01 6.064201749871688668e-02 0.000000000000000000e+00
1.264833629861685793e-01 6.457432782366243074e-02 2.285515817527293200e-02 8.959229444152795596e-02 0.000000000000000000e+00
1.102397847229362321e-01 1.259344276551551019e-02 0.000000000000000000e+00 8.307195533854952463e-02 3.870120678546397353e-03
4.443995835500685887e-02 0.000000000000000000e+00 0.000000000000000000e+00 7.819469095089225108e-02 2.290624966695447087e-02
1.273771836406414372e-02 0.000000000000000000e+00 0.000000000000000000e+00 5.129680220882033154e-02 1.161694894790252404e-02
3.198529489927055824e-03 0.000000000000000000e+00 9.169347831621782290e-04 6.264243512089606031e-03 8.240417792007580277e-04
2.464460159418517577e-06 8.421542281490192498e-05 2.147787170658823621e-04 0.000000000000000000e+00 0.000000000000000000e+00
0.000000000000000000e+00 0.000000000000000000e+00 0.000000000000000000e+00 0.000000000000000000e+00 0.000000000000000000e+00
0.000000000000000000e+00 0.000000000000000000e+00 0.000000000000000000e+00 0.000000000000000000e+00 0.000000000000000000e+00
0.000000000000000000e+00 0.000000000000000000e+00 0.000000000000000000e+00 0.000000000000000000e+00 0.000000000000000000e+00
0.000000000000000000e+00 0.000000000000000000e+00 0.000000000000000000e+00 0.000000000000000000e+00 0.000000000000000000e+00
0.000000000000000000e+00 0.000000000000000000e+00 0.000000000000000000e+00 0.000000000000000000e+00 0.000000000000000000e+00
0.000000000000000000e+00 0.000000000000000000e+00 0.000000000000000000e+00 0.000000000000000000e+00 0.000000000000000000e+00
0.000000000000000000e+00 3.211784608490271054e-04 4.701045067014168787e-04 3.450554089359840048e-03 0.000000000000000000e+00
9.742484765619669265e-03 0.000000000000000000e+00 1.037852695888298073e-03 5.490701752502133437e-02 0.000000000000000000e+00
5.586015020403642395e-02 0.000000000000000000e+00 0.000000000000000000e+00 8.132175842862249260e-02 0.000000000000000000e+00
9.604481959193923724e-02 2.310905326000131307e-02 0.000000000000000000e+00 1.044547274804217551e-01 0.000000000000000000e+00
1.114673190220403509e-01 5.406645756124314750e-02 3.458074615333589508e-02 9.623675828848941849e-02 0.000000000000000000e+00
8.131417276255159532e-02 7.642032310496153780e-02 8.732589373900083440e-02 6.689767642719871010e-02 1.693029734036248513e-02
4.235066199921327934e-02 7.560213671780577349e-02 1.211911747655085442e-01 8.439934431377598203e-03 7.153792458417446154e-02
4.273448066722976280e-02 7.737657226980694525e-02 9.043683579624360591e-02 0.000000000000000000e+00 1.034718635701551148e-01
7.057702259306908310e-02 7.626055541496543078e-02 2.233091527294932613e-02 0.000000000000000000e+00 9.550512438985699071e-02
7.793470274165228973e-02 7.778723941065258940e-02 0.000000000000000000e+00 2.650850315759532491e-02 6.782257299433197550e-02
6.951733508196433764e-02 7.517671612311135898e-02 0.000000000000000000e+00 3.351602954152239910e-02 6.733515516493575326e-02
4.562568057690127854e-02 7.064943513600654978e-02 0.000000000000000000e+00 3.804034079045150174e-02 1.185171004094019709e-01
1.623341365426742011e-02 5.944527700114129315e-02 8.675514076554024026e-03 4.034841793561080164e-02 1.789022871093122469e-01
1.616213765560075080e-02 8.538125202390088597e-02 7.645957268100161963e-02 2.533650103408030541e-02 1.626691410458764586e-01
7.516304839616964883e-02 1.138922303903850963e-01 1.113692745536867673e-01 3.645128491858722758e-02 7.442822694336879985e-02
1.162400546516947353e-01 9.512482081784030818e-02 6.463589091219890115e-02 7.280464339855116651e-02 0.000000000000000000e+00
1.133916278319715004e-01 5.638984026043095121e-02 6.082024675100500787e-03 9.206351575859042513e-02 2.897083419642260821e-02
7.199027381724899810e-02 0.000000000000000000e+00 0.000000000000000000e+00 9.126523739962372206e-02 5.890335412808918314e-02
1.875808784349763947e-02 0.000000000000000000e+00 0.000000000000000000e+00 8.935979228944541941e-02 4.658043593940414812e-02
7.148317307874876153e-03 0.000000000000000000e+00 0.000000000000000000e+00 5.139803814499587648e-02 1.983381142475936290e-02
1.126175361743115427e-04 0.000000000000000000e+00 1.537813060008504746e-03 1.770862302088892573e-02 4.895448246732637954e-03
0.000000000000000000e+00 0.000000000000000000e+00 2.438073063592291012e-04 0.000000000000000000e+00 4.215274929700491588e-04
0.000000000000000000e+00 0.000000000000000000e+00 0.000000000000000000e+00 0.000000000000000000e+00 0.000000000000000000e+00
0.000000000000000000e+00 0.000000000000000000e+00 0.000000000000000000e+00 0.000000000000000000e+00 0.000000000000000000e+00
0.000000000000000000e+00 0.000000000000000000e+00 0.000000000000000000e+00 0.000000000000000000e+00 0.000000000000000000e+00
0.000000000000000000e+00 0.000000000000000000e+00 0.000000000000000000e+00 0.000000000000000000e+00 0.000000000000000000e+00
0.000000000000000000e+00 0.000000000000000000e+00 0.000000000000000000e+00 0.000000000000000000e+00 0.000000000000000000e+00
0.000000000000000000e+00 0.000000000000000000e+00 0.000000000000000000e+00 0.000000000000000000e+00 0.000000000000000000e+00
0.000000000000000000e+00 3.029985479707804200e-04 4.434948176428459596e-04 3.255239706943245746e-03 0.000000000000000000e+00
9.192589988257587885e-03 0.000000000000000000e+00 2.189329732679091284e-03 4.467544502236926035e-02 0.000000000000000000e+00
4.324937920250521844e-02 0.000000000000000000e+00 7.133756862047834803e-03 8.518835553443784847e-02 0.000000000000000000e+00
7.218473617700153777e-02 8.049124041146269283e-04 3.172907057414424414e-02 1.223423866378364755e-01 0.000000000000000000e+00
5.352619178085731011e-02 4.214426631474851165e-02 7.709754558918528733e-02 1.221702780235786739e-01 0.000000000000000000e+00
1.965724297232761958e-02 7.057112029868926883e-02 1.286335650570051281e-01 8.004011788880321943e-02 4.899939574050205665e-02
6.307336140283848966e-03 8.046078974581649668e-02 1.413902911665897155e-01 4.727945532181442034e-02 7.247606574070210306e-02
2.780738108119436627e-02 8.384029301584872140e-02 1.302042784284209442e-01 4.150721466336197707e-02 6.414752435523375651e-02
4.780471683501293090e-02 8.991894434786661117e-02 9.594786382533429525e-02 4.673695831385057259e-02 5.082687264340279149e-02
5.155575021625920240e-02 9.238440542298760605e-02 7.612533166873118595e-02 4.783522007621728023e-02 5.373203875088531506e-02
6.363696675329028052e-02 7.483419659282491976e-02 5.696439236535909278e-02 5.794645017692649780e-02 8.061913707724376044e-02
6.833099461411874798e-02 6.336913971433895398e-02 4.328155096258860801e-02 6.062555231950702422e-02 1.120878776066501631e-01
4.916767476226013844e-02 5.534809537517489803e-02 5.973916383166540112e-02 5.421036125296887359e-02 1.616399712524600463e-01
6.743382375658105166e-02 7.966520949097338766e-02 1.112899134184901356e-01 3.343995328982332649e-02 1.222382628764892981e-01
9.540879237555985326e-02 9.997387122836888518e-02 1.052703834667010202e-01 4.267556270980753935e-02 5.564861390696320548e-02
1.131077886116011733e-01 9.247683978683600425e-02 5.880629005145167343e-02 8.629820502558827044e-02 5.608792031566986469e-03
1.050627421299048098e-01 2.893478568609817933e-02 9.606282283933032309e-03 1.135553209269937885e-01 4.207438437484251753e-02
5.606800393591394871e-02 0.000000000000000000e+00 0.000000000000000000e+00 1.021169473285765406e-01 5.089136631199107919e-02
1.003207371991989526e-02 0.000000000000000000e+00 4.918224307105628591e-04 9.050632849365064514e-02 4.384087242842356347e-02
2.032111920241174135e-03 0.000000000000000000e+00 2.294487453183524618e-04 5.553903408624683707e-02 2.396977113841320187e-02
0.000000000000000000e+00 0.000000000000000000e+00 5.260666789148201426e-04 2.580438801905755170e-02 8.170190186006296221e-03
0.000000000000000000e+00 0.000000000000000000e+00 0.000000000000000000e+00 4.266379137120284576e-04 3.473090550091092760e-03
0.000000000000000000e+00 0.000000000000000000e+00 0.000000000000000000e+00 0.000000000000000000e+00 0.000000000000000000e+00
0.000000000000000000e+00 0.000000000000000000e+00 0.000000000000000000e+00 0.000000000000000000e+00 0.000000000000000000e+00
0.000000000000000000e+00 0.000000000000000000e+00 0.000000000000000000e+00 0.000000000000000000e+00 0.000000000000000000e+00
0.000000000000000000e+00 0.000000000000000000e+00 0.000000000000000000e+00 0.000000000000000000e+00 0.000000000000000000e+00
0.000000000000000000e+00 0.000000000000000000e+00 0.000000000000000000e+00 0.000000000000000000e+00 0.000000000000000000e+00
0.000000000000000000e+00 0.000000000000000000e+00 0.000000000000000000e+00 0.000000000000000000e+00 0.000000000000000000e+00
0.000000000000000000e+00 0.000000000000000000e+00 0.000000000000000000e+00 0.000000000000000000e+00 0.000000000000000000e+00
9.143017620262396811e-03 0.000000000000000000e+00 3.032354266979228781e-03 3.239897142072198366e-02 0.000000000000000000e+00
2.638761339525116240e-02 0.000000000000000000e+00 1.514855080809944000e-02 8.883477327442115823e-02 0.000000000000000000e+00
3.965180053747379557e-02 0.000000000000000000e+00 4.614632791184076349e-02 1.297369346321191885e-01 0.000000000000000000e+00
1.438799963883684828e-02 1.776241741507532043e-02 9.330693524113474469e-02 1.314235737171469132e-01 1.942636111664263312e-03
0.000000000000000000e+00 4.994239573640940622e-02 1.262557038175271262e-01 1.081753485174638679e-01 3.907393773813638838e-02
0.000000000000000000e+00 6.981100402855100473e-02 1.237898253010557559e-01 9.174653472006649713e-02 6.171548935248180601e-02
7.214658649272979660e-03 6.554045215132350832e-02 1.204097753756972061e-01 8.480568425195414428e-02 5.713647342438873955e-02
1.813081037184270661e-02 4.913775181925945229e-02 1.244354413159032696e-01 7.920826488006726951e-02 3.833782973986323700e-02
2.564947537559815124e-02 3.717075820427639954e-02 1.296277300511469166e-01 7.229708557957881254e-02 4.051375163660939777e-02
3.165990293677364148e-02 2.250679317470538968e-02 1.251032192037412893e-01 6.995925509478155557e-02 6.493773843664396583e-02
4.772768278728448804e-02 1.807688683251850933e-02 1.162700436301977724e-01 6.505529856787529985e-02 9.790168638503146670e-02
6.997883928626184857e-02 4.175712715911611417e-02 1.115923779738972887e-01 3.672397376735981461e-02 1.163115940858447939e-01
9.187241587199097836e-02 6.914623745295726820e-02 1.245324097554502962e-01 2.322253189957944330e-02 8.335816834714583623e-02
9.246005816156695201e-02 9.727976461895805615e-02 1.146845291931976318e-01 3.414479285424706911e-02 2.454020910317300519e-02
8.603524508325989528e-02 9.538795390187583545e-02 6.220057171690508008e-02 7.373177019016001477e-02 1.812421932608531544e-02
7.808490448732284539e-02 3.188643902527513174e-02 2.255560936259725334e-03 1.243948080663887651e-01 1.447598005367679505e-02
4.107430811832053080e-02 0.000000000000000000e+00 0.000000000000000000e+00 1.100846081869886750e-01 1.989791808379285515e-02
1.894676920702620566e-03 0.000000000000000000e+00 0.000000000000000000e+00 7.744487580436246188e-02 2.866608616127984052e-02
0.000000000000000000e+00 0.000000000000000000e+00 1.394182176413982267e-03 4.498597315439501615e-02 2.098758147435364138e-02
0.000000000000000000e+00 0.000000000000000000e+00 0.000000000000000000e+00 9.068776476727564290e-03 1.148036815902844614e-02
0.000000000000000000e+00 0.000000000000000000e+00 3.223044419178011091e-04 0.000000000000000000e+00 5.444087558998339602e-04
0.000000000000000000e+00 0.000000000000000000e+00 0.000000000000000000e+00 0.000000000000000000e+00 0.000000000000000000e+00
0.000000000000000000e+00 0.000000000000000000e+00 0.000000000000000000e+00 0.000000000000000000e+00 0.000000000000000000e+00
0.000000000000000000e+00 0.000000000000000000e+00 0.000000000000000000e+00 0.000000000000000000e+00 0.000000000000000000e+00
0.000000000000000000e+00 0.000000000000000000e+00 0.000000000000000000e+00 0.000000000000000000e+00 0.000000000000000000e+00
0.000000000000000000e+00 0.000000000000000000e+00 0.000000000000000000e+00 0.000000000000000000e+00 0.000000000000000000e+00
0.000000000000000000e+00 0.000000000000000000e+00 0.000000000000000000e+00 0.000000000000000000e+00 0.000000000000000000e+00
0.000000000000000000e+00 0.000000000000000000e+00 0.000000000000000000e+00 0.000000000000000000e+00 0.000000000000000000e+00
1.141984170099452287e-02 0.000000000000000000e+00 1.371433775431631910e-03 6.112146676550248708e-03 0.000000000000000000e+00
1.597764087133620933e-02 0.000000000000000000e+00 1.002322402139005884e-02 5.573066016764882669e-02 0.000000000000000000e+00
1.546234172834955005e-02 0.000000000000000000e+00 2.843220470780620165e-02 1.023193118264356244e-01 0.000000000000000000e+00
0.000000000000000000e+00 0.000000000000000000e+00 6.436460832119401954e-02 1.142568703070687419e-01 3.119472169675609370e-03
0.000000000000000000e+00 1.469413251399576473e-02 6.871253913722283335e-02 1.058530424780781548e-01 3.631931735411553924e-02
0.000000000000000000e+00 1.807057325555487190e-02 6.209140171665401137e-02 9.783766731117399251e-02 5.252696730700277122e-02
2.817414885441479108e-03 8.178819219861101913e-03 5.374081225816355195e-02 1.005013204920929826e-01 5.455231000553692478e-02
1.033332396137921598e-02 4.397880853981360298e-04 5.614681891798049829e-02 9.102830667979180945e-02 6.890899648433561342e-02
2.020395192727963973e-02 0.000000000000000000e+00 6.031266140873435544e-02 7.872628317124712172e-02 8.869542799263105404e-02
3.223440188659727063e-02 0.000000000000000000e+00 7.888353389447290420e-02 6.063964713893350844e-02 1.047721766400382393e-01
6.346092747184785277e-02 0.000000000000000000e+00 1.067987489019756597e-01 4.113747569637195983e-02 1.091192471363738870e-01
8.925704584200555569e-02 1.378004193276033927e-02 1.242651994680754463e-01 1.690922045318331637e-02 9.054115545637121676e-02
9.926130297404059388e-02 7.975470591081437743e-02 1.152647236395742125e-01 2.816175908983135478e-03 2.556852072153551272e-02
8.396902136176132014e-02 1.149722058988241480e-01 7.847161444358445592e-02 3.577040365047712278e-02 0.000000000000000000e+00
6.714012240841027435e-02 1.006932183690828070e-01 1.577377179321893738e-02 8.546040600067066062e-02 0.000000000000000000e+00
4.138921639626515214e-02 3.713038108730112863e-02 0.000000000000000000e+00 1.187311842073257434e-01 0.000000000000000000e+00
1.538221242393209183e-02 0.000000000000000000e+00 0.000000000000000000e+00 1.145682430804437629e-01 0.000000000000000000e+00
0.000000000000000000e+00 0.000000000000000000e+00 2.702675408914833721e-03 7.949581353881271517e-02 4.825611729304769837e-03
0.000000000000000000e+00 0.000000000000000000e+00 3.169965123192099599e-03 2.655386315572299399e-02 3.102664322392683065e-03
0.000000000000000000e+00 0.000000000000000000e+00 1.381715519710266515e-03 0.000000000000000000e+00 5.894341695664624854e-03
0.000000000000000000e+00 0.000000000000000000e+00 7.189868319704799393e-04 0.000000000000000000e+00 1.214450301622706794e-03
5.492624980601722206e-04 0.000000000000000000e+00 1.448235968794822875e-04 2.537750336602632452e-04 1.394276823089614923e-04
0.000000000000000000e+00 0.000000000000000000e+00 0.000000000000000000e+00 0.000000000000000000e+00 0.000000000000000000e+00
0.000000000000000000e+00 0.000000000000000000e+00 0.000000000000000000e+00 0.000000000000000000e+00 0.000000000000000000e+00
0.000000000000000000e+00 0.000000000000000000e+00 0.000000000000000000e+00 0.000000000000000000e+00 0.000000000000000000e+00
0.000000000000000000e+00 0.000000000000000000e+00 0.000000000000000000e+00 0.000000000000000000e+00 0.000000000000000000e+00
0.000000000000000000e+00 0.000000000000000000e+00 0.000000000000000000e+00 0.000000000000000000e+00 0.000000000000000000e+00
0.000000000000000000e+00 0.000000000000000000e+00 0.000000000000000000e+00 0.000000000000000000e+00 0.000000000000000000e+00
8.932420581808438610e-04 0.000000000000000000e+00 0.000000000000000000e+00 5.482279787902704943e-04 0.000000000000000000e+00
4.942001463126086645e-03 0.000000000000000000e+00 2.229167467077492783e-03 8.467896009381324640e-03 0.000000000000000000e+00
7.716801643894597058e-03 0.000000000000000000e+00 8.488616288105724217e-03 3.099900253257434693e-02 0.000000000000000000e+00
0.000000000000000000e+00 0.000000000000000000e+00 1.839128022791670231e-02 6.012263722882924682e-02 1.088277802581291698e-02
0.000000000000000000e+00 0.000000000000000000e+00 1.982295506291937431e-02 8.003154918311569666e-02 2.485253063559439424e-02
0.000000000000000000e+00 0.000000000000000000e+00 1.398413566614578607e-02 7.692977030998839061e-02 3.871821783947890921e-02
0.000000000000000000e+00 0.000000000000000000e+00 1.061073647574534672e-02 5.234911332556595187e-02 5.230785614051835369e-02
0.000000000000000000e+00 0.000000000000000000e+00 1.135061439078147508e-02 4.475531636736425345e-02 7.952760759821000947e-02
1.133798817233280104e-02 0.000000000000000000e+00 1.481160995345309934e-02 4.172781833343272573e-02 1.109367075036298556e-01
5.276244886614821217e-02 0.000000000000000000e+00 3.851823794393011841e-02 4.088228158627200959e-02 1.320845030981543933e-01
9.032614654558783485e-02 0.000000000000000000e+00 7.666514632377359473e-02 8.381796550684706554e-03 1.084186145242848759e-01
9.785609845648853000e-02 2.595560664124860542e-02 1.075895562624943902e-01 0.000000000000000000e+00 5.092072918043730884e-02
9.722250249477494555e-02 1.088697761633265620e-01 7.527790966847314191e-02 0.000000000000000000e+00 0.000000000000000000e+00
6.392253751848332721e-02 1.339675135019498253e-01 2.394046213470506917e-02 1.983575302133426185e-02 0.000000000000000000e+00
2.704029218474203120e-02 9.944751608105741048e-02 0.000000000000000000e+00 7.134702072945757478e-02 0.000000000000000000e+00
6.642085208950880733e-03 3.362963133017407569e-02 0.000000000000000000e+00 9.730446170610282386e-02 0.000000000000000000e+00
0.000000000000000000e+00 0.000000000000000000e+00 0.000000000000000000e+00 1.051528245056784078e-01 1.076646548608543039e-03
0.000000000000000000e+00 0.000000000000000000e+00 3.942991211770188048e-04 7.313175921378042843e-02 4.995423127559071516e-03
0.000000000000000000e+00 0.000000000000000000e+00 1.252236891810577530e-04 2.150936664238635096e-02 6.106905215149212827e-03
0.000000000000000000e+00 0.000000000000000000e+00 2.561907102423549988e-04 0.000000000000000000e+00 4.327351649460220743e-04
0.000000000000000000e+00 0.000000000000000000e+00 0.000000000000000000e+00 0.000000000000000000e+00 0.000000000000000000e+00
0.000000000000000000e+00 0.000000000000000000e+00 0.000000000000000000e+00 0.000000000000000000e+00 0.000000000000000000e+00
0.000000000000000000e+00 0.000000000000000000e+00 0.000000000000000000e+00 0.000000000000000000e+00 0.000000000000000000e+00
0.000000000000000000e+00 0.000000000000000000e+00 0.000000000000000000e+00 0.000000000000000000e+00 0.000000000000000000e+00
0.000000000000000000e+00 0.000000000000000000e+00 0.000000000000000000e+00 0.000000000000000000e+00 0.000000000000000000e+00
0.000000000000000000e+00 0.000000000000000000e+00 0.000000000000000000e+00 0.000000000000000000e+00 0.000000000000000000e+00
0.000000000000000000e+00 0.000000000000000000e+00 0.000000000000000000e+00 0.000000000000000000e+00 0.000000000000000000e+00
0.000000000000000000e+00 0.000000000000000000e+00 0.000000000000000000e+00 0.000000000000000000e+00 0.000000000000000000e+00
0.000000000000000000e+00 0.000000000000000000e+00 0.000000000000000000e+00 0.000000000000000000e+00 0.000000000000000000e+00
2.262235273146833250e-04 0.000000000000000000e+00 1.531166098106483370e-04 3.656437037106215898e-04 0.000000000000000000e+00
4.039738272270534426e-03 0.000000000000000000e+00 0.000000000000000000e+00 4.007799642698899566e-03 0.000000000000000000e+00
4.372448385704703552e-03 1.825809720986690341e-03 2.085614989038020711e-03 2.183150199660815246e-03 2.148577340152868585e-03
4.021894517518147076e-03 6.694897677892151268e-04 1.431785543541394274e-03 1.815305132294726303e-03 6.800223453577317403e-03
1.952494887021744181e-03 0.000000000000000000e+00 1.658672330999269367e-03 7.967217977642266150e-03 1.895886636412064466e-02
0.000000000000000000e+00 0.000000000000000000e+00 4.431985664636465920e-03 1.387904602257077416e-02 4.628869806854638697e-02
0.000000000000000000e+00 0.000000000000000000e+00 5.799872631502007124e-03 1.625617799313968520e-02 7.536021486590226137e-02
1.735825207054251043e-02 0.000000000000000000e+00 1.458432545387849770e-02 1.809670635109281167e-02 1.159121173802781929e-01
6.104858032239713489e-02 0.000000000000000000e+00 5.536043915445363478e-02 1.130664238300174707e-02 1.005493400660046610e-01
9.656673125869201513e-02 0.000000000000000000e+00 9.874767198649224420e-02 0.000000000000000000e+00 5.508859451775270644e-02
9.317282070215686385e-02 5.197258530823126166e-02 8.879674471590921769e-02 0.000000000000000000e+00 1.376667166074656452e-02
8.421100875054339518e-02 1.302800118637454374e-01 3.936926742257107481e-02 0.000000000000000000e+00 0.000000000000000000e+00
4.292547112559647743e-02 1.322804473412075854e-01 0.000000000000000000e+00 1.662146221380733646e-02 0.000000000000000000e+00
4.534513361773259352e-03 9.122845407270588347e-02 0.000000000000000000e+00 7.417529236955805461e-02 0.000000000000000000e+00
0.000000000000000000e+00 3.429173117826593564e-02 0.000000000000000000e+00 9.108939307074247205e-02 0.000000000000000000e+00
0.000000000000000000e+00 0.000000000000000000e+00 0.000000000000000000e+00 1.016664436936522975e-01 0.000000000000000000e+00
0.000000000000000000e+00 0.000000000000000000e+00 0.000000000000000000e+00 6.940707311630235632e-02 2.596153370390572295e-03
0.000000000000000000e+00 0.000000000000000000e+00 0.000000000000000000e+00 1.907334214184819993e-02 2.670047598935885742e-03
0.000000000000000000e+00 0.000000000000000000e+00 0.000000000000000000e+00 0.000000000000000000e+00 0.000000000000000000e+00
0.000000000000000000e+00 0.000000000000000000e+00 0.000000000000000000e+00 0.000000000000000000e+00 0.000000000000000000e+00
0.000000000000000000e+00 0.000000000000000000e+00 0.000000000000000000e+00 0.000000000000000000e+00 0.000000000000000000e+00
0.000000000000000000e+00 0.000000000000000000e+00 0.000000000000000000e+00 0.000000000000000000e+00 0.000000000000000000e+00
0.000000000000000000e+00 0.000000000000000000e+00 0.000000000000000000e+00 0.000000000000000000e+00 0.000000000000000000e+00
0.000000000000000000e+00 0.000000000000000000e+00 0.000000000000000000e+00 0.000000000000000000e+00 0.000000000000000000e+00
0.000000000000000000e+00 0.000000000000000000e+00 0.000000000000000000e+00 0.000000000000000000e+00 0.000000000000000000e+00
0.000000000000000000e+00 0.000000000000000000e+00 0.000000000000000000e+00 0.000000000000000000e+00 0.000000000000000000e+00
0.000000000000000000e+00 0.000000000000000000e+00 0.000000000000000000e+00 0.000000000000000000e+00 0.000000000000000000e+00
0.000000000000000000e+00 0.000000000000000000e+00 0.000000000000000000e+00 0.000000000000000000e+00 0.000000000000000000e+00
0.000000000000000000e+00 0.000000000000000000e+00 0.000000000000000000e+00 0.000000000000000000e+00 0.000000000000000000e+00
0.000000000000000000e+00 0.000000000000000000e+00 0.000000000000000000e+00 0.000000000000000000e+00 0.000000000000000000e+00
6.346463607455925726e-04 3.528323420352360705e-05 0.000000000000000000e+00 1.593361250523446396e-04 0.000000000000000000e+00
5.017630582232571754e-04 0.000000000000000000e+00 1.377422623704374930e-04 5.908385780480049669e-04 3.437636036818718203e-03
0.000000000000000000e+00 0.000000000000000000e+00 1.688215041400997936e-03 3.081043935730722397e-03 1.536971470476740376e-02
0.000000000000000000e+00 0.000000000000000000e+00 4.851727549300666707e-03 4.875716444574656160e-03 4.209515781355867292e-02
9.617113842600328102e-03 0.000000000000000000e+00 7.175685732325165142e-03 3.870338809909594762e-03 8.555029278407501325e-02
4.805254519848703443e-02 0.000000000000000000e+00 2.446493603753229981e-02 1.067912724340319133e-03 9.343549789117476523e-02
9.344543187709174192e-02 0.000000000000000000e+00 6.736832626673307234e-02 0.000000000000000000e+00 5.178770083134967561e-02
9.696110872764002186e-02 0.000000000000000000e+00 1.040553656860980780e-01 0.000000000000000000e+00 9.527169623530529555e-03
8.568868792715862714e-02 6.499590536489524562e-02 7.493842864739477805e-02 0.000000000000000000e+00 0.000000000000000000e+00
4.918879773344250056e-02 1.326869014459612361e-01 1.947401954153025680e-02 0.000000000000000000e+00 0.000000000000000000e+00
1.485664269680094310e-02 1.252868876981942658e-01 0.000000000000000000e+00 2.046339755975552441e-02 0.000000000000000000e+00
0.000000000000000000e+00 9.781079916853872847e-02 0.000000000000000000e+00 5.958386361173766826e-02 0.000000000000000000e+00
0.000000000000000000e+00 4.030005463834351181e-02 0.000000000000000000e+00 8.747057929107711349e-02 0.000000000000000000e+00
0.000000000000000000e+00 0.000000000000000000e+00 0.000000000000000000e+00 1.008461634093900522e-01 0.000000000000000000e+00
0.000000000000000000e+00 0.000000000000000000e+00 0.000000000000000000e+00 7.387835225599459488e-02 2.503748242399676371e-03
0.000000000000000000e+00 0.000000000000000000e+00 0.000000000000000000e+00 2.173773320810638843e-02 4.341069533778775871e-03
0.000000000000000000e+00 0.000000000000000000e+00 0.000000000000000000e+00 0.000000000000000000e+00 0.000000000000000000e+00
0.000000000000000000e+00 0.000000000000000000e+00 0.000000000000000000e+00 0.000000000000000000e+00 0.000000000000000000e+00
0.000000000000000000e+00 0.000000000000000000e+00 0.000000000000000000e+00 0.000000000000000000e+00 0.000000000000000000e+00
0.000000000000000000e+00 0.000000000000000000e+00 0.000000000000000000e+00 0.000000000000000000e+00 0.000000000000000000e+00
0.000000000000000000e+00 0.000000000000000000e+00 0.000000000000000000e+00 0.000000000000000000e+00 0.000000000000000000e+00
0.000000000000000000e+00 0.000000000000000000e+00 0.000000000000000000e+00 0.000000000000000000e+00 0.000000000000000000e+00
0.000000000000000000e+00 0.000000000000000000e+00 0.000000000000000000e+00 0.000000000000000000e+00 0.000000000000000000e+00
0.000000000000000000e+00 0.000000000000000000e+00 0.000000000000000000e+00 0.000000000000000000e+00 0.000000000000000000e+00
0.000000000000000000e+00 0.000000000000000000e+00 0.000000000000000000e+00 0.000000000000000000e+00 0.000000000000000000e+00
0.000000000000000000e+00 0.000000000000000000e+00 0.000000000000000000e+00 0.000000000000000000e+00 0.000000000000000000e+00
0.000000000000000000e+00 0.000000000000000000e+00 0.000000000000000000e+00 0.000000000000000000e+00 0.000000000000000000e+00
0.000000000000000000e+00 0.000000000000000000e+00 0.000000000000000000e+00 0.000000000000000000e+00 0.000000000000000000e+00
0.000000000000000000e+00 0.000000000000000000e+00 1.732703141530706427e-05 3.608898059453109568e-05 1.211928404242259812e-04
0.000000000000000000e+00 0.000000000000000000e+00 1.963247836142658145e-03 1.757138065430717804e-03 1.543643776334889701e-02
0.000000000000000000e+00 0.000000000000000000e+00 3.373011115355989929e-03 3.291074248579936318e-03 2.827544401103283811e-02
5.502177814319891488e-03 0.000000000000000000e+00 2.405290221007658387e-03 2.565415686669030373e-03 6.273575566546527038e-02
3.409362805951663550e-02 0.000000000000000000e+00 6.497268096266112757e-03 4.736527343823851151e-04 9.963787305174352793e-02
7.409789715394927978e-02 0.000000000000000000e+00 4.049816536189539823e-02 0.000000000000000000e+00 6.269147085292470223e-02
9.780230665416193847e-02 0.000000000000000000e+00 8.423237785916601328e-02 0.000000000000000000e+00 1.247982687730156068e-02
8.302775364968904837e-02 1.904608961562374164e-02 9.248105136492577871e-02 0.000000000000000000e+00 0.000000000000000000e+00
5.924308060843971185e-02 7.919771095278556328e-02 5.483745417144024470e-02 0.000000000000000000e+00 0.000000000000000000e+00
2.174519658766839794e-02 1.240182081418867710e-01 4.503684664823168725e-03 0.000000000000000000e+00 0.000000000000000000e+00
2.865706164654232072e-03 1.146556377516815411e-01 0.000000000000000000e+00 1.800800545489518456e-02 0.000000000000000000e+00
0.000000000000000000e+00 9.404490120099824602e-02 0.000000000000000000e+00 5.479868078673212628e-02 3.885434918551675804e-04
0.000000000000000000e+00 3.965500995560317793e-02 0.000000000000000000e+00 7.721741263193873661e-02 5.839951479819692568e-04
0.000000000000000000e+00 0.000000000000000000e+00 0.000000000000000000e+00 9.606801986299332019e-02 0.000000000000000000e+00
0.000000000000000000e+00 0.000000000000000000e+00 0.000000000000000000e+00 7.380401912406360510e-02 3.057072910995712982e-03
0.000000000000000000e+00 0.000000000000000000e+00 0.000000000000000000e+00 1.772919540073714106e-02 5.084427693788187361e-03
0.000000000000000000e+00 0.000000000000000000e+00 0.000000000000000000e+00 0.000000000000000000e+00 0.000000000000000000e+00
0.000000000000000000e+00 0.000000000000000000e+00 0.000000000000000000e+00 0.000000000000000000e+00 0.000000000000000000e+00
0.000000000000000000e+00 0.000000000000000000e+00 0.000000000000000000e+00 0.000000000000000000e+00 0.000000000000000000e+00
0.000000000000000000e+00 0.000000000000000000e+00 0.000000000000000000e+00 0.000000000000000000e+00 0.000000000000000000e+00
0.000000000000000000e+00 0.000000000000000000e+00 0.000000000000000000e+00 0.000000000000000000e+00 0.000000000000000000e+00
0.000000000000000000e+00 0.000000000000000000e+00 0.000000000000000000e+00 0.000000000000000000e+00 0.000000000000000000e+00
0.000000000000000000e+00 0.000000000000000000e+00 0.000000000000000000e+00 0.000000000000000000e+00 0.000000000000000000e+00
0.000000000000000000e+00 0.000000000000000000e+00 0.000000000000000000e+00 0.000000000000000000e+00 0.000000000000000000e+00
0.000000000000000000e+00 0.000000000000000000e+00 0.000000000000000000e+00 0.000000000000000000e+00 0.000000000000000000e+00
0.000000000000000000e+00 0.000000000000000000e+00 0.000000000000000000e+00 0.000000000000000000e+00 0.000000000000000000e+00
0.000000000000000000e+00 0.000000000000000000e+00 0.000000000000000000e+00 0.000000000000000000e+00 0.000000000000000000e+00
0.000000000000000000e+00 0.000000000000000000e+00 0.000000000000000000e+00 0.000000000000000000e+00 0.000000000000000000e+00
0.000000000000000000e+00 0.000000000000000000e+00 1.299748181625156197e-03 1.084409056890379280e-03 1.114996974873914450e-02
0.000000000000000000e+00 0.000000000000000000e+00 3.590711315593979672e-03 3.478526024226853610e-03 2.029252229776118063e-02
1.142844141061555296e-03 0.000000000000000000e+00 1.192839966087187471e-03 5.809615481364891702e-04 3.061609126411298301e-02
2.340449922689103249e-02 0.000000000000000000e+00 4.678169960279093473e-03 2.144782465178815198e-03 7.954105728396194952e-02
5.872258348216852220e-02 0.000000000000000000e+00 2.092833077577560888e-02 6.319494296136538188e-04 7.975415178665244686e-02
8.309099213374471216e-02 0.000000000000000000e+00 5.692162600897554547e-02 0.000000000000000000e+00 1.984694776133249378e-02
8.603542223168793301e-02 0.000000000000000000e+00 8.621015871480307291e-02 0.000000000000000000e+00 0.000000000000000000e+00
6.662035322120296588e-02 3.664412951695502491e-02 7.910638740236043687e-02 0.000000000000000000e+00 0.000000000000000000e+00
3.754953912002081950e-02 9.421952027789738671e-02 3.381077665576043972e-02 0.000000000000000000e+00 0.000000000000000000e+00
1.190806766639328045e-02 1.165942897457927091e-01 0.000000000000000000e+00 0.000000000000000000e+00 0.000000000000000000e+00
0.000000000000000000e+00 1.057008949312907564e-01 0.000000000000000000e+00 1.093114377117153542e-02 0.000000000000000000e+00
0.000000000000000000e+00 8.792304046059766509e-02 0.000000000000000000e+00 4.899315452975255836e-02 6.674063177900278537e-04
0.000000000000000000e+00 3.835399233552268944e-02 0.000000000000000000e+00 7.440593112503852968e-02 0.000000000000000000e+00
0.000000000000000000e+00 0.000000000000000000e+00 0.000000000000000000e+00 8.342292256711561493e-02 8.667986300614579807e-04
0.000000000000000000e+00 0.000000000000000000e+00 0.000000000000000000e+00 6.147494054401139024e-02 4.863512569060011309e-03
0.000000000000000000e+00 0.000000000000000000e+00 0.000000000000000000e+00 1.734619769218316912e-02 5.137046776532691594e-03
0.000000000000000000e+00 0.000000000000000000e+00 0.000000000000000000e+00 0.000000000000000000e+00 0.000000000000000000e+00
0.000000000000000000e+00 0.000000000000000000e+00 0.000000000000000000e+00 0.000000000000000000e+00 0.000000000000000000e+00
0.000000000000000000e+00 0.000000000000000000e+00 0.000000000000000000e+00 0.000000000000000000e+00 0.000000000000000000e+00
0.000000000000000000e+00 0.000000000000000000e+00 0.000000000000000000e+00 0.000000000000000000e+00 0.000000000000000000e+00
0.000000000000000000e+00 0.000000000000000000e+00 0.000000000000000000e+00 0.000000000000000000e+00 0.000000000000000000e+00
0.000000000000000000e+00 0.000000000000000000e+00 0.000000000000000000e+00 0.000000000000000000e+00 0.000000000000000000e+00
0.000000000000000000e+00 0.000000000000000000e+00 0.000000000000000000e+00 0.000000000000000000e+00 0.000000000000000000e+00
0.000000000000000000e+00 0.000000000000000000e+00 0.000000000000000000e+00 0.000000000000000000e+00 0.000000000000000000e+00
0.000000000000000000e+00 0.000000000000000000e+00 0.000000000000000000e+00 0.000000000000000000e+00 0.000000000000000000e+00
0.000000000000000000e+00 0.000000000000000000e+00 0.000000000000000000e+00 0.000000000000000000e+00 0.000000000000000000e+00
0.000000000000000000e+00 0.000000000000000000e+00 0.000000000000000000e+00 0.000000000000000000e+00 0.000000000000000000e+00
0.000000000000000000e+00 0.000000000000000000e+00 5.363950722087295047e-04 5.061659678272596762e-04 5.012961725502513774e-03
0.000000000000000000e+00 0.000000000000000000e+00 2.132570589082671397e-03 2.345332727235301378e-03 1.754222916249691816e-02
1.329277832113252725e-04 0.000000000000000000e+00 6.583534507047269883e-04 1.216247882983097174e-03 1.280835460496403122e-02
1.634367418480854595e-02 0.000000000000000000e+00 0.000000000000000000e+00 0.000000000000000000e+00 4.639577798638264139e-02
3.569570016447291133e-02 0.000000000000000000e+00 5.223035095046572179e-03 3.571059404591210920e-03 6.987199473848265674e-02
6.882954007714549294e-02 0.000000000000000000e+00 2.762879845911867666e-02 9.161284170906520497e-04 4.287289222241274372e-02
7.723798884101984452e-02 0.000000000000000000e+00 5.505977014454060264e-02 0.000000000000000000e+00 3.295260385342397528e-05
7.041323808403070206e-02 2.773026995191092779e-03 6.338527385834896721e-02 0.000000000000000000e+00 0.000000000000000000e+00
3.848464891929311710e-02 4.776696496207512993e-02 4.881309322393016098e-02 0.000000000000000000e+00 1.380205365030847146e-03
2.341032711492607027e-02 8.640945084297037282e-02 1.719258452977940471e-02 0.000000000000000000e+00 0.000000000000000000e+00
7.734561117343182954e-03 9.913351952023076452e-02 0.000000000000000000e+00 0.000000000000000000e+00 0.000000000000000000e+00
0.000000000000000000e+00 1.030687192110772560e-01 0.000000000000000000e+00 0.000000000000000000e+00 3.337286647173910454e-03
0.000000000000000000e+00 7.338980551405625830e-02 0.000000000000000000e+00 4.312704224468697639e-02 0.000000000000000000e+00
0.000000000000000000e+00 3.391083460661109550e-02 0.000000000000000000e+00 6.539526171795524701e-02 0.000000000000000000e+00
0.000000000000000000e+00 3.672280589395792143e-03 0.000000000000000000e+00 6.545790416568877945e-02 8.253207962336199912e-04
0.000000000000000000e+00 0.000000000000000000e+00 0.000000000000000000e+00 3.878425353014611221e-02 1.770815314273162635e-03
0.000000000000000000e+00 0.000000000000000000e+00 5.694428796671534374e-04 1.741695982237424778e-02 6.483230629676757983e-04
0.000000000000000000e+00 0.000000000000000000e+00 9.072911841613604889e-04 1.319707782930482076e-02 0.000000000000000000e+00
0.000000000000000000e+00 0.000000000000000000e+00 0.000000000000000000e+00 0.000000000000000000e+00 0.000000000000000000e+00
0.000000000000000000e+00 0.000000000000000000e+00 0.000000000000000000e+00 0.000000000000000000e+00 0.000000000000000000e+00
0.000000000000000000e+00 0.000000000000000000e+00 0.000000000000000000e+00 0.000000000000000000e+00 0.000000000000000000e+00
0.000000000000000000e+00 0.000000000000000000e+00 0.000000000000000000e+00 0.000000000000000000e+00 0.000000000000000000e+00
0.000000000000000000e+00 0.000000000000000000e+00 0.000000000000000000e+00 0.000000000000000000e+00 0.000000000000000000e+00
0.000000000000000000e+00 0.000000000000000000e+00 0.000000000000000000e+00 0.000000000000000000e+00 0.000000000000000000e+00
0.000000000000000000e+00 0.000000000000000000e+00 0.000000000000000000e+00 0.000000000000000000e+00 0.000000000000000000e+00
0.000000000000000000e+00 0.000000000000000000e+00 0.000000000000000000e+00 0.000000000000000000e+00 0.000000000000000000e+00
0.000000000000000000e+00 0.000000000000000000e+00 0.000000000000000000e+00 0.000000000000000000e+00 0.000000000000000000e+00
0.000000000000000000e+00 0.000000000000000000e+00 0.000000000000000000e+00 0.000000000000000000e+00 0.000000000000000000e+00
0.000000000000000000e+00 0.000000000000000000e+00 1.503364004159816027e-03 1.923347475093113235e-03 1.300821569102674456e-02
0.000000000000000000e+00 0.000000000000000000e+00 1.193250334818140744e-03 1.078493519148017573e-03 1.124976167071724611e-02
0.000000000000000000e+00 0.000000000000000000e+00 5.846460754059646476e-04 0.000000000000000000e+00 7.037473118423951887e-03
7.015241711423105507e-03 0.000000000000000000e+00 0.000000000000000000e+00 0.000000000000000000e+00 4.967753777552675470e-02
2.177104653668739814e-02 0.000000000000000000e+00 3.474801834732717861e-03 0.000000000000000000e+00 4.437826159001796028e-02
4.550887855600500853e-02 0.000000000000000000e+00 1.475234738221396086e-02 0.000000000000000000e+00 1.788784210141993944e-02
5.815997895179399191e-02 0.000000000000000000e+00 1.208137058707722464e-02 0.000000000000000000e+00 0.000000000000000000e+00
4.844291187153944994e-02 1.669512466323953490e-02 2.247102144277860446e-03 0.000000000000000000e+00 1.356402802106053580e-02
2.280259218808652899e-02 3.256781850757022728e-02 1.147349796973789679e-02 0.000000000000000000e+00 7.243812274434087949e-03
7.662288797210128379e-03 2.914420396335836924e-02 3.719000783420945821e-03 0.000000000000000000e+00 0.000000000000000000e+00
8.068362199296351053e-03 6.764941983479058618e-02 0.000000000000000000e+00 0.000000000000000000e+00 0.000000000000000000e+00
1.937686042746660040e-03 8.628445836411358094e-02 0.000000000000000000e+00 0.000000000000000000e+00 0.000000000000000000e+00
0.000000000000000000e+00 5.236700406638259558e-02 0.000000000000000000e+00 2.669219592668911276e-02 0.000000000000000000e+00
0.000000000000000000e+00 2.210514674106268604e-02 0.000000000000000000e+00 3.361699509799206259e-02 6.431299887486678895e-05
0.000000000000000000e+00 2.749248745827320619e-03 0.000000000000000000e+00 2.872203122330278802e-02 0.000000000000000000e+00
0.000000000000000000e+00 0.000000000000000000e+00 5.053792862426956982e-04 1.001523990029633618e-02 0.000000000000000000e+00
0.000000000000000000e+00 0.000000000000000000e+00 1.175930473326456532e-03 1.710459249384758268e-02 0.000000000000000000e+00
0.000000000000000000e+00 0.000000000000000000e+00 8.008492016619838403e-04 1.164881730184447184e-02 0.000000000000000000e+00
0.000000000000000000e+00 0.000000000000000000e+00 0.000000000000000000e+00 0.000000000000000000e+00 0.000000000000000000e+00
0.000000000000000000e+00 0.000000000000000000e+00 0.000000000000000000e+00 0.000000000000000000e+00 0.000000000000000000e+00
0.000000000000000000e+00 0.000000000000000000e+00 0.000000000000000000e+00 0.000000000000000000e+00 0.000000000000000000e+00
0.000000000000000000e+00 0.000000000000000000e+00 0.000000000000000000e+00 0.000000000000000000e+00 0.000000000000000000e+00
0.000000000000000000e+00 0.000000000000000000e+00 0.000000000000000000e+00 0.000000000000000000e+00 0.000000000000000000e+00
0.000000000000000000e+00 0.000000000000000000e+00 0.000000000000000000e+00 0.000000000000000000e+00 0.000000000000000000e+00
0.000000000000000000e+00 0.000000000000000000e+00 0.000000000000000000e+00 0.000000000000000000e+00 0.000000000000000000e+00
0.000000000000000000e+00 0.000000000000000000e+00 0.000000000000000000e+00 0.000000000000000000e+00 0.000000000000000000e+00
0.000000000000000000e+00 0.000000000000000000e+00 0.000000000000000000e+00 0.000000000000000000e+00 0.000000000000000000e+00
0.000000000000000000e+00 0.000000000000000000e+00 0.000000000000000000e+00 0.000000000000000000e+00 0.000000000000000000e+00
0.000000000000000000e+00 0.000000000000000000e+00 4.764933639209432595e-05 9.924469663496045214e-05 3.332803111666214212e-04
0.000000000000000000e+00 0.000000000000000000e+00 0.000000000000000000e+00 0.000000000000000000e+00 0.000000000000000000e+00
0.000000000000000000e+00 0.000000000000000000e+00 1.158334959096171853e-03 0.000000000000000000e+00 7.651076601583484994e-03
0.000000000000000000e+00 0.000000000000000000e+00 0.000000000000000000e+00 0.000000000000000000e+00 3.251153246938131430e-02
1.229698125013735464e-03 0.000000000000000000e+00 6.179554798883538829e-04 0.000000000000000000e+00 1.275781051287708939e-02
1.198798582388458257e-03 1.205349258049571195e-04 0.000000000000000000e+00 0.000000000000000000e+00 8.948092673076023240e-03
2.476603200548772431e-03 7.064132439491494289e-04 0.000000000000000000e+00 0.000000000000000000e+00 1.454026857601113838e-02
4.492861143457631094e-03 5.174600220429206691e-03 0.000000000000000000e+00 0.000000000000000000e+00 1.268679572827129121e-02
3.095326483987582457e-03 7.436987526236035588e-03 4.630030201983275197e-04 0.000000000000000000e+00 4.371173612944914341e-03
5.887347429817913841e-05 2.765092829726078344e-04 5.947079439427855729e-04 0.000000000000000000e+00 0.000000000000000000e+00
3.707717315717224630e-04 8.223369371462448812e-03 0.000000000000000000e+00 0.000000000000000000e+00 0.000000000000000000e+00
1.426491033356017601e-03 1.877925166372302820e-02 0.000000000000000000e+00 0.000000000000000000e+00 0.000000000000000000e+00
6.104481362659990073e-04 7.347759809425530655e-03 0.000000000000000000e+00 0.000000000000000000e+00 7.305888566075531250e-04
0.000000000000000000e+00 6.472880857665295855e-03 0.000000000000000000e+00 1.964822393986270007e-03 2.390328462095175216e-03
0.000000000000000000e+00 2.532866422564680232e-03 0.000000000000000000e+00 7.688435454728883862e-04 9.353459199502854073e-04
0.000000000000000000e+00 0.000000000000000000e+00 0.000000000000000000e+00 0.000000000000000000e+00 0.000000000000000000e+00
0.000000000000000000e+00 0.000000000000000000e+00 0.000000000000000000e+00 0.000000000000000000e+00 0.000000000000000000e+00
0.000000000000000000e+00 0.000000000000000000e+00 0.000000000000000000e+00 0.000000000000000000e+00 0.000000000000000000e+00
0.000000000000000000e+00 0.000000000000000000e+00 0.000000000000000000e+00 0.000000000000000000e+00 0.000000000000000000e+00
0.000000000000000000e+00 0.000000000000000000e+00 0.000000000000000000e+00 0.000000000000000000e+00 0.000000000000000000e+00
0.000000000000000000e+00 0.000000000000000000e+00 0.000000000000000000e+00 0.000000000000000000e+00 0.000000000000000000e+00
0.000000000000000000e+00 0.000000000000000000e+00 0.000000000000000000e+00 0.000000000000000000e+00 0.000000000000000000e+00
0.000000000000000000e+00 0.000000000000000000e+00 0.000000000000000000e+00 0.000000000000000000e+00 0.000000000000000000e+00
0.000000000000000000e+00 0.000000000000000000e+00 0.000000000000000000e+00 0.000000000000000000e+00 0.000000000000000000e+00
0.000000000000000000e+00 0.000000000000000000e+00 0.000000000000000000e+00 0.000000000000000000e+00 0.000000000000000000e+00
0.000000000000000000e+00 0.000000000000000000e+00 0.000000000000000000e+00 0.000000000000000000e+00 0.000000000000000000e+00
0.000000000000000000e+00 0.000000000000000000e+00 0.000000000000000000e+00 0.000000000000000000e+00 0.000000000000000000e+00
0.000000000000000000e+00 0.000000000000000000e+00 0.000000000000000000e+00 0.000000000000000000e+00 0.000000000000000000e+00
0.000000000000000000e+00 0.000000000000000000e+00 0.000000000000000000e+00 0.000000000000000000e+00 0.000000000000000000e+00
0.000000000000000000e+00 0.000000000000000000e+00 0.000000000000000000e+00 0.000000000000000000e+00 0.000000000000000000e+00
0.000000000000000000e+00 0.000000000000000000e+00 0.000000000000000000e+00 0.000000000000000000e+00 1.216170858500706560e-02
0.000000000000000000e+00 0.000000000000000000e+00 0.000000000000000000e+00 0.000000000000000000e+00 7.618541584860745279e-03
0.000000000000000000e+00 0.000000000000000000e+00 0.000000000000000000e+00 0.000000000000000000e+00 0.000000000000000000e+00
0.000000000000000000e+00 0.000000000000000000e+00 0.000000000000000000e+00 0.000000000000000000e+00 0.000000000000000000e+00
0.000000000000000000e+00 0.000000000000000000e+00 0.000000000000000000e+00 0.000000000000000000e+00 0.000000000000000000e+00
6.812973502303554382e-04 1.508528496862087743e-04 0.000000000000000000e+00 0.000000000000000000e+00 2.051353474267555901e-03
0.000000000000000000e+00 0.000000000000000000e+00 0.000000000000000000e+00 0.000000000000000000e+00 0.000000000000000000e+00
0.000000000000000000e+00 0.000000000000000000e+00 0.000000000000000000e+00 0.000000000000000000e+00 0.000000000000000000e+00
0.000000000000000000e+00 0.000000000000000000e+00 0.000000000000000000e+00 0.000000000000000000e+00 0.000000000000000000e+00
0.000000000000000000e+00 0.000000000000000000e+00 0.000000000000000000e+00 0.000000000000000000e+00 0.000000000000000000e+00
0.000000000000000000e+00 0.000000000000000000e+00 0.000000000000000000e+00 0.000000000000000000e+00 0.000000000000000000e+00
0.000000000000000000e+00 0.000000000000000000e+00 0.000000000000000000e+00 0.000000000000000000e+00 0.000000000000000000e+00
0.000000000000000000e+00 0.000000000000000000e+00 0.000000000000000000e+00 0.000000000000000000e+00 0.000000000000000000e+00
0.000000000000000000e+00 0.000000000000000000e+00 0.000000000000000000e+00 0.000000000000000000e+00 0.000000000000000000e+00
0.000000000000000000e+00 0.000000000000000000e+00 0.000000000000000000e+00 0.000000000000000000e+00 0.000000000000000000e+00
0.000000000000000000e+00 0.000000000000000000e+00 0.000000000000000000e+00 0.000000000000000000e+00 0.000000000000000000e+00
0.000000000000000000e+00 0.000000000000000000e+00 0.000000000000000000e+00 0.000000000000000000e+00 0.000000000000000000e+00
0.000000000000000000e+00 0.000000000000000000e+00 0.000000000000000000e+00 0.000000000000000000e+00 0.000000000000000000e+00
0.000000000000000000e+00 0.000000000000000000e+00 0.000000000000000000e+00 0.000000000000000000e+00 0.000000000000000000e+00
0.000000000000000000e+00 0.000000000000000000e+00 0.000000000000000000e+00 0.000000000000000000e+00 0.000000000000000000e+00
0.000000000000000000e+00 0.000000000000000000e+00 0.000000000000000000e+00 0.000000000000000000e+00 0.000000000000000000e+00
0.000000000000000000e+00 0.000000000000000000e+00 0.000000000000000000e+00 0.000000000000000000e+00 0.000000000000000000e+00
0.000000000000000000e+00 0.000000000000000000e+00 0.000000000000000000e+00 0.000000000000000000e+00 0.000000000000000000e+00
0.000000000000000000e+00 0.000000000000000000e+00 0.000000000000000000e+00 0.000000000000000000e+00 0.000000000000000000e+00
0.000000000000000000e+00 0.000000000000000000e+00 0.000000000000000000e+00 0.000000000000000000e+00 0.000000000000000000e+00
0.000000000000000000e+00 0.000000000000000000e+00 0.000000000000000000e+00 0.000000000000000000e+00 0.000000000000000000e+00
0.000000000000000000e+00 0.000000000000000000e+00 0.000000000000000000e+00 0.000000000000000000e+00 0.000000000000000000e+00
0.000000000000000000e+00 0.000000000000000000e+00 0.000000000000000000e+00 0.000000000000000000e+00 0.000000000000000000e+00
0.000000000000000000e+00 0.000000000000000000e+00 0.000000000000000000e+00 0.000000000000000000e+00 0.000000000000000000e+00
0.000000000000000000e+00 0.000000000000000000e+00 0.000000000000000000e+00 0.000000000000000000e+00 0.000000000000000000e+00
0.000000000000000000e+00 0.000000000000000000e+00 0.000000000000000000e+00 0.000000000000000000e+00 0.000000000000000000e+00
0.000000000000000000e+00 0.000000000000000000e+00 0.000000000000000000e+00 0.000000000000000000e+00 0.000000000000000000e+00
0.000000000000000000e+00 0.000000000000000000e+00 0.000000000000000000e+00 0.000000000000000000e+00 0.000000000000000000e+00
0.000000000000000000e+00 0.000000000000000000e+00 0.000000000000000000e+00 0.000000000000000000e+00 0.000000000000000000e+00
0.000000000000000000e+00 0.000000000000000000e+00 0.000000000000000000e+00 0.000000000000000000e+00 0.000000000000000000e+00
0.000000000000000000e+00 0.000000000000000000e+00 0.000000000000000000e+00 0.000000000000000000e+00 0.000000000000000000e+00
0.000000000000000000e+00 0.000000000000000000e+00 0.000000000000000000e+00 0.000000000000000000e+00 0.000000000000000000e+00
0.000000000000000000e+00 0.000000000000000000e+00 0.000000000000000000e+00 0.000000000000000000e+00 0.000000000000000000e+00
0.000000000000000000e+00 0.000000000000000000e+00 0.000000000000000000e+00 0.000000000000000000e+00 0.000000000000000000e+00
0.000000000000000000e+00 0.000000000000000000e+00 0.000000000000000000e+00 0.000000000000000000e+00 0.000000000000000000e+00
0.000000000000000000e+00 0.000000000000000000e+00 0.000000000000000000e+00 0.000000000000000000e+00 0.000000000000000000e+00
0.000000000000000000e+00 0.000000000000000000e+00 0.000000000000000000e+00 0.000000000000000000e+00 0.000000000000000000e+00
0.000000000000000000e+00 0.000000000000000000e+00 0.000000000000000000e+00 0.000000000000000000e+00 0.000000000000000000e+00
0.000000000000000000e+00 0.000000000000000000e+00 0.000000000000000000e+00 0.000000000000000000e+00 0.000000000000000000e+00
0.000000000000000000e+00 0.000000000000000000e+00 0.000000000000000000e+00 0.000000000000000000e+00 0.000000000000000000e+00
0.000000000000000000e+00 0.000000000000000000e+00 0.000000000000000000e+00 0.000000000000000000e+00 0.000000000000000000e+00
0.000000000000000000e+00 0.000000000000000000e+00 0.000000000000000000e+00 0.000000000000000000e+00 0.000000000000000000e+00
0.000000000000000000e+00 0.000000000000000000e+00 0.000000000000000000e+00 0.000000000000000000e+00 0.000000000000000000e+00
