1484.25689077377320.000000000000000000e+00 0.000000000000000000e+00 0.000000000000000000e+00 0.000000000000000000e+00 0.000000000000000000e+00
0.000000000000000000e+00 0.000000000000000000e+00 0.000000000000000000e+00 0.000000000000000000e+00 0.000000000000000000e+00
0.000000000000000000e+00 0.000000000000000000e+00 0.000000000000000000e+00 0.000000000000000000e+00 0.000000000000000000e+00
0.000000000000000000e+00 0.000000000000000000e+00 0.000000000000000000e+00 0.000000000000000000e+00 0.000000000000000000e+00
0.000000000000000000e+00 0.000000000000000000e+00 0.000000000000000000e+00 0.000000000000000000e+00 0.000000000000000000e+00
0.000000000000000000e+00 0.000000000000000000e+00 0.000000000000000000e+00 0.000000000000000000e+00 0.000000000000000000e+00
0.000000000000000000e+00 0.000000000000000000e+00 0.000000000000000000e+00 0.000000000000000000e+00 0.000000000000000000e+00
0.000000000000000000e+00 0.000000000000000000e+00 0.000000000000000000e+00 0.000000000000000000e+00 0.000000000000000000e+00
0.000000000000000000e+00 0.000000000000000000e+00 0.000000000000000000e+00 0.000000000000000000e+00 0.000000000000000000e+00
0.000000000000000000e+00 0.000000000000000000e+00 0.000000000000000000e+00 0.000000000000000000e+00 0.000000000000000000e+00
0.000000000000000000e+00 0.000000000000000000e+00 0.000000000000000000e+00 0.000000000000000000e+00 0.000000000000000000e+00
0.000000000000000000e+00 0.000000000000000000e+00 0.000000000000000000e+00 0.000000000000000000e+00 0.000000000000000000e+00
0.000000000000000000e+00 0.000000000000000000e+00 0.000000000000000000e+00 0.000000000000000000e+00 0.000000000000000000e+00
0.000000000000000000e+00 0.000000000000000000e+00 0.000000000000000000e+00 0.000000000000000000e+00 0.000000000000000000e+00
0.000000000000000000e+00 0.000000000000000000e+00 0.000000000000000000e+00 0.000000000000000000e+00 0.000000000000000000e+00
0.000000000000000000e+00 0.000000000000000000e+00 0.000000000000000000e+00 0.000000000000000000e+00 0.000000000000000000e+00
0.000000000000000000e+00 0.000000000000000000e+00 0.000000000000000000e+00 0.000000000000000000e+00 0.000000000000000000e+00
0.000000000000000000e+00 0.000000000000000000e+00 0.000000000000000000e+00 0.000000000000000000e+00 0.000000000000000000e+00
0.000000000000000000e+00 0.000000000000000000e+00 0.000000000000000000e+00 0.000000000000000000e+00 0.000000000000000000e+00
0.000000000000000000e+00 0.000000000000000000e+00 0.000000000000000000e+00 0.000000000000000000e+00 0.000000000000000000e+00
0.000000000000000000e+00 0.000000000000000000e+00 0.000000000000000000e+00 0.000000000000000000e+00 0.000000000000000000e+00
0.000000000000000000e+00 0.000000000000000000e+00 0.000000000000000000e+00 0.000000000000000000e+00 0.000000000000000000e+00
0.000000000000000000e+00 0.000000000000000000e+00 0.000000000000000000e+00 0.000000000000000000e+00 0.000000000000000000e+00
0.000000000000000000e+00 0.000000000000000000e+00 0.000000000000000000e+00 0.000000000000000000e+00 0.000000000000000000e+00
0.000000000000000000e+00 0.000000000000000000e+00 0.000000000000000000e+00 0.000000000000000000e+00 0.000000000000000000e+00
0.000000000000000000e+00 0.000000000000000000e+00 0.000000000000000000e+00 0.000000000000000000e+00 0.000000000000000000e+00
0.000000000000000000e+00 0.000000000000000000e+00 0.000000000000000000e+00 0.000000000000000000e+00 0.000000000000000000e+00
0.000000000000000000e+00 0.000000000000000000e+00 0.000000000000000000e+00 0.000000000000000000e+00 0.000000000000000000e+00
0.000000000000000000e+00 0.000000000000000000e+00 0.000000000000000000e+00 0.000000000000000000e+00 0.000000000000000000e+00
0.000000000000000000e+00 0.000000000000000000e+00 0.000000000000000000e+00 0.000000000000000000e+00 0.000000000000000000e+00
0.000000000000000000e+00 0.000000000000000000e+00 0.000000000000000000e+00 0.000000000000000000e+00 0.000000000000000000e+00
0.000000000000000000e+00 0.000000000000000000e+00 0.000000000000000000e+00 0.000000000000000000e+00 0.000000000000000000e+00
0.000000000000000000e+00 0.000000000000000000e+00 0.000000000000000000e+00 0.000000000000000000e+00 0.000000000000000000e+00
0.000000000000000000e+00 0.000000000000000000e+00 0.000000000000000000e+00 0.000000000000000000e+00 0.000000000000000000e+00
0.000000000000000000e+00 0.000000000000000000e+00 0.000000000000000000e+00 0.000000000000000000e+00 0.000000000000000000e+00
0.000000000000000000e+00 0.000000000000000000e+00 0.000000000000000000e+00 0.000000000000000000e+00 0.000000000000000000e+00
0.000000000000000000e+00 0.000000000000000000e+00 0.000000000000000000e+00 0.000000000000000000e+00 0.000000000000000000e+00
0.000000000000000000e+00 0.000000000000000000e+00 0.000000000000000000e+00 0.000000000000000000e+00 0.000000000000000000e+00
0.000000000000000000e+00 0.000000000000000000e+00 0.000000000000000000e+00 0.000000000000000000e+00 0.000000000000000000e+00
0.000000000000000000e+00 0.000000000000000000e+00 0.000000000000000000e+00 0.000000000000000000e+00 0.000000000000000000e+00
0.000000000000000000e+00 0.000000000000000000e+00 0.000000000000000000e+00 0.000000000000000000e+00 0.000000000000000000e+00
0.000000000000000000e+00 0.000000000000000000e+00 0.000000000000000000e+00 0.000000000000000000e+00 0.000000000000000000e+00
0.000000000000000000e+00 0.000000000000000000e+00 0.000000000000000000e+00 0.000000000000000000e+00 0.000000000000000000e+00
0.000000000000000000e+00 0.000000000000000000e+00 0.000000000000000000e+00 0.000000000000000000e+00 0.000000000000000000e+00
0.000000000000000000e+00 0.000000000000000000e+00 0.000000000000000000e+00 0.000000000000000000e+00 0.000000000000000000e+00
0.000000000000000000e+00 0.000000000000000000e+00 0.000000000000000000e+00 0.000000000000000000e+00 0.000000000000000000e+00
0.000000000000000000e+00 0.000000000000000000e+00 0.000000000000000000e+00 0.000000000000000000e+00 0.000000000000000000e+00
0.000000000000000000e+00 0.000000000000000000e+00 0.000000000000000000e+00 0.000000000000000000e+00 0.000000000000000000e+00
0.000000000000000000e+00 0.000000000000000000e+00 0.000000000000000000e+00 0.000000000000000000e+00 0.000000000000000000e+00
0.000000000000000000e+00 0.000000000000000000e+00 0.000000000000000000e+00 0.000000000000000000e+00 0.000000000000000000e+00
0.000000000000000000e+00 0.000000000000000000e+00 0.000000000000000000e+00 0.000000000000000000e+00 0.000000000000000000e+00
0.000000000000000000e+00 0.000000000000000000e+00 0.000000000000000000e+00 0.000000000000000000e+00 0.000000000000000000e+00
0.000000000000000000e+00 0.000000000000000000e+00 0.000000000000000000e+00 0.000000000000000000e+00 0.000000000000000000e+00
0.000000000000000000e+00 0.000000000000000000e+00 0.000000000000000000e+00 0.000000000000000000e+00 0.000000000000000000e+00
0.000000000000000000e+00 0.000000000000000000e+00 0.000000000000000000e+00 0.000000000000000000e+00 0.000000000000000000e+00
0.000000000000000000e+00 0.000000000000000000e+00 0.000000000000000000e+00 0.000000000000000000e+00 0.000000000000000000e+00
0.000000000000000000e+00 0.000000000000000000e+00 0.000000000000000000e+00 0.000000000000000000e+00 0.000000000000000000e+00
0.000000000000000000e+00 0.000000000000000000e+00 0.000000000000000000e+00 0.000000000000000000e+00 0.000000000000000000e+00
0.000000000000000000e+00 0.000000000000000000e+00 0.000000000000000000e+00 0.000000000000000000e+00 0.000000000000000000e+00
0.000000000000000000e+00 0.000000000000000000e+00 0.000000000000000000e+00 0.000000000000000000e+00 0.000000000000000000e+00
0.000000000000000000e+00 0.000000000000000000e+00 0.000000000000000000e+00 0.000000000000000000e+00 0.000000000000000000e+00
0.000000000000000000e+00 0.000000000000000000e+00 0.000000000000000000e+00 0.000000000000000000e+00 0.000000000000000000e+00
0.000000000000000000e+00 0.000000000000000000e+00 0.000000000000000000e+00 0.000000000000000000e+00 0.000000000000000000e+00
0.000000000000000000e+00 0.000000000000000000e+00 0.000000000000000000e+00 0.000000000000000000e+00 0.000000000000000000e+00
0.000000000000000000e+00 0.000000000000000000e+00 0.000000000000000000e+00 0.000000000000000000e+00 0.000000000000000000e+00
0.000000000000000000e+00 0.000000000000000000e+00 0.000000000000000000e+00 0.000000000000000000e+00 0.000000000000000000e+00
0.000000000000000000e+00 0.000000000000000000e+00 0.000000000000000000e+00 0.000000000000000000e+00 0.000000000000000000e+00
0.000000000000000000e+00 0.000000000000000000e+00 0.000000000000000000e+00 0.000000000000000000e+00 0.000000000000000000e+00
0.000000000000000000e+00 0.000000000000000000e+00 0.000000000000000000e+00 0.000000000000000000e+00 0.000000000000000000e+00
0.000000000000000000e+00 0.000000000000000000e+00 0.000000000000000000e+00 0.000000000000000000e+00 0.000000000000000000e+00
0.000000000000000000e+00 0.000000000000000000e+00 0.000000000000000000e+00 0.000000000000000000e+00 0.000000000000000000e+00
1.155538893239009757e-04 0.000000000000000000e+00 0.000000000000000000e+00 3.978297266410391574e-05 0.000000000000000000e+00
4.529712461496917045e-04 0.000000000000000000e+00 0.000000000000000000e+00 1.559492528432873031e-04 0.000000000000000000e+00
9.706526703207686351e-05 0.000000000000000000e+00 0.000000000000000000e+00 3.341769703784727052e-05 0.000000000000000000e+00
0.000000000000000000e+00 0.000000000000000000e+00 0.000000000000000000e+00 0.000000000000000000e+00 0.000000000000000000e+00
0.000000000000000000e+00 0.000000000000000000e+00 0.000000000000000000e+00 0.000000000000000000e+00 0.000000000000000000e+00
0.000000000000000000e+00 0.000000000000000000e+00 0.000000000000000000e+00 0.000000000000000000e+00 0.000000000000000000e+00
0.000000000000000000e+00 0.000000000000000000e+00 0.000000000000000000e+00 0.000000000000000000e+00 0.000000000000000000e+00
0.000000000000000000e+00 0.000000000000000000e+00 0.000000000000000000e+00 0.000000000000000000e+00 0.000000000000000000e+00
0.000000000000000000e+00 0.000000000000000000e+00 0.000000000000000000e+00 0.000000000000000000e+00 0.000000000000000000e+00
0.000000000000000000e+00 0.000000000000000000e+00 0.000000000000000000e+00 0.000000000000000000e+00 0.000000000000000000e+00
0.000000000000000000e+00 0.000000000000000000e+00 0.000000000000000000e+00 0.000000000000000000e+00 0.000000000000000000e+00
0.000000000000000000e+00 0.000000000000000000e+00 0.000000000000000000e+00 0.000000000000000000e+00 0.000000000000000000e+00
0.000000000000000000e+00 0.000000000000000000e+00 0.000000000000000000e+00 0.000000000000000000e+00 0.000000000000000000e+00
0.000000000000000000e+00 0.000000000000000000e+00 0.000000000000000000e+00 0.000000000000000000e+00 0.000000000000000000e+00
0.000000000000000000e+00 0.000000000000000000e+00 0.000000000000000000e+00 0.000000000000000000e+00 0.000000000000000000e+00
0.000000000000000000e+00 0.000000000000000000e+00 0.000000000000000000e+00 0.000000000000000000e+00 0.000000000000000000e+00
0.000000000000000000e+00 0.000000000000000000e+00 0.000000000000000000e+00 0.000000000000000000e+00 0.000000000000000000e+00
0.000000000000000000e+00 0.000000000000000000e+00 0.000000000000000000e+00 0.000000000000000000e+00 0.000000000000000000e+00
0.000000000000000000e+00 0.000000000000000000e+00 0.000000000000000000e+00 0.000000000000000000e+00 0.000000000000000000e+00
0.000000000000000000e+00 0.000000000000000000e+00 0.000000000000000000e+00 0.000000000000000000e+00 0.000000000000000000e+00
0.000000000000000000e+00 0.000000000000000000e+00 0.000000000000000000e+00 0.000000000000000000e+00 0.000000000000000000e+00
0.000000000000000000e+00 0.000000000000000000e+00 0.000000000000000000e+00 0.000000000000000000e+00 0.000000000000000000e+00
0.000000000000000000e+00 0.000000000000000000e+00 0.000000000000000000e+00 0.000000000000000000e+00 0.000000000000000000e+00
0.000000000000000000e+00 0.000000000000000000e+00 0.000000000000000000e+00 0.000000000000000000e+00 0.000000000000000000e+00
1.351473163873811501e-04 0.000000000000000000e+00 7.128742438014674368e-05 2.280342791607462287e-04 0.000000000000000000e+00
4.953557301250124814e-04 0.000000000000000000e+00 4.725358510619205913e-04 7.522779326204055792e-04 0.000000000000000000e+00
1.550926294073637509e-04 0.000000000000000000e+00 2.422771071882572915e-04 1.787905485854820954e-04 0.000000000000000000e+00
4.457815089597879092e-04 0.000000000000000000e+00 2.236242661741068294e-04 6.586444849707241201e-05 2.202858277727262346e-05
4.335458606819632237e-04 0.000000000000000000e+00 4.868399018927270917e-04 8.848671380048140213e-05 1.128856053739909917e-05
4.682716993387401596e-04 0.000000000000000000e+00 8.961711289965575448e-04 1.304690310565047534e-04 0.000000000000000000e+00
2.244242291860766971e-04 0.000000000000000000e+00 1.117425051013430637e-04 9.286570123310155991e-05 0.000000000000000000e+00
2.800184638642367230e-04 0.000000000000000000e+00 2.737107780631346256e-04 0.000000000000000000e+00 6.428427034174116891e-04
9.537373209495138933e-04 0.000000000000000000e+00 4.124328032549686275e-04 0.000000000000000000e+00 1.515432263746412664e-03
2.682412514371123290e-03 0.000000000000000000e+00 2.424229496055887740e-03 8.121206164136381741e-04 0.000000000000000000e+00
2.714645195596196263e-03 0.000000000000000000e+00 1.072707799234679307e-03 1.394071909268204115e-03 0.000000000000000000e+00
1.522422726378173810e-03 0.000000000000000000e+00 2.966070970654485620e-04 3.980812990740854288e-04 0.000000000000000000e+00
9.410249525340758613e-04 0.000000000000000000e+00 2.471969291375217324e-04 0.000000000000000000e+00 0.000000000000000000e+00
3.815967327205113777e-04 0.000000000000000000e+00 1.002412744140345776e-04 0.000000000000000000e+00 0.000000000000000000e+00
0.000000000000000000e+00 0.000000000000000000e+00 0.000000000000000000e+00 0.000000000000000000e+00 0.000000000000000000e+00
0.000000000000000000e+00 0.000000000000000000e+00 0.000000000000000000e+00 0.000000000000000000e+00 0.000000000000000000e+00
0.000000000000000000e+00 0.000000000000000000e+00 0.000000000000000000e+00 0.000000000000000000e+00 0.000000000000000000e+00
0.000000000000000000e+00 0.000000000000000000e+00 0.000000000000000000e+00 0.000000000000000000e+00 0.000000000000000000e+00
0.000000000000000000e+00 0.000000000000000000e+00 0.000000000000000000e+00 0.000000000000000000e+00 0.000000000000000000e+00
0.000000000000000000e+00 0.000000000000000000e+00 0.000000000000000000e+00 0.000000000000000000e+00 0.000000000000000000e+00
0.000000000000000000e+00 0.000000000000000000e+00 0.000000000000000000e+00 0.000000000000000000e+00 0.000000000000000000e+00
0.000000000000000000e+00 0.000000000000000000e+00 6.348268442335201246e-04 0.000000000000000000e+00 1.224015137809936161e-04
1.459364654932154999e-04 0.000000000000000000e+00 2.783167425284064061e-03 0.000000000000000000e+00 3.057920270714164406e-04
0.000000000000000000e+00 0.000000000000000000e+00 2.458901038610928572e-03 0.000000000000000000e+00 1.225566634447819350e-03
0.000000000000000000e+00 0.000000000000000000e+00 4.520327779509268964e-03 0.000000000000000000e+00 6.142595860381082611e-04
0.000000000000000000e+00 0.000000000000000000e+00 6.486594375703150055e-03 0.000000000000000000e+00 5.968950950058021180e-04
0.000000000000000000e+00 0.000000000000000000e+00 5.954617231448955210e-03 3.698993494551128269e-04 0.000000000000000000e+00
7.439055490653007942e-05 3.893288226550314002e-05 4.410535482186607632e-03 2.567578643296319473e-03 0.000000000000000000e+00
1.534748622717352568e-03 0.000000000000000000e+00 2.797011447830291802e-03 5.268364061409239879e-03 0.000000000000000000e+00
2.983525520821964875e-03 0.000000000000000000e+00 2.743717917251934681e-03 6.001523027184069159e-03 0.000000000000000000e+00
3.441560189130271532e-03 0.000000000000000000e+00 1.600790458168651611e-03 3.661604079841393206e-03 0.000000000000000000e+00
2.257520597497173105e-03 9.333056727922725733e-05 0.000000000000000000e+00 1.189613960052020043e-03 1.405406343493131394e-03
2.680814220838489211e-04 0.000000000000000000e+00 2.136536405720470752e-03 1.986979994934176107e-03 2.435666041907357752e-03
0.000000000000000000e+00 0.000000000000000000e+00 5.189671582303519506e-03 3.798881238410608142e-03 4.323252863551401912e-03
7.312700378776406773e-05 0.000000000000000000e+00 7.737044271730491619e-03 4.544130002530381678e-03 9.594555472653117437e-03
3.964415283197945776e-03 0.000000000000000000e+00 1.179670754511671395e-02 6.018968896806201757e-03 1.040804936782713588e-02
1.462454325277695241e-02 0.000000000000000000e+00 8.073589644853745861e-03 6.759119040424256021e-03 7.021984307001245817e-03
2.056523840457703464e-02 0.000000000000000000e+00 5.506040809382256769e-03 7.271094430861704469e-03 0.000000000000000000e+00
1.740079718406408252e-02 0.000000000000000000e+00 6.552692001002764430e-03 4.216899026132492519e-03 0.000000000000000000e+00
1.696709375979245024e-02 0.000000000000000000e+00 5.906696541285253940e-03 1.005168564972982103e-03 0.000000000000000000e+00
1.005249910780404640e-02 1.047462382960127674e-03 2.760533912885228258e-03 0.000000000000000000e+00 0.000000000000000000e+00
3.939839963558061132e-03 6.090245816363979960e-05 1.169798984364836926e-03 0.000000000000000000e+00 0.000000000000000000e+00
6.382640310878918500e-04 0.000000000000000000e+00 2.013299661295960940e-04 8.232349085493256095e-06 0.000000000000000000e+00
0.000000000000000000e+00 0.000000000000000000e+00 0.000000000000000000e+00 0.000000000000000000e+00 0.000000000000000000e+00
0.000000000000000000e+00 0.000000000000000000e+00 0.000000000000000000e+00 0.000000000000000000e+00 0.000000000000000000e+00
0.000000000000000000e+00 0.000000000000000000e+00 0.000000000000000000e+00 0.000000000000000000e+00 0.000000000000000000e+00
0.000000000000000000e+00 0.000000000000000000e+00 0.000000000000000000e+00 0.000000000000000000e+00 0.000000000000000000e+00
0.000000000000000000e+00 0.000000000000000000e+00 0.000000000000000000e+00 0.000000000000000000e+00 0.000000000000000000e+00
0.000000000000000000e+00 0.000000000000000000e+00 9.756990378216610427e-05 0.000000000000000000e+00 2.170887821586274633e-05
0.000000000000000000e+00 0.000000000000000000e+00 3.170518413885022382e-03 0.000000000000000000e+00 8.000040941068399351e-04
0.000000000000000000e+00 0.000000000000000000e+00 1.058078133504522685e-02 0.000000000000000000e+00 2.033247714664956299e-03
0.000000000000000000e+00 0.000000000000000000e+00 1.733285581728338451e-02 0.000000000000000000e+00 2.954912120808238923e-03
0.000000000000000000e+00 0.000000000000000000e+00 2.369881629246385277e-02 0.000000000000000000e+00 2.433688866081997609e-03
0.000000000000000000e+00 0.000000000000000000e+00 2.349324586069618387e-02 4.076500198448997948e-03 0.000000000000000000e+00
0.000000000000000000e+00 4.736921848316097655e-04 1.866870062175121289e-02 1.661758100061305754e-02 0.000000000000000000e+00
0.000000000000000000e+00 5.945836728082543390e-03 7.036255629627932197e-03 3.081074244736491108e-02 0.000000000000000000e+00
0.000000000000000000e+00 1.311071521596304107e-02 0.000000000000000000e+00 3.429832838607203838e-02 0.000000000000000000e+00
2.731363326923283690e-03 1.644635724495024931e-02 0.000000000000000000e+00 2.498880100973878415e-02 0.000000000000000000e+00
6.300655070083535821e-03 1.656317300609025725e-02 0.000000000000000000e+00 1.168822100168349400e-02 0.000000000000000000e+00
5.310504397033831772e-03 1.283919030652191408e-02 0.000000000000000000e+00 2.103354336936769705e-03 6.596061127856851260e-03
1.829768024409830557e-03 4.195597445158008240e-03 1.145013310869507717e-03 1.743998438765175310e-03 1.360461924721077798e-02
0.000000000000000000e+00 0.000000000000000000e+00 5.717895228230405677e-03 6.173178270606242794e-03 3.353923095277990679e-02
0.000000000000000000e+00 0.000000000000000000e+00 1.651503591952672642e-02 1.241340720960175739e-02 4.615639543186882826e-02
7.656345332913569272e-03 0.000000000000000000e+00 2.519107862896355701e-02 1.502212150710399881e-02 4.933686238990216827e-02
3.544640216330567639e-02 0.000000000000000000e+00 1.938517588615145879e-02 1.362591668154226540e-02 3.527668432683881555e-02
5.257020650618204893e-02 0.000000000000000000e+00 1.116971479600947434e-02 1.951286971765989545e-02 0.000000000000000000e+00
5.884996393926950065e-02 0.000000000000000000e+00 1.490528393355753344e-02 9.603686316008745380e-03 0.000000000000000000e+00
4.708354496130959937e-02 1.548627623993128859e-02 1.136023794183880879e-02 0.000000000000000000e+00 0.000000000000000000e+00
2.560348751161859240e-02 2.173429802658879972e-02 5.850347985721452912e-03 0.000000000000000000e+00 0.000000000000000000e+00
8.960483018745607486e-03 1.162320389462537240e-02 1.743243350973652708e-03 0.000000000000000000e+00 0.000000000000000000e+00
2.393264490159632048e-03 1.347532856786230098e-03 1.313249973063071094e-04 0.000000000000000000e+00 0.000000000000000000e+00
0.000000000000000000e+00 0.000000000000000000e+00 0.000000000000000000e+00 0.000000000000000000e+00 0.000000000000000000e+00
0.000000000000000000e+00 0.000000000000000000e+00 0.000000000000000000e+00 0.000000000000000000e+00 0.000000000000000000e+00
0.000000000000000000e+00 0.000000000000000000e+00 0.000000000000000000e+00 0.000000000000000000e+00 0.000000000000000000e+00
0.000000000000000000e+00 0.000000000000000000e+00 0.000000000000000000e+00 0.000000000000000000e+00 0.000000000000000000e+00
0.000000000000000000e+00 0.000000000000000000e+00 0.000000000000000000e+00 0.000000000000000000e+00 0.000000000000000000e+00
0.000000000000000000e+00 0.000000000000000000e+00 1.394253882663511537e-03 0.000000000000000000e+00 6.041574726368716119e-04
0.000000000000000000e+00 0.000000000000000000e+00 9.394905317234279046e-03 0.000000000000000000e+00 1.946734498344649712e-03
0.000000000000000000e+00 0.000000000000000000e+00 2.332319715016600847e-02 0.000000000000000000e+00 4.516250800829333702e-03
0.000000000000000000e+00 0.000000000000000000e+00 3.405342284812876152e-02 0.000000000000000000e+00 5.584484355349702590e-03
0.000000000000000000e+00 0.000000000000000000e+00 4.733543565117734331e-02 0.000000000000000000e+00 4.382238480993666876e-03
0.000000000000000000e+00 0.000000000000000000e+00 4.711642011803403307e-02 1.251483259756594989e-02 1.950158931037770981e-03
0.000000000000000000e+00 7.765580596592831786e-03 3.347396432847946773e-02 4.088113150541949903e-02 0.000000000000000000e+00
0.000000000000000000e+00 2.377430944512023622e-02 8.048505487870312794e-03 6.527600084226285737e-02 0.000000000000000000e+00
0.000000000000000000e+00 4.619283561658391046e-02 0.000000000000000000e+00 6.097300785632801118e-02 0.000000000000000000e+00
3.381791465324318884e-03 5.665246808472958889e-02 0.000000000000000000e+00 4.005604173284232905e-02 0.000000000000000000e+00
1.466702523803548736e-02 4.613278227850583363e-02 0.000000000000000000e+00 1.633582924858623803e-02 2.939802049081074314e-03
1.483809832096459787e-02 2.355920317606586753e-02 0.000000000000000000e+00 0.000000000000000000e+00 1.501471166189659832e-02
6.207183113646292695e-03 5.206039502686082843e-03 0.000000000000000000e+00 1.745005424610738219e-04 3.217890745063376606e-02
0.000000000000000000e+00 0.000000000000000000e+00 8.080055398202551711e-03 9.245815334133759833e-03 6.638608517442885770e-02
0.000000000000000000e+00 0.000000000000000000e+00 1.579397695179539721e-02 2.100174125655659280e-02 9.426683140345860912e-02
1.335601526189865960e-02 0.000000000000000000e+00 2.783334625718673211e-02 3.262815708656244956e-02 8.747766359890456200e-02
6.013902212770876748e-02 0.000000000000000000e+00 2.525811978326487905e-02 4.260047617805449993e-02 3.206702109940083589e-02
8.463581815631288086e-02 0.000000000000000000e+00 2.604056726520705481e-02 3.130531079379655912e-02 0.000000000000000000e+00
8.054669321812094052e-02 2.309653702613272824e-02 2.333241424629056704e-02 1.098626901791630896e-02 0.000000000000000000e+00
5.193956583022883017e-02 4.675862469707784547e-02 1.762711410331802703e-02 0.000000000000000000e+00 0.000000000000000000e+00
1.988431304020783427e-02 5.008061376172687901e-02 9.247676574173043992e-03 0.000000000000000000e+00 0.000000000000000000e+00
3.804785800848688344e-03 2.812232837842863417e-02 2.525913497622173792e-03 0.000000000000000000e+00 0.000000000000000000e+00
1.387863429939078510e-03 4.738348572191764321e-03 1.519141553442884948e-04 0.000000000000000000e+00 0.000000000000000000e+00
2.250456956680419146e-04 0.000000000000000000e+00 3.049490033370558890e-05 0.000000000000000000e+00 0.000000000000000000e+00
0.000000000000000000e+00 0.000000000000000000e+00 0.000000000000000000e+00 0.000000000000000000e+00 0.000000000000000000e+00
0.000000000000000000e+00 0.000000000000000000e+00 0.000000000000000000e+00 0.000000000000000000e+00 0.000000000000000000e+00
0.000000000000000000e+00 0.000000000000000000e+00 0.000000000000000000e+00 0.000000000000000000e+00 0.000000000000000000e+00
0.000000000000000000e+00 0.000000000000000000e+00 0.000000000000000000e+00 0.000000000000000000e+00 0.000000000000000000e+00
0.000000000000000000e+00 0.000000000000000000e+00 1.749094745288871499e-03 0.000000000000000000e+00 8.009088638093670495e-04
0.000000000000000000e+00 0.000000000000000000e+00 1.333952667986743230e-02 0.000000000000000000e+00 3.180875274903737036e-03
0.000000000000000000e+00 0.000000000000000000e+00 3.660388043960086102e-02 0.000000000000000000e+00 4.847862618636449884e-03
0.000000000000000000e+00 0.000000000000000000e+00 5.211769675439670291e-02 0.000000000000000000e+00 5.472245033554754175e-03
0.000000000000000000e+00 0.000000000000000000e+00 7.103882219492956007e-02 0.000000000000000000e+00 8.123484588506995133e-03
0.000000000000000000e+00 6.000001947259111894e-03 7.596623852451436787e-02 2.492960989237903713e-02 3.551911955756550335e-03
0.000000000000000000e+00 2.553809679799992974e-02 4.174231766976800595e-02 6.985953209431947086e-02 0.000000000000000000e+00
0.000000000000000000e+00 5.726469811553288464e-02 1.965404870870320758e-03 8.922654140576562198e-02 0.000000000000000000e+00
0.000000000000000000e+00 8.121419230511214837e-02 0.000000000000000000e+00 6.892377134985380738e-02 0.000000000000000000e+00
2.210882321064317271e-02 7.689783182507282933e-02 0.000000000000000000e+00 3.922859038054179320e-02 0.000000000000000000e+00
4.108715561625804480e-02 4.840540926534795535e-02 0.000000000000000000e+00 1.068230745669323037e-02 4.872472767079745297e-03
3.169576715489368784e-02 1.733812939025507552e-02 0.000000000000000000e+00 0.000000000000000000e+00 2.094450300780555108e-02
8.574077777337478501e-03 3.440115903341341933e-04 0.000000000000000000e+00 0.000000000000000000e+00 4.921123126216746940e-02
0.000000000000000000e+00 0.000000000000000000e+00 7.546490972918902876e-03 1.107268630324436710e-02 9.990217714016422224e-02
0.000000000000000000e+00 0.000000000000000000e+00 1.443993847730597364e-02 2.653398267515094666e-02 1.378114236224975420e-01
2.969259413236163131e-02 0.000000000000000000e+00 3.062490063808783608e-02 4.897761730892535165e-02 1.069532577973765081e-01
8.548941113270722147e-02 0.000000000000000000e+00 3.450938578008782426e-02 5.872838980557304467e-02 2.108804385549413810e-02
1.060801105453480636e-01 8.385916722637450083e-03 4.256469911554368324e-02 3.740581520739982846e-02 0.000000000000000000e+00
7.637018367196729551e-02 5.822997538485152891e-02 3.912428353584299079e-02 7.144639386317031687e-03 0.000000000000000000e+00
3.029604097319242573e-02 8.564374794722996731e-02 2.618228925921374170e-02 0.000000000000000000e+00 0.000000000000000000e+00
6.937978895604095253e-03 6.535148875722293638e-02 1.117372850124001560e-02 0.000000000000000000e+00 0.000000000000000000e+00
7.483081709058607986e-04 2.918492561130534013e-02 2.938224109370655458e-03 0.000000000000000000e+00 0.000000000000000000e+00
1.779256682101763637e-03 5.222797601107013500e-03 4.612112832057531191e-04 0.000000000000000000e+00 0.000000000000000000e+00
7.086221111957701543e-04 6.579877901182268818e-04 1.198495122657371608e-05 0.000000000000000000e+00 0.000000000000000000e+00
0.000000000000000000e+00 0.000000000000000000e+00 0.000000000000000000e+00 0.000000000000000000e+00 0.000000000000000000e+00
0.000000000000000000e+00 0.000000000000000000e+00 0.000000000000000000e+00 0.000000000000000000e+00 0.000000000000000000e+00
0.000000000000000000e+00 0.000000000000000000e+00 0.000000000000000000e+00 0.000000000000000000e+00 0.000000000000000000e+00
0.000000000000000000e+00 0.000000000000000000e+00 0.000000000000000000e+00 0.000000000000000000e+00 0.000000000000000000e+00
0.000000000000000000e+00 0.000000000000000000e+00 3.055600011322001392e-03 0.000000000000000000e+00 1.326299670094818143e-03
0.000000000000000000e+00 0.000000000000000000e+00 1.857477830112985381e-02 0.000000000000000000e+00 5.242349656498642221e-03
0.000000000000000000e+00 0.000000000000000000e+00 4.158100048481797040e-02 0.000000000000000000e+00 6.485329636739927892e-03
0.000000000000000000e+00 0.000000000000000000e+00 6.700482956354990305e-02 0.000000000000000000e+00 9.729926643748700033e-03
0.000000000000000000e+00 2.860183477415721189e-03 8.937860755080617725e-02 3.777003588787518763e-04 1.506079300674674840e-02
0.000000000000000000e+00 1.515834365746737168e-02 8.406587847552139670e-02 3.860449211106354445e-02 6.819269384418028858e-03
0.000000000000000000e+00 4.978682648398170124e-02 3.925590578894937177e-02 9.327709245864650167e-02 0.000000000000000000e+00
0.000000000000000000e+00 8.991237937904225652e-02 0.000000000000000000e+00 1.021800602970981409e-01 0.000000000000000000e+00
1.732100025669237528e-02 9.822157324710764636e-02 0.000000000000000000e+00 6.763212186236296219e-02 8.283414174668777066e-03
6.501294587526970647e-02 6.840832083968301225e-02 0.000000000000000000e+00 2.643068542548621808e-02 3.280851683071618792e-03
7.061999150053600849e-02 3.033722683312158400e-02 0.000000000000000000e+00 0.000000000000000000e+00 1.470121274040381461e-02
3.939258019280043877e-02 5.193139139851021650e-03 0.000000000000000000e+00 0.000000000000000000e+00 2.982130312210577380e-02
6.671378456947960750e-03 0.000000000000000000e+00 0.000000000000000000e+00 0.000000000000000000e+00 6.470485838454710648e-02
0.000000000000000000e+00 0.000000000000000000e+00 3.561545274784150457e-03 1.195484551417090244e-02 1.249006800528905531e-01
0.000000000000000000e+00 0.000000000000000000e+00 1.243495762716396481e-02 3.410208280207865927e-02 1.609304064054796757e-01
5.630046641060622303e-02 0.000000000000000000e+00 3.419125570078811877e-02 6.715776912317864000e-02 9.187993550329529024e-02
1.078501514146530116e-01 0.000000000000000000e+00 5.093191638329448712e-02 7.006890403154790448e-02 0.000000000000000000e+00
1.028655474137788323e-01 4.521875824271313904e-02 5.787272786296967370e-02 3.497573136474504962e-02 0.000000000000000000e+00
4.931749883782948762e-02 1.029581095798517282e-01 5.060260853186999974e-02 0.000000000000000000e+00 0.000000000000000000e+00
6.600450445087733924e-03 1.064839208259754644e-01 3.251604458642110701e-02 0.000000000000000000e+00 0.000000000000000000e+00
0.000000000000000000e+00 6.246377596701394030e-02 1.516118546533731098e-02 0.000000000000000000e+00 0.000000000000000000e+00
0.000000000000000000e+00 1.840002784267737168e-02 2.589777326450573309e-03 0.000000000000000000e+00 0.000000000000000000e+00
1.677718985631711582e-03 3.548003080307041059e-03 1.473797277797462982e-04 0.000000000000000000e+00 0.000000000000000000e+00
3.675865800277229958e-04 7.408617580650907284e-04 0.000000000000000000e+00 0.000000000000000000e+00 0.000000000000000000e+00
0.000000000000000000e+00 0.000000000000000000e+00 0.000000000000000000e+00 0.000000000000000000e+00 0.000000000000000000e+00
0.000000000000000000e+00 0.000000000000000000e+00 0.000000000000000000e+00 0.000000000000000000e+00 0.000000000000000000e+00
0.000000000000000000e+00 0.000000000000000000e+00 0.000000000000000000e+00 0.000000000000000000e+00 0.000000000000000000e+00
0.000000000000000000e+00 0.000000000000000000e+00 0.000000000000000000e+00 0.000000000000000000e+00 0.000000000000000000e+00
0.000000000000000000e+00 0.000000000000000000e+00 3.389445712039434403e-03 0.000000000000000000e+00 2.146410219916733766e-03
0.000000000000000000e+00 0.000000000000000000e+00 1.862262009658824033e-02 0.000000000000000000e+00 4.985849087452322824e-03
0.000000000000000000e+00 0.000000000000000000e+00 4.783175403118470476e-02 0.000000000000000000e+00 8.840543860970374174e-03
0.000000000000000000e+00 2.222601667338661158e-03 7.772554918928353818e-02 0.000000000000000000e+00 1.214738329759757970e-02
0.000000000000000000e+00 7.303940178347403771e-03 1.001932997314868290e-01 6.484936275640517528e-03 1.645707991720673363e-02
0.000000000000000000e+00 2.803619781407452535e-02 8.572237666376217313e-02 5.993632507899911838e-02 1.409025257522371431e-03
0.000000000000000000e+00 7.932543258265868646e-02 2.535701740614356228e-02 1.101846973945987684e-01 0.000000000000000000e+00
4.636298649136457112e-04 1.114403951166289125e-01 0.000000000000000000e+00 1.028561593481771702e-01 9.664666539994207911e-03
6.180760323277061097e-02 9.096102112639369019e-02 0.000000000000000000e+00 5.392235883139397806e-02 1.868563257421883977e-02
1.036359306301554845e-01 4.416982087247701277e-02 0.000000000000000000e+00 8.621681329730642926e-03 1.785104302337365764e-02
8.280589034859570097e-02 6.345476488622129804e-03 0.000000000000000000e+00 0.000000000000000000e+00 2.822297553080602150e-02
3.465519330795440583e-02 0.000000000000000000e+00 1.180219081520773134e-03 0.000000000000000000e+00 3.824354094788072478e-02
3.486681081915789086e-04 0.000000000000000000e+00 0.000000000000000000e+00 0.000000000000000000e+00 7.817004351177436750e-02
0.000000000000000000e+00 0.000000000000000000e+00 0.000000000000000000e+00 1.161858861928754920e-02 1.522665860564954843e-01
1.252664986689932744e-02 0.000000000000000000e+00 7.551294591213394275e-03 4.812548232662004766e-02 1.685148984528695437e-01
8.811183934930620631e-02 0.000000000000000000e+00 3.632950717879091657e-02 8.893488380612182831e-02 5.781052810258952013e-02
1.219382492430796938e-01 8.364799091639280385e-03 6.364456095862393303e-02 7.649557642185733641e-02 0.000000000000000000e+00
8.017071279587094368e-02 9.193565927337288279e-02 6.534118400713986863e-02 2.792048303159709241e-02 0.000000000000000000e+00
1.847896483310060983e-02 1.260064411306286436e-01 5.549951693156086191e-02 0.000000000000000000e+00 0.000000000000000000e+00
0.000000000000000000e+00 9.825157937740151837e-02 3.394120162916871436e-02 0.000000000000000000e+00 0.000000000000000000e+00
0.000000000000000000e+00 4.314021810065957196e-02 1.418297539533411485e-02 0.000000000000000000e+00 0.000000000000000000e+00
0.000000000000000000e+00 9.448772430303557790e-03 1.739966198466203233e-03 0.000000000000000000e+00 0.000000000000000000e+00
5.718553950334735085e-04 2.269641771287264718e-03 8.795860800742703932e-05 0.000000000000000000e+00 0.000000000000000000e+00
9.536540623909285381e-05 2.505156310582931146e-04 0.000000000000000000e+00 0.000000000000000000e+00 0.000000000000000000e+00
0.000000000000000000e+00 0.000000000000000000e+00 0.000000000000000000e+00 0.000000000000000000e+00 0.000000000000000000e+00
0.000000000000000000e+00 0.000000000000000000e+00 0.000000000000000000e+00 0.000000000000000000e+00 0.000000000000000000e+00
0.000000000000000000e+00 0.000000000000000000e+00 0.000000000000000000e+00 0.000000000000000000e+00 0.000000000000000000e+00
0.000000000000000000e+00 0.000000000000000000e+00 4.321023612224267709e-05 0.000000000000000000e+00 3.022987894382867392e-05
0.000000000000000000e+00 0.000000000000000000e+00 3.094826660798373225e-03 0.000000000000000000e+00 2.570279074337833598e-03
0.000000000000000000e+00 0.000000000000000000e+00 2.019969874222709086e-02 0.000000000000000000e+00 4.951106541698955914e-03
0.000000000000000000e+00 1.910334424795300358e-03 5.581454289056848178e-02 0.000000000000000000e+00 7.914143631473007784e-03
0.000000000000000000e+00 5.456532750905821079e-03 8.958983210026200128e-02 0.000000000000000000e+00 1.270783479070978529e-02
0.000000000000000000e+00 1.789529094915805543e-02 1.102559604926522108e-01 1.899548504700564536e-02 1.119340080593689973e-02
0.000000000000000000e+00 5.704273420090809343e-02 8.069562994637141662e-02 8.383483087443258097e-02 0.000000000000000000e+00
0.000000000000000000e+00 1.069629506803960323e-01 6.094531810883876792e-03 1.199379630410229436e-01 2.908928342866655067e-03
3.545829240074337835e-02 1.144237012985808016e-01 0.000000000000000000e+00 9.070307741976629812e-02 2.770886705900256486e-02
1.050323590125624013e-01 6.201737959963789931e-02 0.000000000000000000e+00 2.984660954221910953e-02 3.763611652525652995e-02
1.168822696101070591e-01 8.024820207388608240e-03 0.000000000000000000e+00 0.000000000000000000e+00 3.862040657871197019e-02
6.779377695342052312e-02 0.000000000000000000e+00 5.245761983859710759e-04 0.000000000000000000e+00 4.203472340601884655e-02
1.962778128698572724e-02 0.000000000000000000e+00 3.649458128850468445e-03 0.000000000000000000e+00 4.365204788519694290e-02
0.000000000000000000e+00 0.000000000000000000e+00 0.000000000000000000e+00 0.000000000000000000e+00 9.547120251551477477e-02
0.000000000000000000e+00 0.000000000000000000e+00 0.000000000000000000e+00 1.352205505835337579e-02 1.770835030095348761e-01
3.997746687456262688e-02 0.000000000000000000e+00 6.997340255747585441e-05 6.832599425793906001e-02 1.608505390954837466e-01
1.156130423520350115e-01 0.000000000000000000e+00 3.825137632722424436e-02 1.048709720685869623e-01 2.297082472528373664e-02
1.159246049262934730e-01 4.854257774087138849e-02 7.893183389840222053e-02 7.165131559481725809e-02 0.000000000000000000e+00
4.829513194590361741e-02 1.245926525181728639e-01 7.708549146034766875e-02 1.608043246065950921e-02 0.000000000000000000e+00
0.000000000000000000e+00 1.225458610312771673e-01 5.809390707098681383e-02 0.000000000000000000e+00 0.000000000000000000e+00
0.000000000000000000e+00 6.894766068311759810e-02 3.448965553296395176e-02 0.000000000000000000e+00 0.000000000000000000e+00
0.000000000000000000e+00 1.748570489531693292e-02 1.036499994238350257e-02 0.000000000000000000e+00 0.000000000000000000e+00
0.000000000000000000e+00 4.530603428804237144e-03 1.034149366754411178e-03 0.000000000000000000e+00 0.000000000000000000e+00
1.338543257992119999e-04 7.145802124343679810e-04 5.518696055567498836e-05 0.000000000000000000e+00 0.000000000000000000e+00
0.000000000000000000e+00 0.000000000000000000e+00 0.000000000000000000e+00 0.000000000000000000e+00 0.000000000000000000e+00
0.000000000000000000e+00 0.000000000000000000e+00 0.000000000000000000e+00 0.000000000000000000e+00 0.000000000000000000e+00
0.000000000000000000e+00 0.000000000000000000e+00 0.000000000000000000e+00 0.000000000000000000e+00 0.000000000000000000e+00
0.000000000000000000e+00 0.000000000000000000e+00 3.304312174053858434e-05 0.000000000000000000e+00 2.311696625116312033e-05
0.000000000000000000e+00 0.000000000000000000e+00 4.880214903218010598e-04 0.000000000000000000e+00 3.414198092479472772e-04
0.000000000000000000e+00 3.837741488579910364e-06 3.374316803126884909e-03 0.000000000000000000e+00 2.165793510857933271e-03
0.000000000000000000e+00 0.000000000000000000e+00 2.389248535486800801e-02 0.000000000000000000e+00 5.063713038854969657e-03
0.000000000000000000e+00 4.194521303901720295e-03 6.509808054124265053e-02 0.000000000000000000e+00 6.956334849293871990e-03
0.000000000000000000e+00 1.158406779355318147e-02 1.040563507832399509e-01 0.000000000000000000e+00 9.510150106319219254e-03
0.000000000000000000e+00 4.119493076260696829e-02 1.182273649752113992e-01 3.457064711688409564e-02 1.703167570532905647e-03
0.000000000000000000e+00 9.137343402545917981e-02 6.941545166127136013e-02 1.007527990467309703e-01 0.000000000000000000e+00
1.005989469527321725e-02 1.153982518700494425e-01 0.000000000000000000e+00 1.201321122765477423e-01 1.298022032048321700e-02
8.743869673695123246e-02 8.462529952805021571e-02 0.000000000000000000e+00 6.931279415647875752e-02 4.506392617851889826e-02
1.284981346750737607e-01 2.105790054090192834e-02 0.000000000000000000e+00 6.791703117195948755e-03 6.228597923652281348e-02
9.866294594091047643e-02 0.000000000000000000e+00 0.000000000000000000e+00 0.000000000000000000e+00 5.620097818531932105e-02
3.719264845605654846e-02 0.000000000000000000e+00 4.304782745078086954e-03 0.000000000000000000e+00 4.461246556069713154e-02
5.671119368372736468e-03 0.000000000000000000e+00 3.257358145580086309e-03 0.000000000000000000e+00 4.793843960341515748e-02
0.000000000000000000e+00 1.132217220985252482e-03 0.000000000000000000e+00 0.000000000000000000e+00 1.173360242339667042e-01
4.105355348477529587e-03 0.000000000000000000e+00 0.000000000000000000e+00 1.541407809556148006e-02 1.956720275766716810e-01
8.045656790944312464e-02 0.000000000000000000e+00 0.000000000000000000e+00 8.835171822858765844e-02 1.318996851130745662e-01
1.247156737372830254e-01 1.361648254634842403e-02 4.343532626716116452e-02 1.144824118877266761e-01 0.000000000000000000e+00
8.639968993050141377e-02 9.565989839667048134e-02 9.314056718246437050e-02 6.334769213905204477e-02 0.000000000000000000e+00
1.533293476336656733e-02 1.331706119610575334e-01 8.906583937855180877e-02 5.985151958572014486e-03 0.000000000000000000e+00
0.000000000000000000e+00 9.754825471485613353e-02 5.819354584612052711e-02 0.000000000000000000e+00 0.000000000000000000e+00
0.000000000000000000e+00 3.824761104377965432e-02 3.166782428389539050e-02 0.000000000000000000e+00 0.000000000000000000e+00
0.000000000000000000e+00 8.361857185911236376e-03 7.269449146226695559e-03 0.000000000000000000e+00 0.000000000000000000e+00
1.409847253964296684e-04 1.239839371230687208e-03 3.791633739176181834e-04 0.000000000000000000e+00 0.000000000000000000e+00
7.332370072760858517e-06 1.986397220953547155e-05 0.000000000000000000e+00 0.000000000000000000e+00 0.000000000000000000e+00
0.000000000000000000e+00 0.000000000000000000e+00 0.000000000000000000e+00 0.000000000000000000e+00 0.000000000000000000e+00
0.000000000000000000e+00 0.000000000000000000e+00 0.000000000000000000e+00 0.000000000000000000e+00 0.000000000000000000e+00
0.000000000000000000e+00 0.000000000000000000e+00 0.000000000000000000e+00 0.000000000000000000e+00 0.000000000000000000e+00
0.000000000000000000e+00 0.000000000000000000e+00 3.253476602145335158e-04 0.000000000000000000e+00 2.276132061652984468e-04
0.000000000000000000e+00 0.000000000000000000e+00 6.405282060473640841e-04 0.000000000000000000e+00 4.481134996379311096e-04
0.000000000000000000e+00 0.000000000000000000e+00 3.706419736254297406e-03 0.000000000000000000e+00 1.271124723808506832e-03
0.000000000000000000e+00 1.408429791414084978e-03 2.610972749754933431e-02 0.000000000000000000e+00 3.833441137363880619e-03
0.000000000000000000e+00 8.971112415924391986e-03 7.195736554244602790e-02 0.000000000000000000e+00 4.707692810094402450e-03
0.000000000000000000e+00 3.265888252468071573e-02 1.121138670826380274e-01 0.000000000000000000e+00 4.466500183675156666e-03
0.000000000000000000e+00 7.288101967319940422e-02 1.184735576288021841e-01 5.164886339063483323e-02 0.000000000000000000e+00
0.000000000000000000e+00 1.126632686988526533e-01 5.829694785254508488e-02 1.068464032101389405e-01 0.000000000000000000e+00
5.620748456468960264e-02 1.044706178094956944e-01 0.000000000000000000e+00 1.150136564284151286e-01 2.515628609618085140e-02
1.150961876432623487e-01 5.210470656368615394e-02 0.000000000000000000e+00 4.615262225059611756e-02 7.683832933674447641e-02
1.147461559850380258e-01 0.000000000000000000e+00 0.000000000000000000e+00 0.000000000000000000e+00 8.970977304321346713e-02
5.368691186342897104e-02 0.000000000000000000e+00 0.000000000000000000e+00 0.000000000000000000e+00 7.021893777745019660e-02
8.830855011728791851e-03 4.921392110429296911e-03 2.667864431256362478e-03 0.000000000000000000e+00 5.136288687308194351e-02
0.000000000000000000e+00 1.095319183683830279e-02 1.092111915481988388e-03 0.000000000000000000e+00 6.515637405859002473e-02
0.000000000000000000e+00 1.144728238618226805e-02 0.000000000000000000e+00 0.000000000000000000e+00 1.486623164195153557e-01
3.599624101903218382e-02 0.000000000000000000e+00 0.000000000000000000e+00 2.492478362336668363e-02 2.003891395960904209e-01
1.059894156036798735e-01 0.000000000000000000e+00 0.000000000000000000e+00 1.036142427631328439e-01 9.601253515919631887e-02
1.125944103711908895e-01 5.959814000942821599e-02 5.159162297137627473e-02 1.164644230047491291e-01 0.000000000000000000e+00
4.590737543352602784e-02 1.249997740626450637e-01 1.018103874106591478e-01 5.526572511361248913e-02 0.000000000000000000e+00
0.000000000000000000e+00 1.218621770017717931e-01 9.551832068665956632e-02 0.000000000000000000e+00 0.000000000000000000e+00
0.000000000000000000e+00 6.440864710580140873e-02 5.471116141825846380e-02 0.000000000000000000e+00 0.000000000000000000e+00
0.000000000000000000e+00 1.745747387102277240e-02 2.821094084156157422e-02 0.000000000000000000e+00 0.000000000000000000e+00
8.780487998148071372e-04 2.151742378017784934e-03 6.330044560802738397e-03 0.000000000000000000e+00 1.794225041685443929e-03
2.483392598289903904e-04 0.000000000000000000e+00 1.923351889984108555e-03 0.000000000000000000e+00 2.532427738255891604e-03
3.586469416621971195e-05 0.000000000000000000e+00 1.271077129416559623e-04 0.000000000000000000e+00 2.361078640167635389e-04
0.000000000000000000e+00 0.000000000000000000e+00 0.000000000000000000e+00 0.000000000000000000e+00 0.000000000000000000e+00
0.000000000000000000e+00 0.000000000000000000e+00 0.000000000000000000e+00 0.000000000000000000e+00 0.000000000000000000e+00
0.000000000000000000e+00 0.000000000000000000e+00 0.000000000000000000e+00 0.000000000000000000e+00 0.000000000000000000e+00
0.000000000000000000e+00 0.000000000000000000e+00 6.430699846427886555e-04 0.000000000000000000e+00 4.498917278110983959e-04
0.000000000000000000e+00 0.000000000000000000e+00 6.405282060473640841e-04 0.000000000000000000e+00 4.481134996379311096e-04
0.000000000000000000e+00 0.000000000000000000e+00 2.564151828986385804e-03 0.000000000000000000e+00 8.152805211904254942e-04
0.000000000000000000e+00 2.974848102761774773e-03 2.809205024562416372e-02 0.000000000000000000e+00 1.931228141678496303e-03
0.000000000000000000e+00 2.125447096206399197e-02 7.390332153596365639e-02 0.000000000000000000e+00 1.791575073749383448e-03
0.000000000000000000e+00 5.954328332183768391e-02 1.209114612151627327e-01 2.576320281131246753e-03 0.000000000000000000e+00
0.000000000000000000e+00 1.001701095341704650e-01 1.183562232001825754e-01 6.001269761911171008e-02 0.000000000000000000e+00
2.896718368331208798e-02 1.131981232771433199e-01 6.124845104967699405e-02 1.024784216214262161e-01 5.007324246270282442e-03
8.940463267961457072e-02 8.469686424171889161e-02 0.000000000000000000e+00 9.720231827266778701e-02 5.445080592661188240e-02
1.039079989888509609e-01 4.770626221814535523e-02 0.000000000000000000e+00 3.235020354014635918e-02 1.179191180906592057e-01
5.782619064432302503e-02 3.726165683969109854e-02 0.000000000000000000e+00 0.000000000000000000e+00 1.346325960597579974e-01
4.407726825665258218e-03 4.502155138926032529e-02 0.000000000000000000e+00 0.000000000000000000e+00 1.082306070408370346e-01
0.000000000000000000e+00 4.870775892195673001e-02 6.173911022887107166e-04 0.000000000000000000e+00 9.157840642239187257e-02
0.000000000000000000e+00 4.673818308440868402e-02 3.664338870057787592e-03 0.000000000000000000e+00 1.174946683448115231e-01
8.825768891090057106e-03 3.410810145080475642e-02 0.000000000000000000e+00 0.000000000000000000e+00 1.853389449133488742e-01
7.422500045699682858e-02 2.048010499864690720e-02 0.000000000000000000e+00 4.184445182276485403e-02 1.790633273355810018e-01
1.093833917456128318e-01 4.728324234147279065e-02 7.749629700977969313e-03 1.099073400545666906e-01 7.374881733888924429e-02
7.896881467554138501e-02 1.019712448411891625e-01 6.419316104620546859e-02 1.036157267884013494e-01 0.000000000000000000e+00
1.769598865065407159e-02 1.291125402236941166e-01 1.150574920414230429e-01 3.634322138838299437e-02 0.000000000000000000e+00
0.000000000000000000e+00 9.544831397632864978e-02 1.038481767258342403e-01 0.000000000000000000e+00 4.386063163385544618e-03
0.000000000000000000e+00 3.799804986488131836e-02 6.196400495021466004e-02 0.000000000000000000e+00 1.276463364491544836e-02
1.632040845461032747e-03 9.108785809522668836e-03 3.270899344833364669e-02 0.000000000000000000e+00 1.311404590375053573e-02
1.517730853759087636e-03 1.826101750684718276e-03 8.938678596478481439e-03 0.000000000000000000e+00 8.964821702470133699e-03
4.249289970571442938e-04 0.000000000000000000e+00 4.342629268010617799e-03 0.000000000000000000e+00 5.095603172978976393e-03
1.519981804606222321e-05 0.000000000000000000e+00 4.357618582342381299e-04 0.000000000000000000e+00 1.111029503671263474e-03
0.000000000000000000e+00 0.000000000000000000e+00 0.000000000000000000e+00 0.000000000000000000e+00 0.000000000000000000e+00
0.000000000000000000e+00 0.000000000000000000e+00 0.000000000000000000e+00 0.000000000000000000e+00 0.000000000000000000e+00
0.000000000000000000e+00 0.000000000000000000e+00 0.000000000000000000e+00 0.000000000000000000e+00 0.000000000000000000e+00
0.000000000000000000e+00 0.000000000000000000e+00 3.075552100465513789e-04 0.000000000000000000e+00 2.151656089531340296e-04
0.000000000000000000e+00 0.000000000000000000e+00 6.430699846427886555e-04 0.000000000000000000e+00 4.498917278110983959e-04
0.000000000000000000e+00 1.973227491932771785e-04 5.094231115722418907e-03 0.000000000000000000e+00 1.734705479304467224e-03
0.000000000000000000e+00 7.425318835894665313e-03 3.120017486486359806e-02 0.000000000000000000e+00 1.870637554667131316e-03
0.000000000000000000e+00 3.700289585023463362e-02 7.418889545486206938e-02 0.000000000000000000e+00 1.431758294420750572e-03
0.000000000000000000e+00 7.910796405150161137e-02 1.221893808896632877e-01 6.455748501864469122e-03 0.000000000000000000e+00
1.644102229996444522e-02 1.048771778808113703e-01 1.213179731733015770e-01 5.580401482009163944e-02 0.000000000000000000e+00
6.589952813750764304e-02 9.818718947716442713e-02 7.965352091784402844e-02 9.407131300576716815e-02 1.344989834386435025e-02
9.942771346835180268e-02 7.347665035966066682e-02 2.836235956662218338e-02 8.031141306639530408e-02 7.789648694075052004e-02
7.189169131324352202e-02 7.035905226365077314e-02 7.496663505136472345e-03 3.272419280955028709e-02 1.463643772834061774e-01
1.552702016510517161e-02 9.027910565491699402e-02 1.077501201807865884e-02 0.000000000000000000e+00 1.709019152445170331e-01
0.000000000000000000e+00 1.009851573537653285e-01 2.527167403817812130e-02 0.000000000000000000e+00 1.574358355511702168e-01
0.000000000000000000e+00 1.014724293676823874e-01 2.944444278311307561e-02 0.000000000000000000e+00 1.533843930230713304e-01
0.000000000000000000e+00 8.557517952214119261e-02 3.466603651814237352e-02 0.000000000000000000e+00 1.657778702445557306e-01
5.173816458979061533e-02 5.873464860556765893e-02 2.654471415074775506e-02 0.000000000000000000e+00 1.838682177819688790e-01
9.614256775186702519e-02 5.795488286818804846e-02 1.149307825295058788e-02 5.969378590326034073e-02 1.458251840578240199e-01
9.801132936360244796e-02 8.556389077222423256e-02 3.452765436024299306e-02 1.081493480236296045e-01 6.954089674444703661e-02
5.915841895732137923e-02 1.119907664400773828e-01 8.812483234722640058e-02 8.449538771103923263e-02 1.782814153182488842e-02
2.383403960026498486e-02 1.034533294717267099e-01 1.329693916828471878e-01 1.862894920247810601e-02 1.701753875645966446e-02
1.644200481249221552e-02 5.378139469257249561e-02 1.242926475913021661e-01 0.000000000000000000e+00 2.848309398368679274e-02
1.505554291341517151e-02 1.646210421931341289e-02 7.607531095074024363e-02 0.000000000000000000e+00 2.988428243152285030e-02
9.680396236611859412e-03 3.622093371623926784e-03 3.897994962561562166e-02 0.000000000000000000e+00 2.255275832226256993e-02
5.472619611363690323e-03 9.452745039837112803e-04 1.381090968456162756e-02 0.000000000000000000e+00 1.215923324010253180e-02
6.986677104296176244e-04 2.010888913455465086e-04 5.343572692556491747e-03 0.000000000000000000e+00 3.695044063198231130e-03
1.012756667962132375e-04 0.000000000000000000e+00 3.963776926939591074e-04 0.000000000000000000e+00 1.848334980384101029e-03
0.000000000000000000e+00 0.000000000000000000e+00 0.000000000000000000e+00 0.000000000000000000e+00 0.000000000000000000e+00
0.000000000000000000e+00 0.000000000000000000e+00 0.000000000000000000e+00 0.000000000000000000e+00 0.000000000000000000e+00
0.000000000000000000e+00 0.000000000000000000e+00 0.000000000000000000e+00 0.000000000000000000e+00 0.000000000000000000e+00
0.000000000000000000e+00 0.000000000000000000e+00 1.525067157255628312e-05 0.000000000000000000e+00 1.066936903899835241e-05
0.000000000000000000e+00 0.000000000000000000e+00 4.676872615583915868e-04 0.000000000000000000e+00 3.271939838626170645e-04
0.000000000000000000e+00 1.062186511790281281e-03 7.071736231446261803e-03 0.000000000000000000e+00 1.547646825639762466e-03
0.000000000000000000e+00 7.741456665956588344e-03 2.760425843679839564e-02 0.000000000000000000e+00 1.333806231863946326e-03
0.000000000000000000e+00 3.781201418014316917e-02 7.049527294762349128e-02 0.000000000000000000e+00 0.000000000000000000e+00
1.482436904297236221e-02 7.092274431912617971e-02 1.213076337856217601e-01 6.044284713050745647e-03 0.000000000000000000e+00
5.290260031875559932e-02 7.941112328479488225e-02 1.300903117701735223e-01 4.949532916374243391e-02 0.000000000000000000e+00
9.654078791383988167e-02 6.626626266219065586e-02 9.747721348289863086e-02 8.685686021786054312e-02 2.595620730154301475e-03
1.085478377499370511e-01 5.752891099037474310e-02 6.363243124254382155e-02 9.023511524370807224e-02 4.872707509746886795e-02
8.555025867121610061e-02 6.754051912449422768e-02 5.285475759732535112e-02 6.727377255307920301e-02 8.763632271555335529e-02
5.678313018293662529e-02 8.547048084641686860e-02 5.284389687075111142e-02 5.325148953550289804e-02 1.007612441317875113e-01
4.340582581571856419e-02 8.758036605205142544e-02 5.803916555537529803e-02 4.618277823284030331e-02 1.038110218908284144e-01
4.449010577132084948e-02 8.431288843544557099e-02 6.767074820708991745e-02 3.730828899890221290e-02 1.049190404046732444e-01
6.608357340382708944e-02 7.114532433102180309e-02 6.770048290462868379e-02 3.165006301667156602e-02 1.148889463071727790e-01
1.020782761807699363e-01 5.957777397519346818e-02 5.445285334244486658e-02 4.142585180413801971e-02 1.269225124623776235e-01
1.080181021467242486e-01 7.582443720056031289e-02 3.614916514658352009e-02 8.362152216449071640e-02 1.049204372720941164e-01
8.882705450288551352e-02 9.471993961063940315e-02 5.493565272645153236e-02 1.158870613000031746e-01 5.072443075853168282e-02
5.475429279323784648e-02 9.529713997350161558e-02 1.079106874958816187e-01 8.756766804969488838e-02 7.212638756813098684e-03
3.343337544550850637e-02 6.215773166527280985e-02 1.473192569329559998e-01 2.590635782828384220e-02 6.306934635975067031e-03
2.379016780801365694e-02 2.072263712082950821e-02 1.307325906455782394e-01 0.000000000000000000e+00 2.386447493216231272e-02
1.943998737488145112e-02 5.735573363775646211e-04 7.603160246276430279e-02 0.000000000000000000e+00 3.107482645484457504e-02
1.198550032457244320e-02 0.000000000000000000e+00 3.937527497265731757e-02 0.000000000000000000e+00 2.443095773820634989e-02
6.740452589140091821e-03 0.000000000000000000e+00 1.620594971320181085e-02 0.000000000000000000e+00 1.036803608303524769e-02
1.217940625419694153e-03 0.000000000000000000e+00 5.939759536321880320e-03 0.000000000000000000e+00 4.726277076666432833e-03
5.244866832108314346e-05 0.000000000000000000e+00 7.357125780443875490e-04 0.000000000000000000e+00 1.540072604287585217e-03
9.403519686877479856e-05 9.725192469977186687e-05 0.000000000000000000e+00 0.000000000000000000e+00 0.000000000000000000e+00
8.815799706447650070e-06 9.117367940603602778e-06 0.000000000000000000e+00 0.000000000000000000e+00 0.000000000000000000e+00
0.000000000000000000e+00 0.000000000000000000e+00 0.000000000000000000e+00 0.000000000000000000e+00 0.000000000000000000e+00
0.000000000000000000e+00 0.000000000000000000e+00 0.000000000000000000e+00 0.000000000000000000e+00 0.000000000000000000e+00
0.000000000000000000e+00 0.000000000000000000e+00 2.795956454968646343e-05 0.000000000000000000e+00 1.956050990483035708e-05
0.000000000000000000e+00 1.496660327760356533e-03 4.366813639555227125e-03 0.000000000000000000e+00 2.117890028653559708e-04
7.972011558842818143e-04 7.001341841182279549e-03 1.984049867893066324e-02 0.000000000000000000e+00 2.487785525640548510e-04
9.857017574962807435e-03 2.593692247770391923e-02 5.868913073714005640e-02 0.000000000000000000e+00 0.000000000000000000e+00
3.447772371999630048e-02 4.252066005452478925e-02 1.092300905626674007e-01 7.020702765973746429e-03 0.000000000000000000e+00
7.969498226001214825e-02 3.499551111561909761e-02 1.240672439179334730e-01 4.042580829369847584e-02 0.000000000000000000e+00
1.097238915344246196e-01 2.326512456692297892e-02 1.078293786631636803e-01 7.304785855241019421e-02 0.000000000000000000e+00
1.154324282710987581e-01 1.903212038384300905e-02 9.059596221675118854e-02 8.969345149539806328e-02 0.000000000000000000e+00
1.133505740901445957e-01 2.163318170999540754e-02 8.033946654142215538e-02 9.513463158964713395e-02 0.000000000000000000e+00
1.070754728624432189e-01 2.506347731255878161e-02 7.835523218313392158e-02 9.309401269358086317e-02 0.000000000000000000e+00
1.109634636947945258e-01 2.192127401445105594e-02 7.832380446554330911e-02 8.932803311870021745e-02 0.000000000000000000e+00
1.191890128628702306e-01 1.983029666330099819e-02 7.667229695078804641e-02 7.735279329320758623e-02 1.361608286986930663e-02
1.361096894852133476e-01 2.366025060845999492e-02 6.855464466118051103e-02 6.158728119894647801e-02 4.612100005184521789e-02
1.315949099398469602e-01 5.162619994062591505e-02 4.853392281680053016e-02 6.627512431568025053e-02 7.661117452968878305e-02
9.855437308602930935e-02 8.888931497169354212e-02 3.323636660010909766e-02 1.067044390158226469e-01 6.640923687295541278e-02
6.056426365555536706e-02 9.625700591089363101e-02 5.657073884441676109e-02 1.356334112871953046e-01 1.814627155613575057e-02
3.482665654879928824e-02 7.021718474447920244e-02 1.047360175829032958e-01 1.038025097896125154e-01 0.000000000000000000e+00
2.264331137140194669e-02 2.915087764277359689e-02 1.408987419204784930e-01 3.725434165804165226e-02 0.000000000000000000e+00
1.461617915422747972e-02 3.574607100296043217e-03 1.182478624316879723e-01 4.277018206908695416e-04 1.234796268161638365e-02
1.149158215330290528e-02 0.000000000000000000e+00 6.528597603719596409e-02 0.000000000000000000e+00 1.788297340254301274e-02
7.458027052274816306e-03 0.000000000000000000e+00 3.034397455849119005e-02 0.000000000000000000e+00 1.101710840579360820e-02
4.261783741657088932e-03 0.000000000000000000e+00 1.143443138911158161e-02 0.000000000000000000e+00 5.176270998286198674e-03
1.058693546451071549e-03 0.000000000000000000e+00 4.804507327088994306e-03 0.000000000000000000e+00 3.275937332590920549e-03
0.000000000000000000e+00 0.000000000000000000e+00 2.156791713003788360e-04 0.000000000000000000e+00 2.921333695603562514e-04
3.364696887960856998e-04 3.479795430663706782e-04 0.000000000000000000e+00 0.000000000000000000e+00 0.000000000000000000e+00
1.616229946182069603e-05 1.671517455777326018e-05 0.000000000000000000e+00 0.000000000000000000e+00 0.000000000000000000e+00
0.000000000000000000e+00 0.000000000000000000e+00 0.000000000000000000e+00 0.000000000000000000e+00 0.000000000000000000e+00
0.000000000000000000e+00 0.000000000000000000e+00 0.000000000000000000e+00 0.000000000000000000e+00 0.000000000000000000e+00
0.000000000000000000e+00 0.000000000000000000e+00 0.000000000000000000e+00 0.000000000000000000e+00 0.000000000000000000e+00
9.962361257307950860e-04 1.637810076598066500e-04 2.428628531346851450e-03 0.000000000000000000e+00 7.430148279953963791e-04
3.435557244449908339e-03 2.753467642701973566e-03 1.020220651449485830e-02 0.000000000000000000e+00 9.576650087608366878e-04
1.422153606962059912e-02 1.417666126933493816e-02 3.997536540981766473e-02 0.000000000000000000e+00 0.000000000000000000e+00
3.559342923784066665e-02 1.711341995383751369e-02 7.304166678292575710e-02 6.844950323674913947e-03 0.000000000000000000e+00
7.076316344329044994e-02 2.708599763775947338e-03 9.395616776989029750e-02 2.685698328821810310e-02 0.000000000000000000e+00
8.987077258820309889e-02 0.000000000000000000e+00 9.238641290607674250e-02 4.760663162095939149e-02 0.000000000000000000e+00
9.270204914398585960e-02 0.000000000000000000e+00 8.517241960743263118e-02 6.195958755692116543e-02 0.000000000000000000e+00
9.377994345653350994e-02 0.000000000000000000e+00 7.926296316954863086e-02 7.181017186884638970e-02 0.000000000000000000e+00
9.487853690242581406e-02 0.000000000000000000e+00 7.408959987283846027e-02 7.261166719950941373e-02 0.000000000000000000e+00
1.008255522417075833e-01 0.000000000000000000e+00 6.621105184371799124e-02 6.766277118557248449e-02 0.000000000000000000e+00
1.325116131785898654e-01 0.000000000000000000e+00 5.929370749797914508e-02 5.185200806130840778e-02 0.000000000000000000e+00
1.511095205086767368e-01 1.408459673135147375e-02 4.093661219519622446e-02 2.620635402726497615e-02 4.315284744401235578e-02
1.175538740546949873e-01 7.394391507268435748e-02 1.392341574101015056e-02 4.351943438331064284e-02 7.444294448391737540e-02
5.436536875763248872e-02 1.136331080986812403e-01 0.000000000000000000e+00 1.176134631966046090e-01 4.700592295755844779e-02
1.624465834226174535e-02 9.281923338431058434e-02 3.742478959809138889e-02 1.539634273740158044e-01 0.000000000000000000e+00
7.445159347497561780e-03 3.786457362686057593e-02 1.046351734229801628e-01 1.043659834985880275e-01 0.000000000000000000e+00
8.832629688791357112e-03 6.417387815800124594e-03 1.300140533091516115e-01 3.428008001587559000e-02 0.000000000000000000e+00
6.295252871278403904e-03 0.000000000000000000e+00 9.928897450777100786e-02 1.959366805181450306e-03 0.000000000000000000e+00
3.834545545288196942e-03 0.000000000000000000e+00 5.249730822539649955e-02 0.000000000000000000e+00 3.063957368852438575e-03
2.945344697414724842e-03 0.000000000000000000e+00 2.145171214554436601e-02 0.000000000000000000e+00 1.785950646612850139e-04
2.198854109918547874e-03 0.000000000000000000e+00 6.020313432535108651e-03 0.000000000000000000e+00 1.529860839643796405e-03
8.844338675050863281e-04 0.000000000000000000e+00 2.578862990673291139e-03 5.476909046099512330e-05 7.739135160157500828e-04
7.439987409295310715e-06 2.287265196580830630e-05 4.120789905473976126e-05 6.287242372126537079e-06 1.312915351171638375e-04
3.364696887960856998e-04 3.479795430663706782e-04 0.000000000000000000e+00 0.000000000000000000e+00 0.000000000000000000e+00
1.616229946182069603e-05 1.671517455777326018e-05 0.000000000000000000e+00 0.000000000000000000e+00 0.000000000000000000e+00
0.000000000000000000e+00 0.000000000000000000e+00 0.000000000000000000e+00 0.000000000000000000e+00 0.000000000000000000e+00
0.000000000000000000e+00 0.000000000000000000e+00 0.000000000000000000e+00 0.000000000000000000e+00 0.000000000000000000e+00
0.000000000000000000e+00 0.000000000000000000e+00 0.000000000000000000e+00 0.000000000000000000e+00 0.000000000000000000e+00
8.855059195337182387e-04 0.000000000000000000e+00 1.010681978592918974e-03 0.000000000000000000e+00 8.925160783922007077e-04
4.192321952041075904e-03 0.000000000000000000e+00 3.909859770153625673e-03 0.000000000000000000e+00 1.451574061438020433e-03
8.634151329076113213e-03 2.848527796395448290e-03 1.922356402059154784e-02 1.021354238394656588e-03 0.000000000000000000e+00
1.872890442936704300e-02 4.867957848292746824e-03 3.640603943491466099e-02 4.612514337049070795e-03 0.000000000000000000e+00
3.421316735953226773e-02 0.000000000000000000e+00 5.166239604761486276e-02 1.177407366533456644e-02 0.000000000000000000e+00
4.175730101256669435e-02 0.000000000000000000e+00 5.713610734402634755e-02 1.890420155834869262e-02 0.000000000000000000e+00
4.205909468458905037e-02 0.000000000000000000e+00 5.305550972052555658e-02 2.818979927371651970e-02 0.000000000000000000e+00
4.114553227878040009e-02 0.000000000000000000e+00 4.775204072516864295e-02 2.884074931010672735e-02 0.000000000000000000e+00
4.950852083863201136e-02 0.000000000000000000e+00 4.236264508163080367e-02 2.649909187742395533e-02 0.000000000000000000e+00
7.536271668037365645e-02 0.000000000000000000e+00 3.716407723991059509e-02 1.487411551421599296e-02 0.000000000000000000e+00
1.261335140391015297e-01 0.000000000000000000e+00 2.764659657965884421e-02 0.000000000000000000e+00 2.203952639423984589e-02
1.290636001726279680e-01 4.666335306380961501e-02 4.953463128546851078e-03 0.000000000000000000e+00 6.383893196503524770e-02
6.647722660232931180e-02 1.149604163660515321e-01 0.000000000000000000e+00 2.940114305021793856e-02 8.403675843045460558e-02
3.573172860415692580e-03 1.277393072996618195e-01 0.000000000000000000e+00 1.251457367960103206e-01 3.822371609312744806e-02
0.000000000000000000e+00 7.087813524291002032e-02 2.792395569178379375e-02 1.559161157230564143e-01 0.000000000000000000e+00
0.000000000000000000e+00 1.044034467471974086e-02 9.996607595243608979e-02 9.084281245222368406e-02 0.000000000000000000e+00
3.476127188524236883e-03 0.000000000000000000e+00 1.231321370877338922e-01 2.186527734297223635e-02 0.000000000000000000e+00
3.981378321840691077e-03 0.000000000000000000e+00 9.081462073618309927e-02 0.000000000000000000e+00 0.000000000000000000e+00
3.889839340822586269e-03 0.000000000000000000e+00 4.611173470590610585e-02 0.000000000000000000e+00 1.045604126840574827e-03
2.836275390662486816e-03 0.000000000000000000e+00 1.727310819222307309e-02 0.000000000000000000e+00 0.000000000000000000e+00
5.915321950236120336e-04 0.000000000000000000e+00 4.635330100466389554e-03 0.000000000000000000e+00 1.467991300460490722e-04
0.000000000000000000e+00 0.000000000000000000e+00 1.443961021312205589e-03 0.000000000000000000e+00 0.000000000000000000e+00
0.000000000000000000e+00 0.000000000000000000e+00 0.000000000000000000e+00 0.000000000000000000e+00 0.000000000000000000e+00
1.116667962816704273e-04 1.154866605809788048e-04 0.000000000000000000e+00 0.000000000000000000e+00 0.000000000000000000e+00
5.877199804298424910e-06 6.078245293735741679e-06 0.000000000000000000e+00 0.000000000000000000e+00 0.000000000000000000e+00
0.000000000000000000e+00 0.000000000000000000e+00 0.000000000000000000e+00 0.000000000000000000e+00 0.000000000000000000e+00
0.000000000000000000e+00 0.000000000000000000e+00 0.000000000000000000e+00 0.000000000000000000e+00 0.000000000000000000e+00
0.000000000000000000e+00 0.000000000000000000e+00 0.000000000000000000e+00 0.000000000000000000e+00 0.000000000000000000e+00
5.090740269185288058e-04 0.000000000000000000e+00 7.865918470176383242e-04 0.000000000000000000e+00 0.000000000000000000e+00
1.751627765484740007e-03 0.000000000000000000e+00 1.728349817187698921e-03 0.000000000000000000e+00 0.000000000000000000e+00
2.559820008558067427e-03 6.013564248558166993e-04 6.918621968296254608e-03 6.561204795202193758e-04 0.000000000000000000e+00
6.698405914350023804e-03 0.000000000000000000e+00 1.662339190578645057e-02 1.511291995985507069e-03 0.000000000000000000e+00
1.099651871554037895e-02 0.000000000000000000e+00 1.844521822260388952e-02 3.447185222747460413e-03 0.000000000000000000e+00
1.228193731693811783e-02 0.000000000000000000e+00 1.952854781754051125e-02 5.240601899266963959e-03 0.000000000000000000e+00
1.299050129988362466e-02 0.000000000000000000e+00 1.620912191391158871e-02 5.806222392171558888e-03 0.000000000000000000e+00
1.877223853188091790e-02 0.000000000000000000e+00 1.594712419117024285e-02 2.323443375255746304e-03 6.043637458524313711e-04
3.723139255010107784e-02 0.000000000000000000e+00 1.373976750582483683e-02 0.000000000000000000e+00 6.805661100133872723e-03
8.800587572454036944e-02 0.000000000000000000e+00 1.066656621725131475e-02 0.000000000000000000e+00 1.457472214257490677e-02
1.256647614221107767e-01 1.286145893130176757e-02 1.484538876609595712e-04 0.000000000000000000e+00 4.183597385144515596e-02
9.506404066439433365e-02 8.486131396822144124e-02 0.000000000000000000e+00 0.000000000000000000e+00 7.619387272747842055e-02
1.877411949488729664e-02 1.414635190590874392e-01 0.000000000000000000e+00 3.352663818924744160e-02 8.505373630463335111e-02
0.000000000000000000e+00 1.134078673735082338e-01 0.000000000000000000e+00 1.313746981231785071e-01 2.829998972498406345e-02
0.000000000000000000e+00 3.856487576214149421e-02 2.543457983287843172e-02 1.512721135724461874e-01 0.000000000000000000e+00
0.000000000000000000e+00 0.000000000000000000e+00 9.569335918289882670e-02 8.345865601710361625e-02 0.000000000000000000e+00
2.039154102323962291e-03 0.000000000000000000e+00 1.160282784120636040e-01 1.419251353774422277e-02 0.000000000000000000e+00
3.092315799107624250e-03 0.000000000000000000e+00 8.591277201297434218e-02 0.000000000000000000e+00 0.000000000000000000e+00
2.554641737617850770e-03 0.000000000000000000e+00 4.506190575832830919e-02 0.000000000000000000e+00 1.862164214957216226e-03
4.766780861320256846e-04 0.000000000000000000e+00 1.422079056947550373e-02 0.000000000000000000e+00 1.513061630492907889e-03
0.000000000000000000e+00 0.000000000000000000e+00 4.652780086782786276e-03 0.000000000000000000e+00 9.609853740300577690e-05
0.000000000000000000e+00 0.000000000000000000e+00 1.512317318027328432e-03 0.000000000000000000e+00 0.000000000000000000e+00
0.000000000000000000e+00 0.000000000000000000e+00 0.000000000000000000e+00 0.000000000000000000e+00 0.000000000000000000e+00
0.000000000000000000e+00 0.000000000000000000e+00 0.000000000000000000e+00 0.000000000000000000e+00 0.000000000000000000e+00
0.000000000000000000e+00 0.000000000000000000e+00 0.000000000000000000e+00 0.000000000000000000e+00 0.000000000000000000e+00
0.000000000000000000e+00 0.000000000000000000e+00 0.000000000000000000e+00 0.000000000000000000e+00 0.000000000000000000e+00
0.000000000000000000e+00 0.000000000000000000e+00 0.000000000000000000e+00 0.000000000000000000e+00 0.000000000000000000e+00
0.000000000000000000e+00 0.000000000000000000e+00 0.000000000000000000e+00 0.000000000000000000e+00 0.000000000000000000e+00
9.792606806443280689e-06 0.000000000000000000e+00 2.397164859304703885e-05 0.000000000000000000e+00 1.757985865104676136e-07
2.854058035104562732e-04 0.000000000000000000e+00 3.826784517727719269e-04 0.000000000000000000e+00 0.000000000000000000e+00
1.881642640321387052e-04 0.000000000000000000e+00 1.104396395071310412e-03 0.000000000000000000e+00 0.000000000000000000e+00
1.575211198878374895e-03 0.000000000000000000e+00 4.076992696133464010e-03 0.000000000000000000e+00 0.000000000000000000e+00
1.991542043602921412e-03 0.000000000000000000e+00 6.693877938817400543e-03 0.000000000000000000e+00 6.283473145890357226e-04
2.942677070455272138e-03 0.000000000000000000e+00 5.697501490000836562e-03 0.000000000000000000e+00 1.401620468827292866e-03
7.526334303718146095e-03 0.000000000000000000e+00 5.406559187501359075e-03 0.000000000000000000e+00 6.886477943501629478e-03
2.032088076545371033e-02 0.000000000000000000e+00 7.246998469529259378e-03 0.000000000000000000e+00 1.045890441804682262e-02
5.442046479881644527e-02 0.000000000000000000e+00 5.903416634374728834e-03 0.000000000000000000e+00 1.177359243189709560e-02
1.066205667809113911e-01 0.000000000000000000e+00 0.000000000000000000e+00 0.000000000000000000e+00 2.124385759082106015e-02
1.066775266380263903e-01 4.991198736231216432e-02 0.000000000000000000e+00 0.000000000000000000e+00 5.512678071216309955e-02
5.160314732668154492e-02 1.170331860141912983e-01 0.000000000000000000e+00 0.000000000000000000e+00 8.129441819529417690e-02
0.000000000000000000e+00 1.421975942269906590e-01 0.000000000000000000e+00 4.374384563273628346e-02 7.943163800794289520e-02
0.000000000000000000e+00 8.369940971317060829e-02 0.000000000000000000e+00 1.333604278117776765e-01 1.768558778319473043e-02
0.000000000000000000e+00 1.471455255194006016e-02 2.545207502355351786e-02 1.429946530517368919e-01 0.000000000000000000e+00
0.000000000000000000e+00 0.000000000000000000e+00 9.052360338403164786e-02 7.924892895421983829e-02 0.000000000000000000e+00
2.822803502010394873e-04 0.000000000000000000e+00 1.094208868338172047e-01 1.201809913819438212e-02 0.000000000000000000e+00
4.240814309684334468e-04 0.000000000000000000e+00 8.405715217299887521e-02 0.000000000000000000e+00 3.399796133922483414e-03
8.552185179891430436e-04 0.000000000000000000e+00 4.765936053797885374e-02 0.000000000000000000e+00 3.804604918172338566e-03
0.000000000000000000e+00 0.000000000000000000e+00 1.833080796517596797e-02 0.000000000000000000e+00 1.968238404750627304e-03
0.000000000000000000e+00 1.805280734745234525e-04 6.705606501235406719e-03 0.000000000000000000e+00 1.015214386474470008e-03
0.000000000000000000e+00 8.304411202642978556e-05 3.415003357513946621e-03 0.000000000000000000e+00 5.394481925450344845e-04
0.000000000000000000e+00 0.000000000000000000e+00 0.000000000000000000e+00 1.269397942676821006e-04 8.250093899706043401e-04
0.000000000000000000e+00 0.000000000000000000e+00 0.000000000000000000e+00 0.000000000000000000e+00 0.000000000000000000e+00
0.000000000000000000e+00 0.000000000000000000e+00 0.000000000000000000e+00 0.000000000000000000e+00 0.000000000000000000e+00
0.000000000000000000e+00 0.000000000000000000e+00 0.000000000000000000e+00 0.000000000000000000e+00 0.000000000000000000e+00
0.000000000000000000e+00 0.000000000000000000e+00 0.000000000000000000e+00 0.000000000000000000e+00 0.000000000000000000e+00
0.000000000000000000e+00 0.000000000000000000e+00 0.000000000000000000e+00 0.000000000000000000e+00 0.000000000000000000e+00
0.000000000000000000e+00 0.000000000000000000e+00 0.000000000000000000e+00 0.000000000000000000e+00 0.000000000000000000e+00
0.000000000000000000e+00 0.000000000000000000e+00 0.000000000000000000e+00 0.000000000000000000e+00 0.000000000000000000e+00
0.000000000000000000e+00 0.000000000000000000e+00 0.000000000000000000e+00 0.000000000000000000e+00 0.000000000000000000e+00
3.962560210293064925e-04 0.000000000000000000e+00 3.788907691948906697e-04 0.000000000000000000e+00 1.764360551978875504e-04
1.004698563480386532e-03 0.000000000000000000e+00 1.165722372117798493e-03 0.000000000000000000e+00 6.450456998114762527e-04
4.897031649909995218e-03 0.000000000000000000e+00 1.966084699859352216e-03 0.000000000000000000e+00 3.267804629824178075e-03
1.363846869087924005e-02 0.000000000000000000e+00 3.702212715574690945e-03 0.000000000000000000e+00 8.330214734876200539e-03
3.651325775061937950e-02 0.000000000000000000e+00 3.959058867139361726e-03 0.000000000000000000e+00 1.112720957568497614e-02
8.096204139099570651e-02 0.000000000000000000e+00 7.905461192639239758e-04 0.000000000000000000e+00 1.238259426806744695e-02
1.082026458526989671e-01 1.739888877482799814e-02 0.000000000000000000e+00 0.000000000000000000e+00 2.635712395540507416e-02
8.065082225800603022e-02 7.795035445871519031e-02 0.000000000000000000e+00 0.000000000000000000e+00 6.323186325566693133e-02
1.581203643552234195e-02 1.325801142531057020e-01 0.000000000000000000e+00 0.000000000000000000e+00 8.063384738963493004e-02
0.000000000000000000e+00 1.244770130864104596e-01 0.000000000000000000e+00 5.579229074244140135e-02 6.810433845765187511e-02
0.000000000000000000e+00 5.355688993057974162e-02 0.000000000000000000e+00 1.324978833970020253e-01 9.846079662853201783e-03
0.000000000000000000e+00 8.613237860235461573e-04 2.328595648703016621e-02 1.357901047306945830e-01 0.000000000000000000e+00
0.000000000000000000e+00 0.000000000000000000e+00 7.848390945748941194e-02 7.828680766528380019e-02 0.000000000000000000e+00
0.000000000000000000e+00 0.000000000000000000e+00 1.003444012389999029e-01 1.653371867687004199e-02 0.000000000000000000e+00
2.096174785408029539e-04 0.000000000000000000e+00 8.376495822551009718e-02 0.000000000000000000e+00 4.341326016047458887e-03
4.476451332496637859e-04 0.000000000000000000e+00 5.037123121239867746e-02 0.000000000000000000e+00 5.293786959330591506e-03
1.765892354406274969e-04 0.000000000000000000e+00 1.949331355769663363e-02 0.000000000000000000e+00 3.458669968079108349e-03
0.000000000000000000e+00 1.093110555012260151e-05 6.037886352021639390e-03 0.000000000000000000e+00 1.364330413665948037e-03
0.000000000000000000e+00 5.672054548859348970e-05 2.916773855656888768e-03 0.000000000000000000e+00 6.990422403534212814e-04
0.000000000000000000e+00 0.000000000000000000e+00 8.825906724156847016e-05 5.427556722221555882e-05 9.327209213444706071e-04
0.000000000000000000e+00 0.000000000000000000e+00 0.000000000000000000e+00 0.000000000000000000e+00 0.000000000000000000e+00
0.000000000000000000e+00 0.000000000000000000e+00 0.000000000000000000e+00 0.000000000000000000e+00 0.000000000000000000e+00
0.000000000000000000e+00 0.000000000000000000e+00 0.000000000000000000e+00 0.000000000000000000e+00 0.000000000000000000e+00
0.000000000000000000e+00 0.000000000000000000e+00 0.000000000000000000e+00 0.000000000000000000e+00 0.000000000000000000e+00
0.000000000000000000e+00 0.000000000000000000e+00 0.000000000000000000e+00 0.000000000000000000e+00 0.000000000000000000e+00
0.000000000000000000e+00 0.000000000000000000e+00 0.000000000000000000e+00 0.000000000000000000e+00 0.000000000000000000e+00
0.000000000000000000e+00 0.000000000000000000e+00 0.000000000000000000e+00 0.000000000000000000e+00 0.000000000000000000e+00
2.563099304356126996e-04 0.000000000000000000e+00 2.172224911011533298e-04 0.000000000000000000e+00 1.336231880497645126e-04
4.489899884712434492e-04 0.000000000000000000e+00 3.434420029814443651e-04 0.000000000000000000e+00 2.426484857725800777e-04
3.083303903030304091e-03 0.000000000000000000e+00 8.444027234953697990e-04 0.000000000000000000e+00 1.637994556129775516e-03
8.269393433661115581e-03 0.000000000000000000e+00 1.824569611052464548e-03 0.000000000000000000e+00 3.447462698353731276e-03
2.132828222297874013e-02 0.000000000000000000e+00 2.597436874881574580e-03 0.000000000000000000e+00 7.081437127349513201e-03
5.624994528039257979e-02 0.000000000000000000e+00 2.190290338262142807e-03 0.000000000000000000e+00 6.154460052775244730e-03
9.324687215029220377e-02 0.000000000000000000e+00 0.000000000000000000e+00 0.000000000000000000e+00 1.331665209233269878e-02
9.020171654522578242e-02 4.224649882646917820e-02 0.000000000000000000e+00 0.000000000000000000e+00 3.406244903628321413e-02
5.075523596570095941e-02 9.691774718633472396e-02 0.000000000000000000e+00 0.000000000000000000e+00 6.538824622997145564e-02
0.000000000000000000e+00 1.295695171756307273e-01 0.000000000000000000e+00 0.000000000000000000e+00 7.676230469491047981e-02
0.000000000000000000e+00 9.952461268350015766e-02 0.000000000000000000e+00 6.389976434870112132e-02 5.538784985630962332e-02
0.000000000000000000e+00 3.712130311087157020e-02 0.000000000000000000e+00 1.279826371226777115e-01 2.793557384916336549e-03
0.000000000000000000e+00 0.000000000000000000e+00 1.633034001029773710e-02 1.305215783934247642e-01 0.000000000000000000e+00
0.000000000000000000e+00 0.000000000000000000e+00 6.637472122754414783e-02 7.781087170537134834e-02 0.000000000000000000e+00
0.000000000000000000e+00 0.000000000000000000e+00 9.380723445305649832e-02 2.106500632302451062e-02 1.477739822685057930e-03
0.000000000000000000e+00 0.000000000000000000e+00 8.059109959411234203e-02 0.000000000000000000e+00 6.367350498302000276e-03
0.000000000000000000e+00 0.000000000000000000e+00 4.947487322872564514e-02 0.000000000000000000e+00 5.724383336661673788e-03
0.000000000000000000e+00 0.000000000000000000e+00 2.097047756186022974e-02 0.000000000000000000e+00 3.383632711732745789e-03
0.000000000000000000e+00 0.000000000000000000e+00 8.856793599029489164e-03 0.000000000000000000e+00 6.985568557679561977e-04
0.000000000000000000e+00 3.918406771984807660e-05 2.653872738786063404e-03 0.000000000000000000e+00 0.000000000000000000e+00
0.000000000000000000e+00 7.652310999429546342e-05 7.236374423977167238e-04 0.000000000000000000e+00 8.268512476049066050e-05
0.000000000000000000e+00 0.000000000000000000e+00 0.000000000000000000e+00 0.000000000000000000e+00 0.000000000000000000e+00
0.000000000000000000e+00 0.000000000000000000e+00 0.000000000000000000e+00 0.000000000000000000e+00 0.000000000000000000e+00
0.000000000000000000e+00 0.000000000000000000e+00 0.000000000000000000e+00 0.000000000000000000e+00 0.000000000000000000e+00
0.000000000000000000e+00 0.000000000000000000e+00 0.000000000000000000e+00 0.000000000000000000e+00 0.000000000000000000e+00
0.000000000000000000e+00 0.000000000000000000e+00 0.000000000000000000e+00 0.000000000000000000e+00 0.000000000000000000e+00
0.000000000000000000e+00 0.000000000000000000e+00 0.000000000000000000e+00 0.000000000000000000e+00 0.000000000000000000e+00
0.000000000000000000e+00 0.000000000000000000e+00 0.000000000000000000e+00 0.000000000000000000e+00 0.000000000000000000e+00
3.212843774075921257e-04 0.000000000000000000e+00 2.639020089614914832e-04 0.000000000000000000e+00 1.605291040002452857e-04
1.812115026947908091e-03 0.000000000000000000e+00 2.157432916767212526e-04 0.000000000000000000e+00 6.198351370542940246e-04
5.745225537189574579e-03 0.000000000000000000e+00 8.961620036231854542e-04 0.000000000000000000e+00 1.719262542160701797e-03
1.113930593547956573e-02 0.000000000000000000e+00 1.177626648725955960e-03 0.000000000000000000e+00 2.801210514298945603e-03
2.889107910386274139e-02 0.000000000000000000e+00 4.980379675347406960e-04 0.000000000000000000e+00 1.501065814890999509e-03
6.158344818915548191e-02 0.000000000000000000e+00 0.000000000000000000e+00 0.000000000000000000e+00 0.000000000000000000e+00
8.319325083504182372e-02 1.174082807258865560e-02 0.000000000000000000e+00 0.000000000000000000e+00 1.458772972686258815e-02
6.715613655258023673e-02 5.860991673643704131e-02 0.000000000000000000e+00 0.000000000000000000e+00 3.441127179325800811e-02
2.566687384966311394e-02 9.836719349196806905e-02 0.000000000000000000e+00 0.000000000000000000e+00 6.017479122719793933e-02
0.000000000000000000e+00 1.098717617597502194e-01 0.000000000000000000e+00 3.131363979165597850e-03 7.223298160235518128e-02
0.000000000000000000e+00 7.694040480975070095e-02 0.000000000000000000e+00 6.187012422736722084e-02 4.488152694783854174e-02
0.000000000000000000e+00 3.075633970251220872e-02 0.000000000000000000e+00 1.128645147113999797e-01 4.515719089400690479e-03
0.000000000000000000e+00 0.000000000000000000e+00 3.127117498541379190e-03 1.201398253510077424e-01 0.000000000000000000e+00
0.000000000000000000e+00 0.000000000000000000e+00 4.974703152051315747e-02 7.278206507709189532e-02 0.000000000000000000e+00
0.000000000000000000e+00 0.000000000000000000e+00 7.461535050948951697e-02 2.558300717556940412e-02 2.834769026505811439e-03
0.000000000000000000e+00 0.000000000000000000e+00 6.896344313361982281e-02 0.000000000000000000e+00 8.121869397730173759e-03
0.000000000000000000e+00 0.000000000000000000e+00 4.160383867146642822e-02 0.000000000000000000e+00 5.823205906143232198e-03
0.000000000000000000e+00 0.000000000000000000e+00 1.886038918794398847e-02 0.000000000000000000e+00 2.970843152889272344e-03
0.000000000000000000e+00 0.000000000000000000e+00 8.666807798590069403e-03 0.000000000000000000e+00 1.823833436715513977e-03
0.000000000000000000e+00 0.000000000000000000e+00 1.530771128054757551e-03 0.000000000000000000e+00 2.340847061066989531e-04
0.000000000000000000e+00 3.327091738882405653e-06 3.146249749555290310e-05 0.000000000000000000e+00 3.595005424369168801e-06
0.000000000000000000e+00 0.000000000000000000e+00 0.000000000000000000e+00 0.000000000000000000e+00 0.000000000000000000e+00
0.000000000000000000e+00 0.000000000000000000e+00 0.000000000000000000e+00 0.000000000000000000e+00 0.000000000000000000e+00
0.000000000000000000e+00 0.000000000000000000e+00 0.000000000000000000e+00 0.000000000000000000e+00 0.000000000000000000e+00
0.000000000000000000e+00 0.000000000000000000e+00 0.000000000000000000e+00 0.000000000000000000e+00 0.000000000000000000e+00
0.000000000000000000e+00 0.000000000000000000e+00 0.000000000000000000e+00 0.000000000000000000e+00 0.000000000000000000e+00
0.000000000000000000e+00 0.000000000000000000e+00 0.000000000000000000e+00 0.000000000000000000e+00 0.000000000000000000e+00
0.000000000000000000e+00 0.000000000000000000e+00 0.000000000000000000e+00 0.000000000000000000e+00 0.000000000000000000e+00
7.572766069176124445e-05 0.000000000000000000e+00 0.000000000000000000e+00 0.000000000000000000e+00 0.000000000000000000e+00
2.557201841549347834e-03 0.000000000000000000e+00 6.841534893205599354e-05 0.000000000000000000e+00 1.067329616773631841e-03
5.228598233177244974e-03 0.000000000000000000e+00 9.309212741592431050e-05 0.000000000000000000e+00 8.459390704771010223e-04
9.350946453000054739e-03 0.000000000000000000e+00 0.000000000000000000e+00 0.000000000000000000e+00 5.812642337586630984e-04
2.367420210443387657e-02 0.000000000000000000e+00 0.000000000000000000e+00 0.000000000000000000e+00 1.276433427186303416e-04
4.386198640413788846e-02 7.956063639646355828e-04 0.000000000000000000e+00 0.000000000000000000e+00 0.000000000000000000e+00
4.946589435986489813e-02 2.217453694844783926e-02 0.000000000000000000e+00 0.000000000000000000e+00 1.761115915625402484e-02
2.954585483649981026e-02 5.512185961500588177e-02 0.000000000000000000e+00 0.000000000000000000e+00 3.274610270062654205e-02
0.000000000000000000e+00 7.787966794138442839e-02 0.000000000000000000e+00 0.000000000000000000e+00 4.613036872950592587e-02
0.000000000000000000e+00 7.457952724322826354e-02 0.000000000000000000e+00 1.142764821939660103e-03 5.719702028550141537e-02
0.000000000000000000e+00 4.899439852571002563e-02 0.000000000000000000e+00 4.072996050494747527e-02 3.229540037420043641e-02
0.000000000000000000e+00 1.985949642481291480e-02 0.000000000000000000e+00 7.478538829816699929e-02 4.495197531042215665e-03
0.000000000000000000e+00 0.000000000000000000e+00 0.000000000000000000e+00 7.511661996010660092e-02 0.000000000000000000e+00
0.000000000000000000e+00 0.000000000000000000e+00 2.178740678920618526e-02 4.285924069177406148e-02 1.907933000001223959e-03
0.000000000000000000e+00 0.000000000000000000e+00 3.611843911021633130e-02 1.623765142573879369e-02 6.092081111347018470e-03
0.000000000000000000e+00 0.000000000000000000e+00 3.833312019384026853e-02 0.000000000000000000e+00 9.598531653012117026e-03
0.000000000000000000e+00 0.000000000000000000e+00 2.390994209263282155e-02 0.000000000000000000e+00 7.001145532273321190e-03
0.000000000000000000e+00 0.000000000000000000e+00 1.274731007409197342e-02 0.000000000000000000e+00 3.780476974340933952e-03
0.000000000000000000e+00 0.000000000000000000e+00 5.317560461580621636e-03 0.000000000000000000e+00 1.457984211505432802e-03
0.000000000000000000e+00 0.000000000000000000e+00 5.462704288757659144e-04 0.000000000000000000e+00 3.313261309115678871e-04
0.000000000000000000e+00 0.000000000000000000e+00 0.000000000000000000e+00 0.000000000000000000e+00 0.000000000000000000e+00
0.000000000000000000e+00 0.000000000000000000e+00 0.000000000000000000e+00 0.000000000000000000e+00 0.000000000000000000e+00
0.000000000000000000e+00 0.000000000000000000e+00 0.000000000000000000e+00 0.000000000000000000e+00 0.000000000000000000e+00
0.000000000000000000e+00 0.000000000000000000e+00 0.000000000000000000e+00 0.000000000000000000e+00 0.000000000000000000e+00
0.000000000000000000e+00 0.000000000000000000e+00 0.000000000000000000e+00 0.000000000000000000e+00 0.000000000000000000e+00
0.000000000000000000e+00 0.000000000000000000e+00 0.000000000000000000e+00 0.000000000000000000e+00 0.000000000000000000e+00
0.000000000000000000e+00 0.000000000000000000e+00 0.000000000000000000e+00 0.000000000000000000e+00 0.000000000000000000e+00
0.000000000000000000e+00 0.000000000000000000e+00 0.000000000000000000e+00 0.000000000000000000e+00 0.000000000000000000e+00
0.000000000000000000e+00 0.000000000000000000e+00 0.000000000000000000e+00 0.000000000000000000e+00 0.000000000000000000e+00
5.398914859192138136e-05 0.000000000000000000e+00 6.689989403131025089e-06 0.000000000000000000e+00 0.000000000000000000e+00
7.544346034387045029e-04 0.000000000000000000e+00 0.000000000000000000e+00 0.000000000000000000e+00 0.000000000000000000e+00
2.960381069080767792e-03 0.000000000000000000e+00 0.000000000000000000e+00 0.000000000000000000e+00 6.037857434239839605e-04
6.694531653708302860e-03 0.000000000000000000e+00 0.000000000000000000e+00 0.000000000000000000e+00 2.075452522550215104e-03
9.461486450026231412e-03 2.495975531111517716e-03 0.000000000000000000e+00 0.000000000000000000e+00 3.425120563506131328e-03
7.305207066608445515e-03 8.179005971656399046e-03 0.000000000000000000e+00 0.000000000000000000e+00 5.578865766654061975e-03
2.194578058719677538e-03 1.701200489843101779e-02 0.000000000000000000e+00 0.000000000000000000e+00 8.312201965357453662e-03
0.000000000000000000e+00 2.342829581264424185e-02 0.000000000000000000e+00 0.000000000000000000e+00 1.289780334112827949e-02
0.000000000000000000e+00 2.402416107307954810e-02 0.000000000000000000e+00 1.398418747470438640e-03 1.872207220197441221e-02
0.000000000000000000e+00 1.672862228836289461e-02 0.000000000000000000e+00 1.379461127290391650e-02 1.362952647035160780e-02
0.000000000000000000e+00 8.605235616551278055e-03 0.000000000000000000e+00 2.141773582558116965e-02 6.165567392717750082e-03
0.000000000000000000e+00 2.893789503399745409e-03 0.000000000000000000e+00 1.723692730206988558e-02 2.268450557489420493e-03
0.000000000000000000e+00 0.000000000000000000e+00 1.712010218036175624e-04 7.909192116821464613e-03 2.919356199179641218e-03
0.000000000000000000e+00 0.000000000000000000e+00 6.676172310170928187e-03 2.237430344293475128e-03 3.508226951716457518e-03
0.000000000000000000e+00 0.000000000000000000e+00 7.432736542101314042e-03 0.000000000000000000e+00 3.851715190022869748e-03
0.000000000000000000e+00 0.000000000000000000e+00 2.753082680751995585e-03 0.000000000000000000e+00 1.058265158708212228e-03
0.000000000000000000e+00 1.493957102051227137e-04 1.674671485714417443e-03 0.000000000000000000e+00 1.061091257985787364e-03
1.954669597087625623e-04 0.000000000000000000e+00 2.365897334856955286e-05 0.000000000000000000e+00 6.304891063489074642e-04
4.995582190563644412e-05 0.000000000000000000e+00 0.000000000000000000e+00 0.000000000000000000e+00 8.729411435204075702e-05
0.000000000000000000e+00 0.000000000000000000e+00 0.000000000000000000e+00 0.000000000000000000e+00 0.000000000000000000e+00
0.000000000000000000e+00 0.000000000000000000e+00 0.000000000000000000e+00 0.000000000000000000e+00 0.000000000000000000e+00
0.000000000000000000e+00 0.000000000000000000e+00 0.000000000000000000e+00 0.000000000000000000e+00 0.000000000000000000e+00
0.000000000000000000e+00 0.000000000000000000e+00 0.000000000000000000e+00 0.000000000000000000e+00 0.000000000000000000e+00
0.000000000000000000e+00 0.000000000000000000e+00 0.000000000000000000e+00 0.000000000000000000e+00 0.000000000000000000e+00
0.000000000000000000e+00 0.000000000000000000e+00 0.000000000000000000e+00 0.000000000000000000e+00 0.000000000000000000e+00
0.000000000000000000e+00 0.000000000000000000e+00 0.000000000000000000e+00 0.000000000000000000e+00 0.000000000000000000e+00
0.000000000000000000e+00 0.000000000000000000e+00 0.000000000000000000e+00 0.000000000000000000e+00 0.000000000000000000e+00
0.000000000000000000e+00 0.000000000000000000e+00 0.000000000000000000e+00 0.000000000000000000e+00 0.000000000000000000e+00
0.000000000000000000e+00 0.000000000000000000e+00 0.000000000000000000e+00 0.000000000000000000e+00 0.000000000000000000e+00
0.000000000000000000e+00 0.000000000000000000e+00 0.000000000000000000e+00 0.000000000000000000e+00 0.000000000000000000e+00
3.043720750621739572e-05 0.000000000000000000e+00 4.980165054664886489e-05 0.000000000000000000e+00 8.459372540127161905e-04
1.906698631136604925e-05 0.000000000000000000e+00 3.119758568726855387e-05 0.000000000000000000e+00 5.299262108470463193e-04
0.000000000000000000e+00 0.000000000000000000e+00 0.000000000000000000e+00 0.000000000000000000e+00 0.000000000000000000e+00
0.000000000000000000e+00 0.000000000000000000e+00 0.000000000000000000e+00 0.000000000000000000e+00 0.000000000000000000e+00
0.000000000000000000e+00 4.709947848891596041e-04 0.000000000000000000e+00 0.000000000000000000e+00 0.000000000000000000e+00
0.000000000000000000e+00 1.055415130522668714e-03 0.000000000000000000e+00 0.000000000000000000e+00 5.263160761206892675e-04
0.000000000000000000e+00 8.830593952419451599e-05 5.333446425239295065e-06 0.000000000000000000e+00 5.836935760037315790e-05
0.000000000000000000e+00 2.485260227190413821e-04 0.000000000000000000e+00 0.000000000000000000e+00 6.275440895779934138e-04
0.000000000000000000e+00 4.553586738417912845e-04 0.000000000000000000e+00 7.196737933514606904e-05 2.855100104511994717e-04
0.000000000000000000e+00 7.118330383445762525e-04 0.000000000000000000e+00 9.288665404993311442e-04 3.112380935431482477e-04
0.000000000000000000e+00 3.921999074351060913e-04 0.000000000000000000e+00 1.067874030122921425e-03 2.482463914489397043e-04
0.000000000000000000e+00 0.000000000000000000e+00 1.909689181675214428e-04 3.691187838181973985e-04 0.000000000000000000e+00
0.000000000000000000e+00 0.000000000000000000e+00 0.000000000000000000e+00 0.000000000000000000e+00 0.000000000000000000e+00
0.000000000000000000e+00 0.000000000000000000e+00 0.000000000000000000e+00 0.000000000000000000e+00 0.000000000000000000e+00
0.000000000000000000e+00 0.000000000000000000e+00 0.000000000000000000e+00 0.000000000000000000e+00 0.000000000000000000e+00
0.000000000000000000e+00 0.000000000000000000e+00 0.000000000000000000e+00 0.000000000000000000e+00 0.000000000000000000e+00
0.000000000000000000e+00 0.000000000000000000e+00 0.000000000000000000e+00 0.000000000000000000e+00 0.000000000000000000e+00
0.000000000000000000e+00 0.000000000000000000e+00 0.000000000000000000e+00 0.000000000000000000e+00 0.000000000000000000e+00
0.000000000000000000e+00 0.000000000000000000e+00 0.000000000000000000e+00 0.000000000000000000e+00 0.000000000000000000e+00
0.000000000000000000e+00 0.000000000000000000e+00 0.000000000000000000e+00 0.000000000000000000e+00 0.000000000000000000e+00
0.000000000000000000e+00 0.000000000000000000e+00 0.000000000000000000e+00 0.000000000000000000e+00 0.000000000000000000e+00
0.000000000000000000e+00 0.000000000000000000e+00 0.000000000000000000e+00 0.000000000000000000e+00 0.000000000000000000e+00
0.000000000000000000e+00 0.000000000000000000e+00 0.000000000000000000e+00 0.000000000000000000e+00 0.000000000000000000e+00
0.000000000000000000e+00 0.000000000000000000e+00 0.000000000000000000e+00 0.000000000000000000e+00 0.000000000000000000e+00
0.000000000000000000e+00 0.000000000000000000e+00 0.000000000000000000e+00 0.000000000000000000e+00 0.000000000000000000e+00
0.000000000000000000e+00 0.000000000000000000e+00 0.000000000000000000e+00 0.000000000000000000e+00 0.000000000000000000e+00
0.000000000000000000e+00 0.000000000000000000e+00 0.000000000000000000e+00 0.000000000000000000e+00 0.000000000000000000e+00
0.000000000000000000e+00 0.000000000000000000e+00 0.000000000000000000e+00 0.000000000000000000e+00 0.000000000000000000e+00
0.000000000000000000e+00 0.000000000000000000e+00 0.000000000000000000e+00 0.000000000000000000e+00 0.000000000000000000e+00
0.000000000000000000e+00 0.000000000000000000e+00 0.000000000000000000e+00 0.000000000000000000e+00 0.000000000000000000e+00
0.000000000000000000e+00 0.000000000000000000e+00 0.000000000000000000e+00 0.000000000000000000e+00 0.000000000000000000e+00
0.000000000000000000e+00 0.000000000000000000e+00 0.000000000000000000e+00 0.000000000000000000e+00 0.000000000000000000e+00
0.000000000000000000e+00 0.000000000000000000e+00 0.000000000000000000e+00 0.000000000000000000e+00 0.000000000000000000e+00
0.000000000000000000e+00 0.000000000000000000e+00 0.000000000000000000e+00 0.000000000000000000e+00 0.000000000000000000e+00
0.000000000000000000e+00 0.000000000000000000e+00 0.000000000000000000e+00 0.000000000000000000e+00 0.000000000000000000e+00
0.000000000000000000e+00 0.000000000000000000e+00 0.000000000000000000e+00 0.000000000000000000e+00 0.000000000000000000e+00
0.000000000000000000e+00 0.000000000000000000e+00 0.000000000000000000e+00 0.000000000000000000e+00 0.000000000000000000e+00
0.000000000000000000e+00 0.000000000000000000e+00 0.000000000000000000e+00 0.000000000000000000e+00 0.000000000000000000e+00
0.000000000000000000e+00 0.000000000000000000e+00 0.000000000000000000e+00 0.000000000000000000e+00 0.000000000000000000e+00
0.000000000000000000e+00 0.000000000000000000e+00 0.000000000000000000e+00 0.000000000000000000e+00 0.000000000000000000e+00
0.000000000000000000e+00 0.000000000000000000e+00 0.000000000000000000e+00 0.000000000000000000e+00 0.000000000000000000e+00
0.000000000000000000e+00 0.000000000000000000e+00 0.000000000000000000e+00 0.000000000000000000e+00 0.000000000000000000e+00
0.000000000000000000e+00 0.000000000000000000e+00 0.000000000000000000e+00 0.000000000000000000e+00 0.000000000000000000e+00
0.000000000000000000e+00 0.000000000000000000e+00 0.000000000000000000e+00 0.000000000000000000e+00 0.000000000000000000e+00
0.000000000000000000e+00 0.000000000000000000e+00 0.000000000000000000e+00 0.000000000000000000e+00 0.000000000000000000e+00
0.000000000000000000e+00 0.000000000000000000e+00 0.000000000000000000e+00 0.000000000000000000e+00 0.000000000000000000e+00
0.000000000000000000e+00 0.000000000000000000e+00 0.000000000000000000e+00 0.000000000000000000e+00 0.000000000000000000e+00
0.000000000000000000e+00 0.000000000000000000e+00 0.000000000000000000e+00 0.000000000000000000e+00 0.000000000000000000e+00
