111.54065942764282
0.000000000000000000e+00 0.000000000000000000e+00 0.000000000000000000e+00 0.000000000000000000e+00 0.000000000000000000e+00
0.000000000000000000e+00 0.000000000000000000e+00 0.000000000000000000e+00 0.000000000000000000e+00 0.000000000000000000e+00
0.000000000000000000e+00 0.000000000000000000e+00 0.000000000000000000e+00 0.000000000000000000e+00 0.000000000000000000e+00
0.000000000000000000e+00 0.000000000000000000e+00 0.000000000000000000e+00 0.000000000000000000e+00 0.000000000000000000e+00
0.000000000000000000e+00 0.000000000000000000e+00 0.000000000000000000e+00 0.000000000000000000e+00 0.000000000000000000e+00
0.000000000000000000e+00 0.000000000000000000e+00 0.000000000000000000e+00 0.000000000000000000e+00 0.000000000000000000e+00
0.000000000000000000e+00 0.000000000000000000e+00 0.000000000000000000e+00 0.000000000000000000e+00 0.000000000000000000e+00
0.000000000000000000e+00 0.000000000000000000e+00 0.000000000000000000e+00 0.000000000000000000e+00 0.000000000000000000e+00
0.000000000000000000e+00 0.000000000000000000e+00 0.000000000000000000e+00 0.000000000000000000e+00 0.000000000000000000e+00
0.000000000000000000e+00 0.000000000000000000e+00 0.000000000000000000e+00 0.000000000000000000e+00 0.000000000000000000e+00
0.000000000000000000e+00 0.000000000000000000e+00 0.000000000000000000e+00 0.000000000000000000e+00 0.000000000000000000e+00
0.000000000000000000e+00 0.000000000000000000e+00 0.000000000000000000e+00 0.000000000000000000e+00 0.000000000000000000e+00
0.000000000000000000e+00 0.000000000000000000e+00 0.000000000000000000e+00 0.000000000000000000e+00 0.000000000000000000e+00
0.000000000000000000e+00 0.000000000000000000e+00 0.000000000000000000e+00 0.000000000000000000e+00 0.000000000000000000e+00
0.000000000000000000e+00 0.000000000000000000e+00 0.000000000000000000e+00 0.000000000000000000e+00 0.000000000000000000e+00
0.000000000000000000e+00 0.000000000000000000e+00 0.000000000000000000e+00 0.000000000000000000e+00 0.000000000000000000e+00
0.000000000000000000e+00 0.000000000000000000e+00 0.000000000000000000e+00 0.000000000000000000e+00 0.000000000000000000e+00
0.000000000000000000e+00 0.000000000000000000e+00 0.000000000000000000e+00 0.000000000000000000e+00 0.000000000000000000e+00
0.000000000000000000e+00 0.000000000000000000e+00 0.000000000000000000e+00 0.000000000000000000e+00 0.000000000000000000e+00
0.000000000000000000e+00 0.000000000000000000e+00 0.000000000000000000e+00 0.000000000000000000e+00 0.000000000000000000e+00
0.000000000000000000e+00 0.000000000000000000e+00 0.000000000000000000e+00 0.000000000000000000e+00 0.000000000000000000e+00
0.000000000000000000e+00 0.000000000000000000e+00 0.000000000000000000e+00 0.000000000000000000e+00 0.000000000000000000e+00
0.000000000000000000e+00 0.000000000000000000e+00 0.000000000000000000e+00 0.000000000000000000e+00 0.000000000000000000e+00
0.000000000000000000e+00 0.000000000000000000e+00 0.000000000000000000e+00 0.000000000000000000e+00 0.000000000000000000e+00
0.000000000000000000e+00 0.000000000000000000e+00 0.000000000000000000e+00 0.000000000000000000e+00 0.000000000000000000e+00
0.000000000000000000e+00 0.000000000000000000e+00 0.000000000000000000e+00 0.000000000000000000e+00 0.000000000000000000e+00
0.000000000000000000e+00 0.000000000000000000e+00 0.000000000000000000e+00 0.000000000000000000e+00 0.000000000000000000e+00
0.000000000000000000e+00 0.000000000000000000e+00 0.000000000000000000e+00 0.000000000000000000e+00 0.000000000000000000e+00
0.000000000000000000e+00 0.000000000000000000e+00 0.000000000000000000e+00 0.000000000000000000e+00 0.000000000000000000e+00
0.000000000000000000e+00 0.000000000000000000e+00 0.000000000000000000e+00 0.000000000000000000e+00 0.000000000000000000e+00
0.000000000000000000e+00 0.000000000000000000e+00 0.000000000000000000e+00 0.000000000000000000e+00 0.000000000000000000e+00
0.000000000000000000e+00 0.000000000000000000e+00 0.000000000000000000e+00 0.000000000000000000e+00 0.000000000000000000e+00
0.000000000000000000e+00 0.000000000000000000e+00 0.000000000000000000e+00 0.000000000000000000e+00 0.000000000000000000e+00
0.000000000000000000e+00 0.000000000000000000e+00 0.000000000000000000e+00 0.000000000000000000e+00 0.000000000000000000e+00
0.000000000000000000e+00 0.000000000000000000e+00 0.000000000000000000e+00 0.000000000000000000e+00 0.000000000000000000e+00
0.000000000000000000e+00 0.000000000000000000e+00 0.000000000000000000e+00 0.000000000000000000e+00 0.000000000000000000e+00
0.000000000000000000e+00 0.000000000000000000e+00 0.000000000000000000e+00 0.000000000000000000e+00 0.000000000000000000e+00
0.000000000000000000e+00 0.000000000000000000e+00 0.000000000000000000e+00 0.000000000000000000e+00 0.000000000000000000e+00
0.000000000000000000e+00 0.000000000000000000e+00 0.000000000000000000e+00 0.000000000000000000e+00 0.000000000000000000e+00
0.000000000000000000e+00 0.000000000000000000e+00 0.000000000000000000e+00 0.000000000000000000e+00 0.000000000000000000e+00
0.000000000000000000e+00 0.000000000000000000e+00 0.000000000000000000e+00 0.000000000000000000e+00 0.000000000000000000e+00
0.000000000000000000e+00 0.000000000000000000e+00 0.000000000000000000e+00 0.000000000000000000e+00 0.000000000000000000e+00
0.000000000000000000e+00 0.000000000000000000e+00 0.000000000000000000e+00 0.000000000000000000e+00 0.000000000000000000e+00
0.000000000000000000e+00 0.000000000000000000e+00 0.000000000000000000e+00 0.000000000000000000e+00 0.000000000000000000e+00
0.000000000000000000e+00 0.000000000000000000e+00 0.000000000000000000e+00 0.000000000000000000e+00 0.000000000000000000e+00
0.000000000000000000e+00 0.000000000000000000e+00 0.000000000000000000e+00 0.000000000000000000e+00 0.000000000000000000e+00
0.000000000000000000e+00 0.000000000000000000e+00 0.000000000000000000e+00 0.000000000000000000e+00 0.000000000000000000e+00
0.000000000000000000e+00 0.000000000000000000e+00 0.000000000000000000e+00 0.000000000000000000e+00 0.000000000000000000e+00
0.000000000000000000e+00 0.000000000000000000e+00 0.000000000000000000e+00 0.000000000000000000e+00 0.000000000000000000e+00
0.000000000000000000e+00 0.000000000000000000e+00 0.000000000000000000e+00 0.000000000000000000e+00 0.000000000000000000e+00
0.000000000000000000e+00 0.000000000000000000e+00 0.000000000000000000e+00 0.000000000000000000e+00 0.000000000000000000e+00
0.000000000000000000e+00 0.000000000000000000e+00 0.000000000000000000e+00 0.000000000000000000e+00 0.000000000000000000e+00
0.000000000000000000e+00 0.000000000000000000e+00 0.000000000000000000e+00 0.000000000000000000e+00 0.000000000000000000e+00
0.000000000000000000e+00 0.000000000000000000e+00 0.000000000000000000e+00 0.000000000000000000e+00 0.000000000000000000e+00
0.000000000000000000e+00 0.000000000000000000e+00 0.000000000000000000e+00 0.000000000000000000e+00 0.000000000000000000e+00
0.000000000000000000e+00 0.000000000000000000e+00 0.000000000000000000e+00 0.000000000000000000e+00 0.000000000000000000e+00
0.000000000000000000e+00 0.000000000000000000e+00 0.000000000000000000e+00 0.000000000000000000e+00 0.000000000000000000e+00
0.000000000000000000e+00 0.000000000000000000e+00 0.000000000000000000e+00 0.000000000000000000e+00 0.000000000000000000e+00
0.000000000000000000e+00 0.000000000000000000e+00 0.000000000000000000e+00 0.000000000000000000e+00 0.000000000000000000e+00
0.000000000000000000e+00 0.000000000000000000e+00 0.000000000000000000e+00 0.000000000000000000e+00 0.000000000000000000e+00
0.000000000000000000e+00 0.000000000000000000e+00 0.000000000000000000e+00 0.000000000000000000e+00 0.000000000000000000e+00
0.000000000000000000e+00 0.000000000000000000e+00 0.000000000000000000e+00 0.000000000000000000e+00 0.000000000000000000e+00
0.000000000000000000e+00 0.000000000000000000e+00 0.000000000000000000e+00 0.000000000000000000e+00 0.000000000000000000e+00
0.000000000000000000e+00 0.000000000000000000e+00 0.000000000000000000e+00 0.000000000000000000e+00 0.000000000000000000e+00
0.000000000000000000e+00 0.000000000000000000e+00 0.000000000000000000e+00 0.000000000000000000e+00 0.000000000000000000e+00
0.000000000000000000e+00 0.000000000000000000e+00 0.000000000000000000e+00 0.000000000000000000e+00 0.000000000000000000e+00
0.000000000000000000e+00 0.000000000000000000e+00 0.000000000000000000e+00 0.000000000000000000e+00 0.000000000000000000e+00
0.000000000000000000e+00 0.000000000000000000e+00 0.000000000000000000e+00 0.000000000000000000e+00 0.000000000000000000e+00
0.000000000000000000e+00 0.000000000000000000e+00 0.000000000000000000e+00 0.000000000000000000e+00 0.000000000000000000e+00
0.000000000000000000e+00 0.000000000000000000e+00 0.000000000000000000e+00 0.000000000000000000e+00 0.000000000000000000e+00
0.000000000000000000e+00 0.000000000000000000e+00 0.000000000000000000e+00 0.000000000000000000e+00 0.000000000000000000e+00
0.000000000000000000e+00 0.000000000000000000e+00 0.000000000000000000e+00 0.000000000000000000e+00 0.000000000000000000e+00
0.000000000000000000e+00 0.000000000000000000e+00 0.000000000000000000e+00 0.000000000000000000e+00 0.000000000000000000e+00
0.000000000000000000e+00 0.000000000000000000e+00 0.000000000000000000e+00 0.000000000000000000e+00 0.000000000000000000e+00
0.000000000000000000e+00 0.000000000000000000e+00 0.000000000000000000e+00 0.000000000000000000e+00 0.000000000000000000e+00
0.000000000000000000e+00 0.000000000000000000e+00 0.000000000000000000e+00 0.000000000000000000e+00 0.000000000000000000e+00
0.000000000000000000e+00 0.000000000000000000e+00 0.000000000000000000e+00 0.000000000000000000e+00 0.000000000000000000e+00
0.000000000000000000e+00 0.000000000000000000e+00 0.000000000000000000e+00 0.000000000000000000e+00 0.000000000000000000e+00
0.000000000000000000e+00 0.000000000000000000e+00 0.000000000000000000e+00 0.000000000000000000e+00 0.000000000000000000e+00
0.000000000000000000e+00 0.000000000000000000e+00 0.000000000000000000e+00 0.000000000000000000e+00 0.000000000000000000e+00
0.000000000000000000e+00 0.000000000000000000e+00 0.000000000000000000e+00 0.000000000000000000e+00 0.000000000000000000e+00
0.000000000000000000e+00 0.000000000000000000e+00 0.000000000000000000e+00 0.000000000000000000e+00 0.000000000000000000e+00
0.000000000000000000e+00 0.000000000000000000e+00 0.000000000000000000e+00 0.000000000000000000e+00 0.000000000000000000e+00
0.000000000000000000e+00 0.000000000000000000e+00 0.000000000000000000e+00 0.000000000000000000e+00 0.000000000000000000e+00
0.000000000000000000e+00 0.000000000000000000e+00 0.000000000000000000e+00 0.000000000000000000e+00 0.000000000000000000e+00
0.000000000000000000e+00 0.000000000000000000e+00 0.000000000000000000e+00 0.000000000000000000e+00 0.000000000000000000e+00
0.000000000000000000e+00 0.000000000000000000e+00 0.000000000000000000e+00 0.000000000000000000e+00 0.000000000000000000e+00
0.000000000000000000e+00 0.000000000000000000e+00 0.000000000000000000e+00 0.000000000000000000e+00 0.000000000000000000e+00
0.000000000000000000e+00 0.000000000000000000e+00 0.000000000000000000e+00 0.000000000000000000e+00 0.000000000000000000e+00
0.000000000000000000e+00 0.000000000000000000e+00 0.000000000000000000e+00 0.000000000000000000e+00 0.000000000000000000e+00
0.000000000000000000e+00 0.000000000000000000e+00 0.000000000000000000e+00 0.000000000000000000e+00 0.000000000000000000e+00
0.000000000000000000e+00 0.000000000000000000e+00 0.000000000000000000e+00 0.000000000000000000e+00 0.000000000000000000e+00
0.000000000000000000e+00 0.000000000000000000e+00 0.000000000000000000e+00 0.000000000000000000e+00 0.000000000000000000e+00
0.000000000000000000e+00 0.000000000000000000e+00 0.000000000000000000e+00 0.000000000000000000e+00 0.000000000000000000e+00
1.768857952546149795e-04 0.000000000000000000e+00 3.540619556341492166e-05 0.000000000000000000e+00 0.000000000000000000e+00
4.760518543728918376e-04 5.436422108517142320e-04 0.000000000000000000e+00 6.079808114000999716e-05 0.000000000000000000e+00
1.079632076166997046e-03 1.689022563446708871e-03 0.000000000000000000e+00 2.919675807826939830e-04 0.000000000000000000e+00
1.647373995381179760e-03 2.254256811964277119e-03 0.000000000000000000e+00 6.809178492908540738e-04 0.000000000000000000e+00
3.407702834093551039e-03 3.551793698205761140e-03 0.000000000000000000e+00 1.297258034187572613e-03 0.000000000000000000e+00
4.575790950498948365e-03 2.759949075484269265e-03 0.000000000000000000e+00 1.487718634541618538e-03 0.000000000000000000e+00
4.419452765159167726e-03 1.709628312129365035e-03 0.000000000000000000e+00 1.368879698222352911e-03 0.000000000000000000e+00
4.337941703279743141e-03 1.158101110090819195e-03 0.000000000000000000e+00 1.210587014518051639e-03 0.000000000000000000e+00
4.549526142599179777e-03 1.180102364070139201e-03 0.000000000000000000e+00 8.942088078592404015e-04 0.000000000000000000e+00
4.610983397251377548e-03 1.464429360731768406e-03 0.000000000000000000e+00 4.374812950955813610e-04 0.000000000000000000e+00
4.606693876426619025e-03 6.101656764837333664e-04 5.613471209788094534e-04 2.306141555561192803e-04 0.000000000000000000e+00
5.096566980638667782e-03 4.649069091708410537e-04 4.314533572196155319e-04 2.766727601249406891e-04 0.000000000000000000e+00
4.870059320672897457e-03 3.978434902466107146e-04 1.534077876891741846e-04 5.291289421522517430e-04 0.000000000000000000e+00
2.948646957054723312e-03 0.000000000000000000e+00 0.000000000000000000e+00 4.113191861943318135e-04 0.000000000000000000e+00
1.570087102421771977e-03 0.000000000000000000e+00 0.000000000000000000e+00 3.125419653588228834e-04 0.000000000000000000e+00
0.000000000000000000e+00 0.000000000000000000e+00 0.000000000000000000e+00 0.000000000000000000e+00 0.000000000000000000e+00
0.000000000000000000e+00 0.000000000000000000e+00 0.000000000000000000e+00 0.000000000000000000e+00 0.000000000000000000e+00
0.000000000000000000e+00 0.000000000000000000e+00 0.000000000000000000e+00 0.000000000000000000e+00 0.000000000000000000e+00
0.000000000000000000e+00 0.000000000000000000e+00 0.000000000000000000e+00 0.000000000000000000e+00 0.000000000000000000e+00
0.000000000000000000e+00 0.000000000000000000e+00 0.000000000000000000e+00 0.000000000000000000e+00 0.000000000000000000e+00
0.000000000000000000e+00 0.000000000000000000e+00 0.000000000000000000e+00 0.000000000000000000e+00 0.000000000000000000e+00
0.000000000000000000e+00 0.000000000000000000e+00 0.000000000000000000e+00 0.000000000000000000e+00 0.000000000000000000e+00
0.000000000000000000e+00 0.000000000000000000e+00 0.000000000000000000e+00 0.000000000000000000e+00 0.000000000000000000e+00
0.000000000000000000e+00 0.000000000000000000e+00 0.000000000000000000e+00 0.000000000000000000e+00 0.000000000000000000e+00
0.000000000000000000e+00 4.655679307872225350e-04 0.000000000000000000e+00 2.932198074416570531e-05 0.000000000000000000e+00
0.000000000000000000e+00 1.771479256251373702e-03 0.000000000000000000e+00 1.194550636941836628e-04 0.000000000000000000e+00
0.000000000000000000e+00 6.230201906239136132e-03 5.330129763189976784e-04 5.413632870454776382e-05 0.000000000000000000e+00
1.688199096744901189e-03 9.138979358699093197e-03 0.000000000000000000e+00 1.109748663869401347e-04 0.000000000000000000e+00
4.153478896804832163e-03 2.038485453604351252e-02 0.000000000000000000e+00 3.466434093434408114e-04 0.000000000000000000e+00
1.301607679893742979e-02 2.734660679708442871e-02 0.000000000000000000e+00 1.109160632070780575e-03 0.000000000000000000e+00
2.003269181633967472e-02 3.013241684299115819e-02 0.000000000000000000e+00 1.367648668934619673e-03 0.000000000000000000e+00
2.812634972656512938e-02 2.933414683522299685e-02 0.000000000000000000e+00 2.053468712277870065e-03 0.000000000000000000e+00
3.689544176923139490e-02 3.107913611831113546e-02 0.000000000000000000e+00 2.284761077980865425e-03 0.000000000000000000e+00
4.394956187348412341e-02 3.211182078394692052e-02 0.000000000000000000e+00 2.115158227272471905e-03 0.000000000000000000e+00
4.798780024464543992e-02 3.274274558802832413e-02 0.000000000000000000e+00 1.223342716435847806e-03 0.000000000000000000e+00
5.143294933368925542e-02 3.158216112979947421e-02 0.000000000000000000e+00 5.008086717509367160e-04 0.000000000000000000e+00
5.031095835945816053e-02 2.767728364165764759e-02 0.000000000000000000e+00 0.000000000000000000e+00 0.000000000000000000e+00
4.482562394257732369e-02 1.882395813866968859e-02 1.117109972818365170e-03 0.000000000000000000e+00 0.000000000000000000e+00
3.813146453673887937e-02 1.003390361474146286e-02 9.578406574615590599e-03 0.000000000000000000e+00 0.000000000000000000e+00
3.187199617795159062e-02 4.707752897357832082e-03 1.460039666657888396e-02 0.000000000000000000e+00 0.000000000000000000e+00
2.146586907808730599e-02 0.000000000000000000e+00 1.976839839673417282e-02 0.000000000000000000e+00 0.000000000000000000e+00
1.047933976033372551e-02 0.000000000000000000e+00 1.829460112604762087e-02 0.000000000000000000e+00 0.000000000000000000e+00
5.141600376700847241e-03 0.000000000000000000e+00 9.159837629743178278e-03 0.000000000000000000e+00 0.000000000000000000e+00
1.346326626563741982e-03 0.000000000000000000e+00 1.879477039111387146e-03 0.000000000000000000e+00 0.000000000000000000e+00
0.000000000000000000e+00 2.114712020788803863e-07 1.167195716979063259e-05 0.000000000000000000e+00 1.971199178474698836e-05
0.000000000000000000e+00 0.000000000000000000e+00 0.000000000000000000e+00 0.000000000000000000e+00 0.000000000000000000e+00
0.000000000000000000e+00 0.000000000000000000e+00 0.000000000000000000e+00 0.000000000000000000e+00 0.000000000000000000e+00
0.000000000000000000e+00 0.000000000000000000e+00 0.000000000000000000e+00 0.000000000000000000e+00 0.000000000000000000e+00
0.000000000000000000e+00 0.000000000000000000e+00 0.000000000000000000e+00 0.000000000000000000e+00 0.000000000000000000e+00
0.000000000000000000e+00 0.000000000000000000e+00 0.000000000000000000e+00 0.000000000000000000e+00 0.000000000000000000e+00
0.000000000000000000e+00 4.805624496717516821e-04 9.562118045300288028e-05 0.000000000000000000e+00 7.060861722543702274e-06
0.000000000000000000e+00 9.894660635673391529e-04 1.969607911570514232e-04 0.000000000000000000e+00 0.000000000000000000e+00
0.000000000000000000e+00 5.172090453181633560e-03 8.627102597469748363e-04 0.000000000000000000e+00 0.000000000000000000e+00
0.000000000000000000e+00 1.329152295736336573e-02 1.657345647313311632e-03 0.000000000000000000e+00 0.000000000000000000e+00
0.000000000000000000e+00 2.814332430855042561e-02 4.471438192331398742e-04 0.000000000000000000e+00 0.000000000000000000e+00
0.000000000000000000e+00 4.509333615797293804e-02 0.000000000000000000e+00 3.167233505081554689e-04 0.000000000000000000e+00
9.556975485271623771e-03 6.789324448941547185e-02 0.000000000000000000e+00 1.234300444729333679e-03 0.000000000000000000e+00
3.054498842828662700e-02 7.748017182925331925e-02 0.000000000000000000e+00 2.408642211326001087e-04 0.000000000000000000e+00
5.100899936554592617e-02 7.991781802315078842e-02 0.000000000000000000e+00 0.000000000000000000e+00 0.000000000000000000e+00
7.160265726445694257e-02 7.937635604646289811e-02 0.000000000000000000e+00 0.000000000000000000e+00 0.000000000000000000e+00
8.785014480399172543e-02 7.828909368504546884e-02 0.000000000000000000e+00 0.000000000000000000e+00 0.000000000000000000e+00
1.001916333818340804e-01 7.733448438401892278e-02 0.000000000000000000e+00 0.000000000000000000e+00 0.000000000000000000e+00
1.073300860328118556e-01 7.442097536784053613e-02 0.000000000000000000e+00 0.000000000000000000e+00 0.000000000000000000e+00
1.095919219550264695e-01 6.835815122157945511e-02 0.000000000000000000e+00 0.000000000000000000e+00 0.000000000000000000e+00
1.019228152476061022e-01 5.688377500202102671e-02 3.539932385637107291e-03 0.000000000000000000e+00 9.027270992734492483e-04
8.677237989240793592e-02 3.997232486257305123e-02 1.854417068131256063e-02 0.000000000000000000e+00 8.019690893185263056e-03
6.513740575215459794e-02 1.966876774979433792e-02 3.958831058665016056e-02 0.000000000000000000e+00 1.361703058833535658e-02
4.303385274491341311e-02 8.414362164640098313e-03 5.640466262597720187e-02 0.000000000000000000e+00 1.616991749742306347e-02
2.321485249776676293e-02 0.000000000000000000e+00 6.469112921397536520e-02 0.000000000000000000e+00 1.766108446361433146e-02
5.497390332825723147e-03 0.000000000000000000e+00 6.187481047785031718e-02 0.000000000000000000e+00 1.650669587204996527e-02
0.000000000000000000e+00 0.000000000000000000e+00 4.350087982823709620e-02 0.000000000000000000e+00 1.310744330954143923e-02
0.000000000000000000e+00 0.000000000000000000e+00 1.327672103878080496e-02 0.000000000000000000e+00 5.731255041038065511e-03
2.887812226728721712e-05 0.000000000000000000e+00 2.568137314714092636e-05 0.000000000000000000e+00 1.549760294945924958e-03
3.382208814296600518e-05 0.000000000000000000e+00 0.000000000000000000e+00 0.000000000000000000e+00 5.373071227970918146e-05
0.000000000000000000e+00 0.000000000000000000e+00 0.000000000000000000e+00 0.000000000000000000e+00 0.000000000000000000e+00
0.000000000000000000e+00 0.000000000000000000e+00 0.000000000000000000e+00 0.000000000000000000e+00 0.000000000000000000e+00
0.000000000000000000e+00 0.000000000000000000e+00 0.000000000000000000e+00 0.000000000000000000e+00 0.000000000000000000e+00
0.000000000000000000e+00 0.000000000000000000e+00 0.000000000000000000e+00 0.000000000000000000e+00 0.000000000000000000e+00
0.000000000000000000e+00 2.496557433371028242e-03 6.273365184077407111e-04 4.748434444400376360e-05 0.000000000000000000e+00
0.000000000000000000e+00 3.923118841129561579e-03 6.817024511325305968e-04 0.000000000000000000e+00 3.577532478208119554e-05
0.000000000000000000e+00 1.135331490211401000e-02 1.071819791494315515e-03 0.000000000000000000e+00 1.189528657142420421e-04
0.000000000000000000e+00 2.924539797511051600e-02 1.449663791745214219e-03 0.000000000000000000e+00 1.362085588142446929e-03
0.000000000000000000e+00 5.653134623485648463e-02 0.000000000000000000e+00 0.000000000000000000e+00 4.627621385671775930e-03
0.000000000000000000e+00 8.987141443878758629e-02 0.000000000000000000e+00 0.000000000000000000e+00 1.242575788609586937e-02
1.588564377479187092e-02 1.110765501954867063e-01 0.000000000000000000e+00 0.000000000000000000e+00 2.133486909766242612e-02
5.488429684184602947e-02 1.112497752978414134e-01 0.000000000000000000e+00 0.000000000000000000e+00 2.462345611184324490e-02
8.647742304563890703e-02 1.009928154392851218e-01 0.000000000000000000e+00 0.000000000000000000e+00 3.337535762926430172e-02
1.055776887197068109e-01 8.844885690416941226e-02 0.000000000000000000e+00 0.000000000000000000e+00 4.287825168674171128e-02
1.187404434099841866e-01 7.902050120666812005e-02 0.000000000000000000e+00 0.000000000000000000e+00 4.854666554270282985e-02
1.164450831769535538e-01 7.519778195446062685e-02 6.086132477599735975e-03 0.000000000000000000e+00 5.360566210931890646e-02
1.077678582243300348e-01 7.168726209115228176e-02 1.910204388211366247e-02 0.000000000000000000e+00 5.765043958958659953e-02
9.741320149714992327e-02 5.725273158135160689e-02 3.664223703015400541e-02 0.000000000000000000e+00 6.138198141114249717e-02
8.111511016783323758e-02 4.406056636293975010e-02 5.965087959399066608e-02 0.000000000000000000e+00 6.636640063614820950e-02
5.764878597275420458e-02 2.998792987384824721e-02 8.516628826984770639e-02 0.000000000000000000e+00 7.252357551514643230e-02
3.368521523468353401e-02 1.013725625393840230e-02 1.080533279502105676e-01 0.000000000000000000e+00 7.073654546191769643e-02
1.108059799212166539e-02 1.133933226880603877e-03 1.239533988157397876e-01 0.000000000000000000e+00 6.326027877462886417e-02
0.000000000000000000e+00 0.000000000000000000e+00 1.265654792120799454e-01 0.000000000000000000e+00 5.335325845916044640e-02
0.000000000000000000e+00 0.000000000000000000e+00 1.136817709015367356e-01 0.000000000000000000e+00 4.581295227492097888e-02
0.000000000000000000e+00 0.000000000000000000e+00 7.892571469367025416e-02 0.000000000000000000e+00 3.650215748722753645e-02
0.000000000000000000e+00 0.000000000000000000e+00 2.699157055847337811e-02 1.962705355709534229e-03 2.089112687944620975e-02
0.000000000000000000e+00 0.000000000000000000e+00 3.087924361456946976e-03 0.000000000000000000e+00 6.087952141977539741e-03
0.000000000000000000e+00 0.000000000000000000e+00 0.000000000000000000e+00 1.539513545623996400e-04 4.498305424894621734e-04
0.000000000000000000e+00 0.000000000000000000e+00 0.000000000000000000e+00 0.000000000000000000e+00 0.000000000000000000e+00
0.000000000000000000e+00 0.000000000000000000e+00 0.000000000000000000e+00 0.000000000000000000e+00 0.000000000000000000e+00
0.000000000000000000e+00 0.000000000000000000e+00 0.000000000000000000e+00 0.000000000000000000e+00 0.000000000000000000e+00
0.000000000000000000e+00 0.000000000000000000e+00 0.000000000000000000e+00 0.000000000000000000e+00 0.000000000000000000e+00
0.000000000000000000e+00 1.984300306046319837e-03 5.508631064672286567e-04 0.000000000000000000e+00 0.000000000000000000e+00
0.000000000000000000e+00 5.495875112282257169e-03 1.984793735752087126e-04 0.000000000000000000e+00 9.813274883090400587e-04
0.000000000000000000e+00 1.535064527537442249e-02 0.000000000000000000e+00 0.000000000000000000e+00 2.903640754403007812e-03
0.000000000000000000e+00 4.218094098562417960e-02 6.467875739105687126e-04 0.000000000000000000e+00 7.703286289185681639e-03
0.000000000000000000e+00 8.200462841149694371e-02 0.000000000000000000e+00 0.000000000000000000e+00 1.756510527689345014e-02
1.694752830920426539e-03 1.121460815617325579e-01 0.000000000000000000e+00 0.000000000000000000e+00 3.270598913222567267e-02
3.418267909943788208e-02 1.186346608493162313e-01 0.000000000000000000e+00 0.000000000000000000e+00 5.327374704733721378e-02
7.677664978442748367e-02 9.992211887585396302e-02 0.000000000000000000e+00 0.000000000000000000e+00 6.943094170919289487e-02
9.855245693756209402e-02 7.175307637384058246e-02 0.000000000000000000e+00 0.000000000000000000e+00 8.426303874367459257e-02
9.525252663813509046e-02 5.256844118340259220e-02 1.588024157908075537e-02 0.000000000000000000e+00 9.477381313724471401e-02
8.398614320374780950e-02 3.966461344758061974e-02 5.489706017949061434e-02 0.000000000000000000e+00 9.641759291621344874e-02
6.592564703037180618e-02 3.169773984867331473e-02 7.963146757971059642e-02 0.000000000000000000e+00 1.012021489957340425e-01
4.807393984937245734e-02 2.717173971184927081e-02 9.720534176183380504e-02 0.000000000000000000e+00 1.032750226966949458e-01
2.773276836361430672e-02 2.171479828601079534e-02 1.162267936202661250e-01 0.000000000000000000e+00 1.051696305071794929e-01
1.061489293444067838e-02 1.577334149203606442e-02 1.314144765165397299e-01 0.000000000000000000e+00 1.047161404204455665e-01
0.000000000000000000e+00 6.559131782044830099e-03 1.438266176462038859e-01 0.000000000000000000e+00 1.028949161046374405e-01
0.000000000000000000e+00 0.000000000000000000e+00 1.442491909933562022e-01 0.000000000000000000e+00 9.621803356944619301e-02
0.000000000000000000e+00 0.000000000000000000e+00 1.417537229755898298e-01 1.425894242601904310e-02 8.356317426477818944e-02
0.000000000000000000e+00 0.000000000000000000e+00 1.303136173904629047e-01 3.043041193220973051e-02 7.032136439894816349e-02
0.000000000000000000e+00 0.000000000000000000e+00 1.088427243718500664e-01 4.522018274057985204e-02 6.269211352254662473e-02
0.000000000000000000e+00 0.000000000000000000e+00 7.131139045802539767e-02 4.466861636615428871e-02 4.975712829432676898e-02
0.000000000000000000e+00 0.000000000000000000e+00 2.545218717344769829e-02 2.823591727881260421e-02 2.773647960856545289e-02
0.000000000000000000e+00 0.000000000000000000e+00 2.982723288909522666e-03 4.964906197423102872e-03 8.739616529900883987e-03
0.000000000000000000e+00 0.000000000000000000e+00 0.000000000000000000e+00 0.000000000000000000e+00 8.787366867351303207e-04
0.000000000000000000e+00 0.000000000000000000e+00 0.000000000000000000e+00 0.000000000000000000e+00 0.000000000000000000e+00
0.000000000000000000e+00 0.000000000000000000e+00 0.000000000000000000e+00 0.000000000000000000e+00 0.000000000000000000e+00
0.000000000000000000e+00 0.000000000000000000e+00 0.000000000000000000e+00 0.000000000000000000e+00 0.000000000000000000e+00
0.000000000000000000e+00 0.000000000000000000e+00 0.000000000000000000e+00 0.000000000000000000e+00 0.000000000000000000e+00
0.000000000000000000e+00 2.101023245341284221e-03 5.995509179074201209e-04 0.000000000000000000e+00 0.000000000000000000e+00
0.000000000000000000e+00 7.877868933086654493e-03 6.597153533134524506e-04 0.000000000000000000e+00 6.972533997157005347e-04
0.000000000000000000e+00 1.925168525046775866e-02 0.000000000000000000e+00 0.000000000000000000e+00 4.453328927055385904e-03
0.000000000000000000e+00 5.822776789671922637e-02 0.000000000000000000e+00 0.000000000000000000e+00 1.172199347997653594e-02
0.000000000000000000e+00 9.764608615331039909e-02 0.000000000000000000e+00 0.000000000000000000e+00 2.905355275476815408e-02
1.254852221597838914e-02 1.106364299570306575e-01 0.000000000000000000e+00 0.000000000000000000e+00 5.285463111276937631e-02
5.213878075452650640e-02 9.294850803121380844e-02 0.000000000000000000e+00 0.000000000000000000e+00 7.950755431772918436e-02
9.323206976792509926e-02 5.518516059730634721e-02 0.000000000000000000e+00 0.000000000000000000e+00 9.894326437888771586e-02
9.623310052214630039e-02 1.324223799637427174e-02 2.193564646235671850e-02 0.000000000000000000e+00 1.071167913783488412e-01
6.588252911464768935e-02 0.000000000000000000e+00 8.446775297209119238e-02 0.000000000000000000e+00 1.038183443566243758e-01
3.064956143007375663e-02 0.000000000000000000e+00 1.290614190712471021e-01 9.473947040886039270e-03 9.641345530250385043e-02
0.000000000000000000e+00 0.000000000000000000e+00 1.365697809056748147e-01 2.576707241054494030e-02 9.758628940419145081e-02
0.000000000000000000e+00 0.000000000000000000e+00 1.341950272430986468e-01 3.890767401397737801e-02 9.587397497571836791e-02
0.000000000000000000e+00 0.000000000000000000e+00 1.271125447395525243e-01 5.326004752333550474e-02 9.490202322931161338e-02
0.000000000000000000e+00 0.000000000000000000e+00 1.161473740297073870e-01 6.866692790078254838e-02 8.957759103273557622e-02
0.000000000000000000e+00 0.000000000000000000e+00 1.027372460157984363e-01 8.303577278551603491e-02 8.318788004695616689e-02
0.000000000000000000e+00 0.000000000000000000e+00 8.800806055439279463e-02 9.795603762861049280e-02 7.546030764660155432e-02
0.000000000000000000e+00 0.000000000000000000e+00 6.897763403878266752e-02 1.102205215220972284e-01 6.501369740874417269e-02
0.000000000000000000e+00 0.000000000000000000e+00 4.919455020014418256e-02 1.190352147202904526e-01 4.607433711872257337e-02
0.000000000000000000e+00 0.000000000000000000e+00 2.962582255334451561e-02 1.207198118559564270e-01 3.490100732595979860e-02
0.000000000000000000e+00 0.000000000000000000e+00 1.387137713069343942e-02 9.961416564111416627e-02 2.846014655949416494e-02
0.000000000000000000e+00 0.000000000000000000e+00 0.000000000000000000e+00 5.932207293833899331e-02 1.510461409024348861e-02
0.000000000000000000e+00 0.000000000000000000e+00 0.000000000000000000e+00 8.151902229535963953e-03 4.396319265777898048e-03
0.000000000000000000e+00 0.000000000000000000e+00 0.000000000000000000e+00 2.411811554543283180e-04 4.076453169793415286e-04
0.000000000000000000e+00 0.000000000000000000e+00 0.000000000000000000e+00 0.000000000000000000e+00 0.000000000000000000e+00
0.000000000000000000e+00 0.000000000000000000e+00 0.000000000000000000e+00 0.000000000000000000e+00 0.000000000000000000e+00
0.000000000000000000e+00 0.000000000000000000e+00 0.000000000000000000e+00 0.000000000000000000e+00 0.000000000000000000e+00
0.000000000000000000e+00 0.000000000000000000e+00 0.000000000000000000e+00 0.000000000000000000e+00 0.000000000000000000e+00
0.000000000000000000e+00 2.382794745859881380e-03 2.247815531912255086e-04 0.000000000000000000e+00 0.000000000000000000e+00
0.000000000000000000e+00 7.204087885040703562e-03 4.275347614986106724e-04 0.000000000000000000e+00 5.489739109240595076e-04
0.000000000000000000e+00 2.256694912845513823e-02 0.000000000000000000e+00 0.000000000000000000e+00 4.901213736267600457e-03
0.000000000000000000e+00 6.445721882372493217e-02 0.000000000000000000e+00 0.000000000000000000e+00 1.691122278410022578e-02
0.000000000000000000e+00 1.016228162544707686e-01 0.000000000000000000e+00 0.000000000000000000e+00 4.217942518307235544e-02
1.827250851696486655e-02 9.899291608744936743e-02 0.000000000000000000e+00 0.000000000000000000e+00 7.887990560935551065e-02
6.491942203460099314e-02 6.573100443650975455e-02 0.000000000000000000e+00 0.000000000000000000e+00 1.011111835154164390e-01
1.039185552813258612e-01 1.269390556901178399e-02 1.013014871808893928e-02 3.915412026592625730e-03 1.002052815384663342e-01
8.229099966172727376e-02 0.000000000000000000e+00 7.599847440711014757e-02 1.924271907869150311e-02 8.204662348250899018e-02
3.282785020680049209e-02 0.000000000000000000e+00 1.315101368803119619e-01 4.976745824082581815e-02 5.667737558559329120e-02
0.000000000000000000e+00 0.000000000000000000e+00 1.348212501154564535e-01 8.587156537667779699e-02 4.437400614710338559e-02
0.000000000000000000e+00 0.000000000000000000e+00 1.035334550449969471e-01 1.094316453016899310e-01 4.394943925484177255e-02
0.000000000000000000e+00 0.000000000000000000e+00 7.707110227321251061e-02 1.228462192108722012e-01 4.186430409273850239e-02
0.000000000000000000e+00 0.000000000000000000e+00 5.212346118786184007e-02 1.339345566652512531e-01 3.989414180411200717e-02
0.000000000000000000e+00 0.000000000000000000e+00 3.134404688117514021e-02 1.428880553987781354e-01 3.578995344913597082e-02
0.000000000000000000e+00 0.000000000000000000e+00 1.266599931510583969e-02 1.440545362958576547e-01 3.249107268288364131e-02
0.000000000000000000e+00 0.000000000000000000e+00 0.000000000000000000e+00 1.426722023729654620e-01 2.672017727339431187e-02
0.000000000000000000e+00 0.000000000000000000e+00 0.000000000000000000e+00 1.360178987380617210e-01 2.111335987919248786e-02
0.000000000000000000e+00 0.000000000000000000e+00 0.000000000000000000e+00 1.257021901998000568e-01 1.396436139808187454e-02
0.000000000000000000e+00 0.000000000000000000e+00 0.000000000000000000e+00 1.101618904283922645e-01 8.197234038598654945e-03
0.000000000000000000e+00 0.000000000000000000e+00 0.000000000000000000e+00 8.481635106154875037e-02 6.421139724914671880e-03
0.000000000000000000e+00 4.407056825325162937e-04 0.000000000000000000e+00 4.132465431452506804e-02 4.604545437341652295e-03
0.000000000000000000e+00 0.000000000000000000e+00 0.000000000000000000e+00 4.849142580849293872e-03 1.754331920790149022e-03
0.000000000000000000e+00 2.393949836439669229e-05 0.000000000000000000e+00 3.774033275843683278e-04 1.045659912692233203e-04
0.000000000000000000e+00 0.000000000000000000e+00 0.000000000000000000e+00 0.000000000000000000e+00 0.000000000000000000e+00
0.000000000000000000e+00 0.000000000000000000e+00 0.000000000000000000e+00 0.000000000000000000e+00 0.000000000000000000e+00
0.000000000000000000e+00 0.000000000000000000e+00 0.000000000000000000e+00 0.000000000000000000e+00 0.000000000000000000e+00
0.000000000000000000e+00 0.000000000000000000e+00 0.000000000000000000e+00 0.000000000000000000e+00 0.000000000000000000e+00
0.000000000000000000e+00 2.515362329198584778e-03 0.000000000000000000e+00 0.000000000000000000e+00 0.000000000000000000e+00
0.000000000000000000e+00 7.372251714987308746e-03 1.521856588227419064e-04 0.000000000000000000e+00 7.570683879392165134e-04
0.000000000000000000e+00 2.691148826503127894e-02 0.000000000000000000e+00 8.027864351397664606e-07 6.246162781934530561e-03
0.000000000000000000e+00 6.644849313429099236e-02 0.000000000000000000e+00 0.000000000000000000e+00 2.372806295722438077e-02
0.000000000000000000e+00 1.002815556781620210e-01 0.000000000000000000e+00 0.000000000000000000e+00 5.853123542546997266e-02
2.710203733786302471e-02 8.689404889782458008e-02 0.000000000000000000e+00 0.000000000000000000e+00 9.840307604299718125e-02
7.582364503307670311e-02 5.082385488828305292e-02 4.994704537996788596e-03 9.010155232494250141e-03 1.024138478397329799e-01
1.023072025290001491e-01 6.515944022353994600e-03 5.387090227063005832e-02 3.007428066707746456e-02 7.376350568013699538e-02
6.827489881914383663e-02 0.000000000000000000e+00 1.109670518324212402e-01 6.752233896151457748e-02 3.157492936374347442e-02
1.990164455945570357e-02 2.423618508605638721e-03 1.221388552843209185e-01 1.072413467929787811e-01 3.159385564640169487e-03
0.000000000000000000e+00 1.510341038299108964e-02 8.415633372230287013e-02 1.288075136254575870e-01 0.000000000000000000e+00
0.000000000000000000e+00 2.105772817960707352e-02 3.288780286354297394e-02 1.373872392811597565e-01 8.842882566620879599e-04
0.000000000000000000e+00 2.237050635959470651e-02 4.857346820038349090e-03 1.317357786111532092e-01 3.355193705614462930e-03
0.000000000000000000e+00 1.827648777853283293e-02 0.000000000000000000e+00 1.224368831990724632e-01 5.315288312496262851e-03
0.000000000000000000e+00 1.296171910315273984e-02 0.000000000000000000e+00 1.125685106880385949e-01 6.220774573247529401e-03
0.000000000000000000e+00 6.931082472787939742e-03 0.000000000000000000e+00 9.839340292495307727e-02 5.736849858166018744e-03
0.000000000000000000e+00 2.321896256905600468e-03 0.000000000000000000e+00 8.318656415547817651e-02 7.151469346417543664e-03
1.583141498545487214e-04 6.118548987943023309e-04 0.000000000000000000e+00 7.053958575147711851e-02 4.584210787618783582e-03
6.286819420291214506e-04 7.028549680421033357e-04 0.000000000000000000e+00 5.726463034076301195e-02 3.016950878899681346e-03
4.778677013203774067e-04 8.263117582553666275e-04 0.000000000000000000e+00 4.537519183489355928e-02 1.655095749437008419e-03
5.371143360135645145e-04 9.854792736535399750e-04 0.000000000000000000e+00 3.198757655989795112e-02 1.695276521363561599e-03
0.000000000000000000e+00 1.151990853732910844e-03 0.000000000000000000e+00 1.490329084469942979e-02 6.052555983547079762e-04
0.000000000000000000e+00 3.700702725271529298e-04 0.000000000000000000e+00 1.877219662734002942e-03 0.000000000000000000e+00
0.000000000000000000e+00 1.815357363465697400e-05 0.000000000000000000e+00 1.054717334543977283e-04 0.000000000000000000e+00
0.000000000000000000e+00 0.000000000000000000e+00 0.000000000000000000e+00 0.000000000000000000e+00 0.000000000000000000e+00
0.000000000000000000e+00 0.000000000000000000e+00 0.000000000000000000e+00 0.000000000000000000e+00 0.000000000000000000e+00
0.000000000000000000e+00 0.000000000000000000e+00 0.000000000000000000e+00 0.000000000000000000e+00 0.000000000000000000e+00
0.000000000000000000e+00 1.923122658678369263e-04 0.000000000000000000e+00 0.000000000000000000e+00 4.960256354825646504e-05
0.000000000000000000e+00 2.298668257685449173e-03 0.000000000000000000e+00 0.000000000000000000e+00 1.586040388152663372e-04
0.000000000000000000e+00 8.672893242875873154e-03 1.123296974440412150e-04 0.000000000000000000e+00 6.804180488596503918e-04
0.000000000000000000e+00 3.308574320416927950e-02 5.674752410080768960e-04 0.000000000000000000e+00 8.876470539954864694e-03
0.000000000000000000e+00 7.005281350439568344e-02 3.686553151847853267e-03 0.000000000000000000e+00 3.544794662756300258e-02
0.000000000000000000e+00 9.203531023977964964e-02 0.000000000000000000e+00 0.000000000000000000e+00 7.640823292064123640e-02
3.404686573114738130e-02 7.992110805238568372e-02 8.211510195623427169e-03 8.848618047966771982e-03 1.056145788303712446e-01
8.144550824055819815e-02 5.487968140214054963e-02 4.067235294963609388e-02 3.023718905515828184e-02 8.701403340555775856e-02
9.766014572487534406e-02 3.297826549181839817e-02 8.096441621517007359e-02 7.110976205705830944e-02 3.743142987375316227e-02
7.000088045495832245e-02 3.256680376403764399e-02 1.076750043641965943e-01 1.007717323277766697e-01 0.000000000000000000e+00
4.126142904754320773e-02 5.439861920817461172e-02 9.188812898227412262e-02 1.074068120851340707e-01 0.000000000000000000e+00
2.768704802919487104e-02 7.174800984544636717e-02 5.020439656692071706e-02 9.001645192907641035e-02 0.000000000000000000e+00
2.576442524795270403e-02 7.743567149276017747e-02 2.428003077220842326e-02 6.642796761015581919e-02 0.000000000000000000e+00
1.785488938942103587e-02 7.656728969933145057e-02 1.320774605972543578e-02 4.829287295019629028e-02 0.000000000000000000e+00
3.924708000612558458e-03 6.666303565452934288e-02 6.634438281252175509e-03 3.845531601244040615e-02 0.000000000000000000e+00
0.000000000000000000e+00 4.671019044836365736e-02 0.000000000000000000e+00 2.991042227673902307e-02 0.000000000000000000e+00
0.000000000000000000e+00 2.804147193149365488e-02 0.000000000000000000e+00 2.363322646727411894e-02 0.000000000000000000e+00
0.000000000000000000e+00 1.334022795921251461e-02 0.000000000000000000e+00 1.801444295263523662e-02 0.000000000000000000e+00
0.000000000000000000e+00 3.718471140165473081e-03 0.000000000000000000e+00 1.532172089793095750e-02 8.966313873931873544e-04
0.000000000000000000e+00 7.538773518560093001e-04 0.000000000000000000e+00 1.232326883339408298e-02 1.099319522568572910e-03
1.727831280813500801e-04 6.651101427903672106e-04 0.000000000000000000e+00 1.073830461338988115e-02 7.742892162963206431e-04
0.000000000000000000e+00 7.214985905253276351e-04 0.000000000000000000e+00 7.693173138936794560e-03 3.034662478265094340e-04
0.000000000000000000e+00 7.337529872537005074e-04 0.000000000000000000e+00 4.651917965263304387e-03 3.697035466468376395e-05
0.000000000000000000e+00 2.391328463262410765e-04 0.000000000000000000e+00 1.736660823797923220e-03 4.663049347684316182e-04
0.000000000000000000e+00 0.000000000000000000e+00 0.000000000000000000e+00 0.000000000000000000e+00 0.000000000000000000e+00
0.000000000000000000e+00 0.000000000000000000e+00 0.000000000000000000e+00 0.000000000000000000e+00 0.000000000000000000e+00
0.000000000000000000e+00 0.000000000000000000e+00 0.000000000000000000e+00 0.000000000000000000e+00 0.000000000000000000e+00
0.000000000000000000e+00 0.000000000000000000e+00 0.000000000000000000e+00 0.000000000000000000e+00 0.000000000000000000e+00
0.000000000000000000e+00 7.662441843171621369e-04 0.000000000000000000e+00 0.000000000000000000e+00 1.976352141375847674e-04
0.000000000000000000e+00 2.276498246260913200e-03 0.000000000000000000e+00 0.000000000000000000e+00 3.722666330184524379e-04
0.000000000000000000e+00 1.023530735976396246e-02 4.880922690943291509e-04 0.000000000000000000e+00 7.345516202977295846e-04
0.000000000000000000e+00 4.082771601792996308e-02 2.406310146558628561e-03 0.000000000000000000e+00 1.311671569375847356e-02
0.000000000000000000e+00 7.134095919224425764e-02 8.425869953674156032e-03 0.000000000000000000e+00 4.638274404493523267e-02
0.000000000000000000e+00 8.189761174570228675e-02 1.274283702550433293e-02 2.158406353847816365e-03 9.036192343657667436e-02
2.965217021858277541e-02 8.263991818078579576e-02 3.208669325496342484e-02 2.559848835557584912e-02 1.061611558083494916e-01
7.270206722053501602e-02 7.421890583609477843e-02 5.570169571090626687e-02 6.441045591390349989e-02 8.031961356524054685e-02
9.731763228991249792e-02 6.147697866125481636e-02 7.961896238895713185e-02 9.795664181621405175e-02 2.823077260593227777e-02
8.598610358813792154e-02 7.293045667629902140e-02 8.965113344099524817e-02 9.927409121056451902e-02 0.000000000000000000e+00
7.610042841389717816e-02 8.909603117283114437e-02 7.547204534968836309e-02 7.171121025979135255e-02 0.000000000000000000e+00
7.477950562182091032e-02 9.570704629759517468e-02 5.057388573275195531e-02 3.822186733178960932e-02 0.000000000000000000e+00
6.924517441254905703e-02 1.004644475082439592e-01 3.579509045208539852e-02 1.740533545001206675e-02 0.000000000000000000e+00
5.816933028849088222e-02 1.041285569045869719e-01 2.623216563734118156e-02 6.018376864874787867e-03 0.000000000000000000e+00
3.864495803287457121e-02 1.042568279883587801e-01 1.982493560558743623e-02 0.000000000000000000e+00 0.000000000000000000e+00
1.338782765482312946e-02 9.459775896786115634e-02 1.531740209734624991e-02 0.000000000000000000e+00 0.000000000000000000e+00
0.000000000000000000e+00 6.876655071536595665e-02 9.958692057291830893e-03 0.000000000000000000e+00 0.000000000000000000e+00
0.000000000000000000e+00 4.026005291499037270e-02 5.902437092659927435e-03 2.771916036799222226e-04 0.000000000000000000e+00
0.000000000000000000e+00 1.691122303540159438e-02 1.594596187279252427e-03 2.159970389992937022e-03 0.000000000000000000e+00
0.000000000000000000e+00 4.866358384229454125e-03 3.298734230793158752e-05 2.429311077259504320e-03 5.178145758159228423e-04
0.000000000000000000e+00 1.461293735661562928e-03 0.000000000000000000e+00 1.940015583285267103e-03 3.372530403843600048e-04
0.000000000000000000e+00 1.584563193700281333e-04 0.000000000000000000e+00 1.126141133991378097e-03 8.980474232362864202e-05
0.000000000000000000e+00 1.744755855466938405e-04 0.000000000000000000e+00 8.697999265275616889e-04 0.000000000000000000e+00
0.000000000000000000e+00 6.203925675473777118e-05 0.000000000000000000e+00 4.965690511563274198e-04 1.672796962947123943e-04
0.000000000000000000e+00 0.000000000000000000e+00 0.000000000000000000e+00 0.000000000000000000e+00 0.000000000000000000e+00
0.000000000000000000e+00 0.000000000000000000e+00 0.000000000000000000e+00 0.000000000000000000e+00 0.000000000000000000e+00
0.000000000000000000e+00 0.000000000000000000e+00 0.000000000000000000e+00 0.000000000000000000e+00 0.000000000000000000e+00
0.000000000000000000e+00 0.000000000000000000e+00 0.000000000000000000e+00 0.000000000000000000e+00 0.000000000000000000e+00
1.525629914653552576e-04 1.610518985905120854e-04 0.000000000000000000e+00 9.073636954358193975e-05 0.000000000000000000e+00
0.000000000000000000e+00 1.710132967941596291e-03 0.000000000000000000e+00 9.831294577924343172e-05 6.621093172876381383e-04
0.000000000000000000e+00 1.188762860769500274e-02 7.562034850223764253e-04 0.000000000000000000e+00 8.359921118425832917e-04
0.000000000000000000e+00 4.091850375595475903e-02 3.251575660875135471e-03 0.000000000000000000e+00 1.549412824002806277e-02
0.000000000000000000e+00 6.438035331177484333e-02 7.733733250051025472e-03 2.394924489963428489e-04 5.017782054513426210e-02
0.000000000000000000e+00 7.452849144426350325e-02 1.638646231241274592e-02 1.448158528220517237e-02 9.330763316460630175e-02
1.492268001130178656e-02 7.670920176117254630e-02 4.072698124107153317e-02 4.750495372880907813e-02 1.126536472756674706e-01
4.934972646333538049e-02 7.146340048763048791e-02 4.870598185460970481e-02 9.458216337783223460e-02 9.533814552095799810e-02
7.940329248790166383e-02 6.272903038600653736e-02 5.812532080284894820e-02 1.134646264656437864e-01 5.641950597623694025e-02
9.124372675760591966e-02 5.619923258296648932e-02 6.034918160694484335e-02 9.602116134489720178e-02 2.944606683352398585e-02
9.560293214147223828e-02 5.088861405843850966e-02 5.524206448583448420e-02 7.162564866231350968e-02 1.414492991037690807e-02
1.062557452479795245e-01 5.089837758772901982e-02 4.116640986416050807e-02 5.191271558972314348e-02 0.000000000000000000e+00
1.123993488503833571e-01 5.742124439261185598e-02 2.406243003324667548e-02 3.464211911697567814e-02 0.000000000000000000e+00
1.046781032336893263e-01 6.885618529527579024e-02 2.133066651834213817e-02 1.696817192408418828e-02 0.000000000000000000e+00
8.592300628782789662e-02 8.783949849140464117e-02 1.487230309628331457e-02 4.684850941393339969e-03 0.000000000000000000e+00
5.337673392472182254e-02 1.055054859664023431e-01 1.322890642231138586e-02 0.000000000000000000e+00 0.000000000000000000e+00
1.460245447122431560e-02 1.077209324611555913e-01 1.425196226504885436e-02 0.000000000000000000e+00 0.000000000000000000e+00
0.000000000000000000e+00 7.680040262249657190e-02 1.085615949308839714e-02 0.000000000000000000e+00 0.000000000000000000e+00
0.000000000000000000e+00 4.025494845771572516e-02 7.806520499604493145e-03 0.000000000000000000e+00 0.000000000000000000e+00
0.000000000000000000e+00 1.419340433899165567e-02 3.335953441988673534e-03 0.000000000000000000e+00 0.000000000000000000e+00
0.000000000000000000e+00 4.861925217767664592e-03 1.596197547062260013e-03 0.000000000000000000e+00 0.000000000000000000e+00
0.000000000000000000e+00 4.090673503266713099e-04 1.419124495238055007e-04 0.000000000000000000e+00 4.701575544747469375e-05
0.000000000000000000e+00 0.000000000000000000e+00 0.000000000000000000e+00 0.000000000000000000e+00 0.000000000000000000e+00
0.000000000000000000e+00 0.000000000000000000e+00 0.000000000000000000e+00 0.000000000000000000e+00 0.000000000000000000e+00
0.000000000000000000e+00 0.000000000000000000e+00 0.000000000000000000e+00 0.000000000000000000e+00 0.000000000000000000e+00
0.000000000000000000e+00 0.000000000000000000e+00 0.000000000000000000e+00 0.000000000000000000e+00 0.000000000000000000e+00
0.000000000000000000e+00 0.000000000000000000e+00 0.000000000000000000e+00 0.000000000000000000e+00 0.000000000000000000e+00
0.000000000000000000e+00 0.000000000000000000e+00 0.000000000000000000e+00 0.000000000000000000e+00 0.000000000000000000e+00
4.882298542178053948e-04 0.000000000000000000e+00 0.000000000000000000e+00 3.060359880445529869e-04 0.000000000000000000e+00
6.219260321769792561e-04 4.808404226992534858e-04 0.000000000000000000e+00 4.134739502729355121e-04 0.000000000000000000e+00
0.000000000000000000e+00 9.335534343740584107e-03 6.654505501282963718e-04 2.357866626963339067e-04 8.333374351120883617e-04
0.000000000000000000e+00 3.386387998318368675e-02 1.941871120513524035e-03 3.614412108887658120e-05 1.396198664711659210e-02
0.000000000000000000e+00 4.860367648524697992e-02 7.150890676247043630e-03 4.208859026750167744e-03 4.357329886891096737e-02
0.000000000000000000e+00 5.632458750259907582e-02 1.257334536731648071e-02 2.326179061405844045e-02 8.247735067475378545e-02
0.000000000000000000e+00 5.445804399405925617e-02 2.465560721341787317e-02 6.148196161954250921e-02 1.123003474584311073e-01
2.010059602958950628e-02 4.491629750718586361e-02 2.661503333968260124e-02 9.929591456666803095e-02 1.159248019191493340e-01
3.881595993020954538e-02 2.569935226409640963e-02 2.747332716715977438e-02 1.095849128445135767e-01 1.062469814990494033e-01
5.180393716787346642e-02 1.034870671985323003e-02 3.022052014586333948e-02 1.018806425600197185e-01 9.620177753570455237e-02
6.516604921988616850e-02 0.000000000000000000e+00 2.562716964704187320e-02 9.093472803190376375e-02 8.458800646044725702e-02
7.560470090597862236e-02 0.000000000000000000e+00 3.087055391008791325e-02 7.933442214541784610e-02 6.384218635639211936e-02
9.090239976854078141e-02 0.000000000000000000e+00 2.820756591282367817e-02 6.430266194274671110e-02 4.192510177224512830e-02
1.128738277416030389e-01 5.807348980738574057e-03 1.635889386496252457e-02 4.335930485843748211e-02 1.696237543380426510e-02
1.256024197011364474e-01 3.190318608655720589e-02 4.748898674076782768e-03 2.138119181587293943e-02 0.000000000000000000e+00
9.920147703343590306e-02 7.538403134638733960e-02 3.658116838927849817e-03 3.463305210479501305e-03 0.000000000000000000e+00
5.123847142081730532e-02 1.069433170548914347e-01 7.377933140181007141e-03 0.000000000000000000e+00 0.000000000000000000e+00
7.658189358881520997e-03 1.098919587878606913e-01 1.119405622859852983e-02 0.000000000000000000e+00 0.000000000000000000e+00
0.000000000000000000e+00 6.810659744260832982e-02 1.052106362942934435e-02 0.000000000000000000e+00 0.000000000000000000e+00
0.000000000000000000e+00 3.026311556274360187e-02 5.922108617657624412e-03 0.000000000000000000e+00 0.000000000000000000e+00
0.000000000000000000e+00 9.475097314331493159e-03 2.486338459992906008e-03 0.000000000000000000e+00 0.000000000000000000e+00
0.000000000000000000e+00 2.696896942231939882e-03 1.022382667135919273e-03 0.000000000000000000e+00 1.337553127235756550e-04
0.000000000000000000e+00 5.487590887303810838e-05 1.319529808822794456e-05 0.000000000000000000e+00 1.202284949281718591e-05
0.000000000000000000e+00 0.000000000000000000e+00 0.000000000000000000e+00 0.000000000000000000e+00 0.000000000000000000e+00
0.000000000000000000e+00 0.000000000000000000e+00 0.000000000000000000e+00 0.000000000000000000e+00 0.000000000000000000e+00
0.000000000000000000e+00 0.000000000000000000e+00 0.000000000000000000e+00 0.000000000000000000e+00 0.000000000000000000e+00
0.000000000000000000e+00 0.000000000000000000e+00 0.000000000000000000e+00 0.000000000000000000e+00 0.000000000000000000e+00
0.000000000000000000e+00 0.000000000000000000e+00 0.000000000000000000e+00 0.000000000000000000e+00 0.000000000000000000e+00
7.085614872424514854e-04 0.000000000000000000e+00 3.362639018744077312e-04 5.283093756362095559e-04 0.000000000000000000e+00
1.013028802669030870e-03 2.262721008302354282e-04 2.911912725314888561e-04 7.990572312423170056e-04 0.000000000000000000e+00
0.000000000000000000e+00 6.739844125458474382e-03 1.552546325303321090e-03 1.137078373522707906e-03 0.000000000000000000e+00
0.000000000000000000e+00 2.027630233199874399e-02 1.557133466097560112e-03 3.997775486550407022e-03 7.324705207102075004e-03
0.000000000000000000e+00 2.924771141901126234e-02 3.030898791010047146e-03 8.935525550603319600e-03 3.005563051398434105e-02
0.000000000000000000e+00 2.969213151314748292e-02 4.696627331736492536e-03 2.753863849629275759e-02 6.320428392237406601e-02
0.000000000000000000e+00 2.967179554073609560e-02 0.000000000000000000e+00 5.564270840487185038e-02 9.501276534804201090e-02
0.000000000000000000e+00 2.122657520267535319e-02 0.000000000000000000e+00 8.008549661581605694e-02 1.078538770595991458e-01
3.440776724657692350e-03 7.179262880981929391e-03 1.242259696508937012e-03 8.527912125006401056e-02 1.144866574109528884e-01
6.232218497631880454e-03 0.000000000000000000e+00 2.930341526434816248e-03 8.149028233245322883e-02 1.181514849650176086e-01
6.286727210939460977e-03 0.000000000000000000e+00 1.757899430993353079e-02 7.786601700132378401e-02 1.160322138355979193e-01
1.127866702146434162e-02 0.000000000000000000e+00 3.316591267621935013e-02 7.693718023202515688e-02 1.043453160504559385e-01
2.992978170158699935e-02 0.000000000000000000e+00 4.428772160012722087e-02 7.204118124462707828e-02 8.360701980196430516e-02
6.848093439907033952e-02 0.000000000000000000e+00 3.563072618441055078e-02 5.795742115167482750e-02 6.021661774933550343e-02
1.181471093442257730e-01 0.000000000000000000e+00 9.556160463071630695e-03 3.388431492824778291e-02 2.934015091998315797e-02
1.289749485796346795e-01 2.345598839084352474e-02 0.000000000000000000e+00 1.308623031147504619e-02 3.283855538880032740e-04
8.541319890580852114e-02 9.110296952153322525e-02 0.000000000000000000e+00 0.000000000000000000e+00 0.000000000000000000e+00
2.746818097511873405e-02 1.178784290451132255e-01 5.843504147153351369e-03 0.000000000000000000e+00 0.000000000000000000e+00
0.000000000000000000e+00 9.558247493215799029e-02 1.221721463927404397e-02 0.000000000000000000e+00 0.000000000000000000e+00
0.000000000000000000e+00 4.618744007468333912e-02 7.699632181987246977e-03 0.000000000000000000e+00 0.000000000000000000e+00
0.000000000000000000e+00 1.782414580327446388e-02 4.301245710976456076e-03 0.000000000000000000e+00 0.000000000000000000e+00
0.000000000000000000e+00 4.032640333336213329e-03 1.344660920164703673e-03 0.000000000000000000e+00 1.461217753821417999e-04
0.000000000000000000e+00 4.789170228919681967e-04 1.151589651336254959e-04 0.000000000000000000e+00 1.049266864827681236e-04
0.000000000000000000e+00 0.000000000000000000e+00 0.000000000000000000e+00 0.000000000000000000e+00 0.000000000000000000e+00
0.000000000000000000e+00 0.000000000000000000e+00 0.000000000000000000e+00 0.000000000000000000e+00 0.000000000000000000e+00
0.000000000000000000e+00 0.000000000000000000e+00 0.000000000000000000e+00 0.000000000000000000e+00 0.000000000000000000e+00
0.000000000000000000e+00 0.000000000000000000e+00 0.000000000000000000e+00 0.000000000000000000e+00 0.000000000000000000e+00
0.000000000000000000e+00 0.000000000000000000e+00 0.000000000000000000e+00 0.000000000000000000e+00 0.000000000000000000e+00
9.622628408268328257e-04 0.000000000000000000e+00 5.972754943085134766e-04 4.039969473282446571e-04 0.000000000000000000e+00
3.041497496598078408e-03 0.000000000000000000e+00 2.940606157937190358e-03 1.854273597711342259e-03 0.000000000000000000e+00
3.102434918838441365e-03 4.985412922059651551e-03 4.854722426060668200e-03 4.657705834659272084e-03 0.000000000000000000e+00
3.614311967520328871e-03 7.816244540843397814e-03 0.000000000000000000e+00 1.832205965022464314e-02 0.000000000000000000e+00
1.362753655163996590e-03 9.143032490814164207e-03 0.000000000000000000e+00 2.169928687016882407e-02 1.380016582552625118e-02
0.000000000000000000e+00 1.068191476063036320e-02 0.000000000000000000e+00 2.475469010789381127e-02 3.045637088444005589e-02
0.000000000000000000e+00 1.216101737563683033e-02 0.000000000000000000e+00 3.515875544049106016e-02 5.467700033945707000e-02
0.000000000000000000e+00 1.079954602063623939e-02 0.000000000000000000e+00 4.194904705394937594e-02 6.981280150099937465e-02
0.000000000000000000e+00 2.517769914432703600e-03 0.000000000000000000e+00 4.054690848692033694e-02 8.241019112064620900e-02
0.000000000000000000e+00 0.000000000000000000e+00 7.133177739682403963e-03 4.068926682016706098e-02 8.814826999262116713e-02
0.000000000000000000e+00 0.000000000000000000e+00 1.662947834217224155e-02 5.203080057627372523e-02 9.253367536614913458e-02
0.000000000000000000e+00 0.000000000000000000e+00 3.146343816480112743e-02 7.235130319968138823e-02 9.334061931647659460e-02
0.000000000000000000e+00 0.000000000000000000e+00 5.344514701931894068e-02 8.183425109779247919e-02 8.975136490282456525e-02
2.343629230034423652e-02 0.000000000000000000e+00 5.772886897182878674e-02 7.476371306665832717e-02 7.620192701343819763e-02
9.365789814001622415e-02 0.000000000000000000e+00 2.915320508912900427e-02 4.378399291900854362e-02 5.540366526848892331e-02
1.367136344282929572e-01 0.000000000000000000e+00 0.000000000000000000e+00 1.902205083137336467e-02 2.363608694251988912e-02
1.114561122848781866e-01 6.115671702092795314e-02 0.000000000000000000e+00 0.000000000000000000e+00 5.707137541567772112e-04
4.409049251128350361e-02 1.158394008162305089e-01 0.000000000000000000e+00 0.000000000000000000e+00 0.000000000000000000e+00
0.000000000000000000e+00 1.102346048168850040e-01 8.881330195040310072e-03 0.000000000000000000e+00 0.000000000000000000e+00
0.000000000000000000e+00 6.324838225278234249e-02 9.350980016385079113e-03 0.000000000000000000e+00 0.000000000000000000e+00
0.000000000000000000e+00 2.513299889651163591e-02 5.278889469513381449e-03 0.000000000000000000e+00 0.000000000000000000e+00
0.000000000000000000e+00 6.185133472709348872e-03 1.386674834325419799e-03 0.000000000000000000e+00 4.802521918921940925e-05
0.000000000000000000e+00 8.830032609570663289e-04 2.123243419651221894e-04 0.000000000000000000e+00 1.934585782026046409e-04
0.000000000000000000e+00 0.000000000000000000e+00 0.000000000000000000e+00 0.000000000000000000e+00 0.000000000000000000e+00
0.000000000000000000e+00 0.000000000000000000e+00 0.000000000000000000e+00 0.000000000000000000e+00 0.000000000000000000e+00
0.000000000000000000e+00 0.000000000000000000e+00 0.000000000000000000e+00 0.000000000000000000e+00 0.000000000000000000e+00
0.000000000000000000e+00 0.000000000000000000e+00 0.000000000000000000e+00 0.000000000000000000e+00 0.000000000000000000e+00
0.000000000000000000e+00 0.000000000000000000e+00 0.000000000000000000e+00 0.000000000000000000e+00 0.000000000000000000e+00
5.888599558589252764e-04 0.000000000000000000e+00 1.156085146343153363e-03 0.000000000000000000e+00 0.000000000000000000e+00
4.133931748787381469e-03 5.702309045831122124e-04 5.159020828043428368e-03 1.774216160704494318e-03 0.000000000000000000e+00
7.748535257525624061e-03 4.608443616354673290e-03 1.008184883041645698e-02 1.457956720174524885e-02 0.000000000000000000e+00
1.158604779622593450e-02 5.552143210792740737e-03 5.821588738678177589e-03 4.294307897725557766e-02 0.000000000000000000e+00
1.427228392238849390e-02 4.626808372842222856e-03 0.000000000000000000e+00 5.136171245292307092e-02 0.000000000000000000e+00
1.140562052757561340e-02 7.423330049564406084e-03 0.000000000000000000e+00 4.016027939870531194e-02 7.229699506122467742e-03
6.336275816366091634e-03 8.477085124970272501e-03 0.000000000000000000e+00 3.017676821108854560e-02 1.761256349434030255e-02
3.876703737216402514e-03 6.985749254478036165e-03 0.000000000000000000e+00 2.206946085307798580e-02 2.600821555246208075e-02
0.000000000000000000e+00 2.575491473055089523e-03 0.000000000000000000e+00 2.039762127795970506e-02 3.149491601388707679e-02
0.000000000000000000e+00 0.000000000000000000e+00 2.619260094485213047e-03 2.566745130848926970e-02 3.586042349549219826e-02
0.000000000000000000e+00 0.000000000000000000e+00 1.192340169508700025e-02 4.458921314172636929e-02 4.587200084164862190e-02
0.000000000000000000e+00 0.000000000000000000e+00 2.992788737837108470e-02 7.189548434792453202e-02 5.766755949961367006e-02
0.000000000000000000e+00 0.000000000000000000e+00 6.161585372237222274e-02 9.387836177755909395e-02 6.802668946206801015e-02
5.286806095959687042e-03 0.000000000000000000e+00 7.744749414968128687e-02 8.809646555120595468e-02 7.174832770934436166e-02
8.113908260442438680e-02 0.000000000000000000e+00 4.293846909363279590e-02 4.683045012785825439e-02 6.756017377123461898e-02
1.366472920657998413e-01 0.000000000000000000e+00 0.000000000000000000e+00 1.225113753452476001e-02 4.195597696350582967e-02
1.192084712078814446e-01 4.278483674709463586e-02 0.000000000000000000e+00 0.000000000000000000e+00 1.406124307946596957e-02
4.643438650393016953e-02 1.155431331137042189e-01 0.000000000000000000e+00 0.000000000000000000e+00 1.652026546813826872e-03
0.000000000000000000e+00 1.206813468795408517e-01 5.025142373673237121e-03 0.000000000000000000e+00 0.000000000000000000e+00
0.000000000000000000e+00 7.405003968968462691e-02 9.529589173891909321e-03 0.000000000000000000e+00 0.000000000000000000e+00
0.000000000000000000e+00 3.110989803862656070e-02 6.110458027826753090e-03 0.000000000000000000e+00 0.000000000000000000e+00
0.000000000000000000e+00 5.997987116020967770e-03 1.000647620166258316e-03 0.000000000000000000e+00 6.068773240743690760e-05
0.000000000000000000e+00 1.037653549599265763e-03 2.495110911228554671e-04 0.000000000000000000e+00 2.273411540459974113e-04
0.000000000000000000e+00 0.000000000000000000e+00 0.000000000000000000e+00 0.000000000000000000e+00 0.000000000000000000e+00
0.000000000000000000e+00 0.000000000000000000e+00 0.000000000000000000e+00 0.000000000000000000e+00 0.000000000000000000e+00
0.000000000000000000e+00 0.000000000000000000e+00 0.000000000000000000e+00 0.000000000000000000e+00 0.000000000000000000e+00
0.000000000000000000e+00 0.000000000000000000e+00 0.000000000000000000e+00 0.000000000000000000e+00 0.000000000000000000e+00
6.895542420137397151e-05 9.073691241939841094e-05 1.382642567977101509e-05 1.020539938533072692e-05 0.000000000000000000e+00
0.000000000000000000e+00 1.564565628013672499e-03 1.901628025946124415e-03 0.000000000000000000e+00 0.000000000000000000e+00
4.355545847908592894e-03 4.073984590424388312e-03 8.755339008919844901e-03 5.591249804572063446e-04 0.000000000000000000e+00
1.054168621470230778e-02 5.470117567008690035e-03 3.248136757502983335e-02 1.834854819297086076e-02 0.000000000000000000e+00
2.032043201569585372e-02 5.492751340220924060e-03 3.422659743671362109e-02 7.135189330925420514e-02 0.000000000000000000e+00
3.222837327088187015e-02 4.306218343495775772e-03 1.619333286164068714e-02 8.494891444744194497e-02 0.000000000000000000e+00
3.437036347012709103e-02 6.586629141044982212e-03 0.000000000000000000e+00 6.839654166510587829e-02 0.000000000000000000e+00
2.717645031400385200e-02 6.168001045504716527e-03 0.000000000000000000e+00 5.165221543664649112e-02 0.000000000000000000e+00
1.898696943168463186e-02 6.293662615385056495e-03 0.000000000000000000e+00 4.178409649612533500e-02 1.909139482123675636e-03
1.097020910027010111e-02 4.468232904533387903e-04 0.000000000000000000e+00 4.021993024839376485e-02 4.823816995311526641e-03
1.706168468297815984e-03 0.000000000000000000e+00 0.000000000000000000e+00 5.118058135120220897e-02 8.623185016535457256e-03
0.000000000000000000e+00 0.000000000000000000e+00 5.861212807733926812e-03 7.380521755775519555e-02 1.665828762867815199e-02
0.000000000000000000e+00 0.000000000000000000e+00 4.174885812902869725e-02 1.011362094525892624e-01 2.260207774791118604e-02
0.000000000000000000e+00 0.000000000000000000e+00 8.420652233934304565e-02 1.089755924345434668e-01 3.606871411108159703e-02
1.832089268398438830e-02 0.000000000000000000e+00 9.893702944570184621e-02 7.856894709673246935e-02 5.837142916298695278e-02
9.334819442516220644e-02 0.000000000000000000e+00 4.811156246894923022e-02 3.106026818613159476e-02 6.747283411357833660e-02
1.394728020464258422e-01 0.000000000000000000e+00 0.000000000000000000e+00 3.246032251406353892e-03 5.453286146939709256e-02
1.121118951381848833e-01 4.822473918160914003e-02 0.000000000000000000e+00 0.000000000000000000e+00 2.373941752823679682e-02
4.430355405628257082e-02 1.163850451225798277e-01 0.000000000000000000e+00 0.000000000000000000e+00 5.847490820651156732e-03
0.000000000000000000e+00 1.199217537751375712e-01 6.140173403512157570e-04 0.000000000000000000e+00 1.028651498343823674e-03
0.000000000000000000e+00 7.645488119067769817e-02 6.040417060838769100e-03 0.000000000000000000e+00 2.584250957450977835e-04
0.000000000000000000e+00 3.211646937216396797e-02 5.740158790749772498e-03 0.000000000000000000e+00 4.345886176333981681e-04
0.000000000000000000e+00 5.410231834983703428e-03 5.107626533861245018e-04 0.000000000000000000e+00 3.764263415891511339e-04
0.000000000000000000e+00 7.632740052340748760e-04 1.835346006817165337e-04 0.000000000000000000e+00 1.672269065819114852e-04
0.000000000000000000e+00 0.000000000000000000e+00 0.000000000000000000e+00 0.000000000000000000e+00 0.000000000000000000e+00
0.000000000000000000e+00 0.000000000000000000e+00 0.000000000000000000e+00 0.000000000000000000e+00 0.000000000000000000e+00
0.000000000000000000e+00 0.000000000000000000e+00 0.000000000000000000e+00 0.000000000000000000e+00 0.000000000000000000e+00
0.000000000000000000e+00 0.000000000000000000e+00 0.000000000000000000e+00 0.000000000000000000e+00 0.000000000000000000e+00
4.497123995555249573e-04 8.877515162956611632e-04 4.760016016394933097e-04 0.000000000000000000e+00 0.000000000000000000e+00
5.425826126763265189e-05 2.195895465055882484e-03 2.083957896514265599e-03 0.000000000000000000e+00 0.000000000000000000e+00
4.763601969468646974e-03 7.126222860653654012e-03 1.241191464304537521e-02 0.000000000000000000e+00 0.000000000000000000e+00
1.208210596722286180e-02 5.845115564966308665e-03 5.851347574508752175e-02 1.317137646440345693e-02 0.000000000000000000e+00
2.436141543353513572e-02 8.093579079536466006e-03 8.703056676391918156e-02 6.980037000102549960e-02 0.000000000000000000e+00
3.971243605686391315e-02 1.356279802885682409e-02 6.400817305436673488e-02 1.001883470409501292e-01 0.000000000000000000e+00
5.479028318971980449e-02 1.629075719972253658e-02 1.507659758417364756e-02 1.006334441377280536e-01 0.000000000000000000e+00
5.511631550201174373e-02 1.236487723963329739e-02 0.000000000000000000e+00 9.362151345257303803e-02 0.000000000000000000e+00
4.128292318278770773e-02 1.079096229865090552e-02 0.000000000000000000e+00 9.072659338616766156e-02 0.000000000000000000e+00
2.994310865094686192e-02 3.528982497959281834e-03 0.000000000000000000e+00 9.212876797200909851e-02 0.000000000000000000e+00
1.825210804703671086e-02 0.000000000000000000e+00 0.000000000000000000e+00 1.041369446016004313e-01 0.000000000000000000e+00
3.855842207441494487e-03 0.000000000000000000e+00 2.472955718332647476e-02 1.191164637580038183e-01 0.000000000000000000e+00
0.000000000000000000e+00 0.000000000000000000e+00 7.483875557692197533e-02 1.231530455275182817e-01 0.000000000000000000e+00
6.557530461347983904e-03 0.000000000000000000e+00 1.168176127997835462e-01 9.378584366973186093e-02 2.069035312648240948e-02
5.826463427160063352e-02 0.000000000000000000e+00 1.020212187910568558e-01 4.664529677852630174e-02 5.212018626445266006e-02
1.155222766921406297e-01 0.000000000000000000e+00 4.071393394911061031e-02 8.762620396106148360e-03 7.096847032920969300e-02
1.360885686218205048e-01 6.522984051443569140e-04 0.000000000000000000e+00 0.000000000000000000e+00 6.070473586950244499e-02
8.780076990980326124e-02 8.040368773378349376e-02 0.000000000000000000e+00 0.000000000000000000e+00 3.032482365747655312e-02
2.717729719119528486e-02 1.215963346375177057e-01 0.000000000000000000e+00 0.000000000000000000e+00 1.077736038097752008e-02
0.000000000000000000e+00 1.129477509910994382e-01 0.000000000000000000e+00 0.000000000000000000e+00 5.069727440116148821e-03
0.000000000000000000e+00 6.815051593210406933e-02 4.464640018326489386e-03 0.000000000000000000e+00 2.024952425533322123e-03
0.000000000000000000e+00 2.711562274701169450e-02 3.158535323394401611e-03 0.000000000000000000e+00 2.343559352586851909e-03
0.000000000000000000e+00 4.213400629503447591e-03 0.000000000000000000e+00 1.914686847126271499e-04 8.218521147593376439e-04
0.000000000000000000e+00 1.945600405498622764e-04 4.678332958553549494e-05 0.000000000000000000e+00 4.262646638362453156e-05
0.000000000000000000e+00 0.000000000000000000e+00 0.000000000000000000e+00 0.000000000000000000e+00 0.000000000000000000e+00
0.000000000000000000e+00 0.000000000000000000e+00 0.000000000000000000e+00 0.000000000000000000e+00 0.000000000000000000e+00
0.000000000000000000e+00 0.000000000000000000e+00 0.000000000000000000e+00 0.000000000000000000e+00 0.000000000000000000e+00
0.000000000000000000e+00 0.000000000000000000e+00 0.000000000000000000e+00 0.000000000000000000e+00 0.000000000000000000e+00
1.372127822257574749e-04 4.369904918353818856e-04 3.617868282669817019e-04 0.000000000000000000e+00 0.000000000000000000e+00
5.648471255861716106e-04 9.531599303598299469e-04 2.373009439624007479e-03 0.000000000000000000e+00 0.000000000000000000e+00
3.650823702831762930e-03 6.203545206645367030e-03 1.298721106102681926e-02 0.000000000000000000e+00 0.000000000000000000e+00
7.764206548146099750e-03 1.023780564090059908e-02 6.211069234469368538e-02 7.886290147159978441e-04 0.000000000000000000e+00
1.190874082598685803e-02 1.794772987421300661e-02 1.221652270774182397e-01 3.649523482349343456e-02 0.000000000000000000e+00
2.863182484629235580e-02 2.963168840423142589e-02 1.220326232753376067e-01 7.713618825835397153e-02 0.000000000000000000e+00
5.382378043971575848e-02 3.808053887403021337e-02 7.711159684247401169e-02 9.769372715812794927e-02 0.000000000000000000e+00
7.108702576860942424e-02 3.149865428487078067e-02 3.532687665549372885e-02 1.140830133202233726e-01 0.000000000000000000e+00
6.611187989389583075e-02 2.408994620372298390e-02 1.990860080985977151e-02 1.195926948415357710e-01 0.000000000000000000e+00
5.242251619530973600e-02 1.512002699856548373e-02 2.383856396240063846e-02 1.266414286309395509e-01 0.000000000000000000e+00
3.794921606019109606e-02 4.235410117198833320e-03 4.690676780030644116e-02 1.258763605703529520e-01 0.000000000000000000e+00
2.738461846346891895e-02 0.000000000000000000e+00 9.199015246905661858e-02 1.156657652336711972e-01 0.000000000000000000e+00
3.065230237143478156e-02 0.000000000000000000e+00 1.314397140181050305e-01 8.786352004775106750e-02 0.000000000000000000e+00
5.897277149411612324e-02 0.000000000000000000e+00 1.291325462198454621e-01 4.496235379271859567e-02 2.476415408832690832e-02
1.041242970404777507e-01 0.000000000000000000e+00 8.111627654747635696e-02 6.434180967559707982e-03 5.789755144537836462e-02
1.289617506624125554e-01 0.000000000000000000e+00 1.637609582158609453e-02 0.000000000000000000e+00 7.681753781844770368e-02
1.106690740939857004e-01 5.577002326537819354e-02 0.000000000000000000e+00 0.000000000000000000e+00 6.399374525957554627e-02
5.111216038830806302e-02 1.135270182008701889e-01 0.000000000000000000e+00 0.000000000000000000e+00 3.319920736313769494e-02
2.475819935659060844e-03 1.206748168271440935e-01 0.000000000000000000e+00 0.000000000000000000e+00 1.431923244383904656e-02
0.000000000000000000e+00 8.896489624400649721e-02 0.000000000000000000e+00 0.000000000000000000e+00 7.070263369487034093e-03
0.000000000000000000e+00 4.995678392498692499e-02 2.297521284843298105e-03 0.000000000000000000e+00 3.460831807060424283e-03
0.000000000000000000e+00 1.995760145783216991e-02 4.653599526083506961e-04 1.672555799662855445e-05 3.413887224363173437e-03
0.000000000000000000e+00 3.021275113353566900e-03 0.000000000000000000e+00 2.096928923398661806e-04 4.269585919498226695e-04
0.000000000000000000e+00 0.000000000000000000e+00 0.000000000000000000e+00 0.000000000000000000e+00 0.000000000000000000e+00
0.000000000000000000e+00 0.000000000000000000e+00 4.499683787463233382e-05 0.000000000000000000e+00 2.920380040451410242e-05
0.000000000000000000e+00 0.000000000000000000e+00 1.323436408077425250e-04 0.000000000000000000e+00 8.589353060151202687e-05
0.000000000000000000e+00 0.000000000000000000e+00 0.000000000000000000e+00 0.000000000000000000e+00 0.000000000000000000e+00
0.000000000000000000e+00 0.000000000000000000e+00 0.000000000000000000e+00 0.000000000000000000e+00 0.000000000000000000e+00
1.335815732735593146e-06 9.412553465408624322e-06 1.024617457845368794e-05 0.000000000000000000e+00 0.000000000000000000e+00
6.425688781158643559e-04 0.000000000000000000e+00 1.476588135966621024e-03 0.000000000000000000e+00 0.000000000000000000e+00
2.364175108407914200e-03 2.774936851502511712e-03 8.488475710345283129e-03 0.000000000000000000e+00 0.000000000000000000e+00
3.717838947859291275e-03 1.042576796741294040e-02 4.379004988745175547e-02 0.000000000000000000e+00 0.000000000000000000e+00
2.014660900870167241e-03 2.151096848184514548e-02 1.152711661874662868e-01 0.000000000000000000e+00 0.000000000000000000e+00
1.349396730687009438e-02 3.394076031772231411e-02 1.523501949652375786e-01 1.311147655937828192e-02 0.000000000000000000e+00
3.822774587431232440e-02 4.849658075636279625e-02 1.420397706387807879e-01 4.131440045730064986e-02 0.000000000000000000e+00
6.484926547804957531e-02 5.411058848986380343e-02 1.182502994002917335e-01 6.080138323334680767e-02 0.000000000000000000e+00
7.493192903286637063e-02 4.747691419401281476e-02 1.023300568227493712e-01 7.306050802617333750e-02 0.000000000000000000e+00
6.911697350811217555e-02 4.224763046714571924e-02 1.057263520457949746e-01 7.632987752046654917e-02 0.000000000000000000e+00
6.163916461439242905e-02 3.444978891090617890e-02 1.267853716288479260e-01 6.747407456415531468e-02 0.000000000000000000e+00
6.753853743527606091e-02 2.020126300569623917e-02 1.375677744244219736e-01 4.806269031875477077e-02 0.000000000000000000e+00
8.450608325876056426e-02 9.056180857706376888e-03 1.246537217565418521e-01 2.221173756439621602e-02 1.998475714929729904e-02
1.045941112450307076e-01 1.140269321105668275e-02 8.494246164562359314e-02 0.000000000000000000e+00 5.262076874403711496e-02
1.166458966309335959e-01 2.948439894087318339e-02 2.953300506068727918e-02 0.000000000000000000e+00 7.896794411992547058e-02
1.032325206055620670e-01 6.798769566800898223e-02 0.000000000000000000e+00 0.000000000000000000e+00 8.221145962465588319e-02
5.747548400290697357e-02 1.104384650843433235e-01 0.000000000000000000e+00 0.000000000000000000e+00 5.956112927291948300e-02
1.228400284051890320e-02 1.241262036268911267e-01 0.000000000000000000e+00 0.000000000000000000e+00 2.971562075407908551e-02
0.000000000000000000e+00 1.015590585602784840e-01 0.000000000000000000e+00 0.000000000000000000e+00 1.315296164668507128e-02
0.000000000000000000e+00 6.252939364589095439e-02 0.000000000000000000e+00 2.345869364453854078e-04 7.924764562374489799e-03
0.000000000000000000e+00 3.243767206638297623e-02 0.000000000000000000e+00 4.789350896327947789e-04 5.393661284008048964e-03
0.000000000000000000e+00 1.049973093652851845e-02 0.000000000000000000e+00 4.752676662200161950e-04 2.482767252020272146e-03
0.000000000000000000e+00 1.702211774182565843e-03 0.000000000000000000e+00 3.392677791608956096e-04 5.094811209699204920e-04
0.000000000000000000e+00 7.037925340727065137e-06 0.000000000000000000e+00 3.023190091343719055e-06 4.388121277202992678e-06
0.000000000000000000e+00 0.000000000000000000e+00 0.000000000000000000e+00 0.000000000000000000e+00 0.000000000000000000e+00
0.000000000000000000e+00 0.000000000000000000e+00 0.000000000000000000e+00 0.000000000000000000e+00 0.000000000000000000e+00
0.000000000000000000e+00 0.000000000000000000e+00 0.000000000000000000e+00 0.000000000000000000e+00 0.000000000000000000e+00
0.000000000000000000e+00 0.000000000000000000e+00 0.000000000000000000e+00 0.000000000000000000e+00 0.000000000000000000e+00
0.000000000000000000e+00 0.000000000000000000e+00 0.000000000000000000e+00 0.000000000000000000e+00 0.000000000000000000e+00
1.581096721413742425e-04 0.000000000000000000e+00 4.310515125040607866e-04 0.000000000000000000e+00 0.000000000000000000e+00
1.374613282821076895e-03 9.651567287486995149e-04 4.059305678370737219e-03 0.000000000000000000e+00 0.000000000000000000e+00
7.795488777073423777e-04 5.723846650903653341e-03 2.242212789534721307e-02 0.000000000000000000e+00 1.455910712664111898e-03
0.000000000000000000e+00 1.496631152927634101e-02 5.996144238546157607e-02 0.000000000000000000e+00 8.355444687115449673e-03
1.673865112886881341e-03 2.517944626858876003e-02 1.051004553079062237e-01 0.000000000000000000e+00 1.524225022507827952e-02
1.999211527513838557e-02 4.229811415614702363e-02 1.289557810648020442e-01 0.000000000000000000e+00 1.934387493195314708e-02
4.349000876587937742e-02 5.827509308077973016e-02 1.349150612006059513e-01 0.000000000000000000e+00 2.339127577058436672e-02
6.138934777715393531e-02 6.526703815654903706e-02 1.314895005349440149e-01 0.000000000000000000e+00 2.719970262666189173e-02
7.614822531602083444e-02 6.926345515638850092e-02 1.211235153453082553e-01 1.919119173454512852e-03 3.156769745970275376e-02
8.562607682500640582e-02 6.601655785510286700e-02 1.094161579863003886e-01 0.000000000000000000e+00 3.798995449542880154e-02
9.369808631217678430e-02 6.442437817954665968e-02 8.866566610809489823e-02 0.000000000000000000e+00 5.284933643492807642e-02
1.007928727708910788e-01 6.457241070701398578e-02 5.576093022258893361e-02 0.000000000000000000e+00 7.259048956302319167e-02
9.850008327653284046e-02 7.836416972941742665e-02 1.424487200620654093e-02 0.000000000000000000e+00 9.025469008651405833e-02
8.271744922446375159e-02 9.737867505188979589e-02 0.000000000000000000e+00 0.000000000000000000e+00 9.270212429702837098e-02
4.240316567952659432e-02 1.177727517218389586e-01 0.000000000000000000e+00 0.000000000000000000e+00 7.894414068782078242e-02
8.328236887733944660e-03 1.201144620540042923e-01 0.000000000000000000e+00 0.000000000000000000e+00 5.120291945999733141e-02
0.000000000000000000e+00 9.568619259555452561e-02 0.000000000000000000e+00 8.181926611808269150e-04 2.084786866075852632e-02
0.000000000000000000e+00 6.093775422641727058e-02 0.000000000000000000e+00 1.755728736800573426e-04 1.133170298032218533e-02
0.000000000000000000e+00 3.452370957202385848e-02 0.000000000000000000e+00 4.389332964967300205e-04 6.759313920460426929e-03
0.000000000000000000e+00 1.772189603744978026e-02 0.000000000000000000e+00 5.444268272264770779e-04 3.954747999335336481e-03
0.000000000000000000e+00 4.354467593857952283e-03 0.000000000000000000e+00 5.998157561128079603e-04 1.347694625281439232e-03
0.000000000000000000e+00 5.390860659016754285e-04 0.000000000000000000e+00 5.140825384287698875e-05 2.936633338695064199e-04
0.000000000000000000e+00 0.000000000000000000e+00 0.000000000000000000e+00 0.000000000000000000e+00 0.000000000000000000e+00
0.000000000000000000e+00 0.000000000000000000e+00 0.000000000000000000e+00 0.000000000000000000e+00 0.000000000000000000e+00
0.000000000000000000e+00 0.000000000000000000e+00 0.000000000000000000e+00 0.000000000000000000e+00 0.000000000000000000e+00
0.000000000000000000e+00 0.000000000000000000e+00 0.000000000000000000e+00 0.000000000000000000e+00 0.000000000000000000e+00
0.000000000000000000e+00 0.000000000000000000e+00 0.000000000000000000e+00 0.000000000000000000e+00 0.000000000000000000e+00
0.000000000000000000e+00 0.000000000000000000e+00 0.000000000000000000e+00 0.000000000000000000e+00 0.000000000000000000e+00
6.212232423330744631e-04 0.000000000000000000e+00 0.000000000000000000e+00 0.000000000000000000e+00 7.761726851107468832e-06
1.351781609824505379e-03 4.762836038420468874e-05 2.512429007528502612e-03 0.000000000000000000e+00 0.000000000000000000e+00
1.163853320004823270e-03 2.926168072821119619e-03 7.757172831083855059e-03 0.000000000000000000e+00 7.480762447103785594e-04
0.000000000000000000e+00 6.824277090583597168e-03 1.922525712095625450e-02 0.000000000000000000e+00 1.387086971755764099e-02
0.000000000000000000e+00 1.206096552761579815e-02 4.088798055842418622e-02 0.000000000000000000e+00 2.863354092611585661e-02
0.000000000000000000e+00 2.046223378936148224e-02 6.241449630890133493e-02 0.000000000000000000e+00 4.537379408015795174e-02
1.566789863976969510e-02 2.984974303376172061e-02 7.147281493338021596e-02 0.000000000000000000e+00 6.435093867415847546e-02
3.734593559183404382e-02 4.023164431049901929e-02 6.931794436618908539e-02 0.000000000000000000e+00 8.195496753817581304e-02
5.361402403034963571e-02 5.433885775247541960e-02 5.596942350171014990e-02 0.000000000000000000e+00 9.539472435352193413e-02
6.642280599373170946e-02 6.875340187717343676e-02 3.341336058282755317e-02 0.000000000000000000e+00 1.042829697168674435e-01
6.578028349398680474e-02 7.931942568187046183e-02 1.171699841945389280e-02 0.000000000000000000e+00 1.118833419197828305e-01
5.992417869354938614e-02 8.706263953167256431e-02 0.000000000000000000e+00 0.000000000000000000e+00 1.137279086462654604e-01
4.343536671044179870e-02 9.439673157327695130e-02 0.000000000000000000e+00 0.000000000000000000e+00 1.064123394254660321e-01
1.911785079853596872e-02 9.780210676267703240e-02 0.000000000000000000e+00 0.000000000000000000e+00 8.560678232458217296e-02
0.000000000000000000e+00 8.595955124956462801e-02 0.000000000000000000e+00 0.000000000000000000e+00 5.901572742688488554e-02
0.000000000000000000e+00 6.484558328228307023e-02 0.000000000000000000e+00 1.058620091252782347e-04 3.132916792859680860e-02
0.000000000000000000e+00 4.342388310180612249e-02 0.000000000000000000e+00 3.135018853459491063e-04 1.385015480276132437e-02
0.000000000000000000e+00 2.728959556533800887e-02 0.000000000000000000e+00 3.909494741167850846e-04 6.991965849594027234e-03
0.000000000000000000e+00 1.346010477959167298e-02 0.000000000000000000e+00 6.251140031574090863e-04 3.530907517959459407e-03
0.000000000000000000e+00 5.854698345734784745e-03 0.000000000000000000e+00 5.646148952474623834e-04 1.523843594608803587e-03
0.000000000000000000e+00 8.726857867379049635e-04 0.000000000000000000e+00 5.095004013866877464e-05 5.942658311507639530e-04
0.000000000000000000e+00 4.545020650470758729e-05 0.000000000000000000e+00 0.000000000000000000e+00 6.610338243642652168e-05
0.000000000000000000e+00 0.000000000000000000e+00 0.000000000000000000e+00 0.000000000000000000e+00 0.000000000000000000e+00
0.000000000000000000e+00 0.000000000000000000e+00 0.000000000000000000e+00 0.000000000000000000e+00 0.000000000000000000e+00
0.000000000000000000e+00 0.000000000000000000e+00 0.000000000000000000e+00 0.000000000000000000e+00 0.000000000000000000e+00
0.000000000000000000e+00 0.000000000000000000e+00 0.000000000000000000e+00 0.000000000000000000e+00 0.000000000000000000e+00
0.000000000000000000e+00 0.000000000000000000e+00 0.000000000000000000e+00 0.000000000000000000e+00 0.000000000000000000e+00
0.000000000000000000e+00 0.000000000000000000e+00 0.000000000000000000e+00 0.000000000000000000e+00 0.000000000000000000e+00
3.166640103078494930e-04 0.000000000000000000e+00 0.000000000000000000e+00 7.529712806003093323e-07 5.072431024919367670e-06
1.348655713561485977e-03 0.000000000000000000e+00 3.507697309975606214e-04 0.000000000000000000e+00 0.000000000000000000e+00
1.612222539413869218e-03 7.697505779101606249e-04 1.657055236608457162e-03 0.000000000000000000e+00 0.000000000000000000e+00
7.973101732448839010e-04 0.000000000000000000e+00 2.929839499071735381e-03 0.000000000000000000e+00 5.075446522032290610e-03
0.000000000000000000e+00 0.000000000000000000e+00 5.310589775803990602e-03 0.000000000000000000e+00 1.559328342958014348e-02
0.000000000000000000e+00 5.269209095095994189e-04 8.084121689779420750e-03 0.000000000000000000e+00 3.650167404081181705e-02
0.000000000000000000e+00 7.890338944757380180e-03 1.117987711463105244e-02 0.000000000000000000e+00 5.806922728298218039e-02
0.000000000000000000e+00 1.291091640115933810e-02 8.798043204968615180e-03 0.000000000000000000e+00 8.064070843735186844e-02
1.282272546220707436e-03 1.684240251367049787e-02 7.624790343937014716e-04 0.000000000000000000e+00 1.003620958072061892e-01
4.519999967816816511e-03 2.285507690854945290e-02 0.000000000000000000e+00 0.000000000000000000e+00 1.108743960488771524e-01
3.344531700906136929e-03 3.109592656829283930e-02 0.000000000000000000e+00 0.000000000000000000e+00 1.072220751949445883e-01
0.000000000000000000e+00 3.895754380624917579e-02 0.000000000000000000e+00 0.000000000000000000e+00 9.365153552245622515e-02
0.000000000000000000e+00 4.254025797756657429e-02 0.000000000000000000e+00 0.000000000000000000e+00 7.093033880415340608e-02
0.000000000000000000e+00 3.813852398928902626e-02 0.000000000000000000e+00 0.000000000000000000e+00 4.644744407140613540e-02
0.000000000000000000e+00 2.695037153120842174e-02 0.000000000000000000e+00 0.000000000000000000e+00 2.816483293155653753e-02
0.000000000000000000e+00 1.795162630657214098e-02 0.000000000000000000e+00 5.140133718198235330e-04 1.399093699727968834e-02
0.000000000000000000e+00 1.138651520116139987e-02 0.000000000000000000e+00 8.570956307685294144e-04 6.479300223529301309e-03
0.000000000000000000e+00 7.973827451329525140e-03 0.000000000000000000e+00 6.607348463855691138e-04 2.832566735842587287e-03
0.000000000000000000e+00 4.427416994219608541e-03 0.000000000000000000e+00 6.438887676018149138e-04 1.950771909296326401e-03
0.000000000000000000e+00 1.558343480737496480e-03 0.000000000000000000e+00 2.430765866320169723e-04 1.067513950922864292e-03
0.000000000000000000e+00 4.545020650470758729e-05 0.000000000000000000e+00 0.000000000000000000e+00 6.610338243642652168e-05
0.000000000000000000e+00 0.000000000000000000e+00 0.000000000000000000e+00 0.000000000000000000e+00 0.000000000000000000e+00
0.000000000000000000e+00 0.000000000000000000e+00 0.000000000000000000e+00 0.000000000000000000e+00 0.000000000000000000e+00
0.000000000000000000e+00 0.000000000000000000e+00 0.000000000000000000e+00 0.000000000000000000e+00 0.000000000000000000e+00
0.000000000000000000e+00 0.000000000000000000e+00 0.000000000000000000e+00 0.000000000000000000e+00 0.000000000000000000e+00
0.000000000000000000e+00 0.000000000000000000e+00 0.000000000000000000e+00 0.000000000000000000e+00 0.000000000000000000e+00
0.000000000000000000e+00 0.000000000000000000e+00 0.000000000000000000e+00 0.000000000000000000e+00 0.000000000000000000e+00
0.000000000000000000e+00 0.000000000000000000e+00 0.000000000000000000e+00 0.000000000000000000e+00 0.000000000000000000e+00
0.000000000000000000e+00 0.000000000000000000e+00 0.000000000000000000e+00 0.000000000000000000e+00 0.000000000000000000e+00
0.000000000000000000e+00 0.000000000000000000e+00 0.000000000000000000e+00 0.000000000000000000e+00 0.000000000000000000e+00
0.000000000000000000e+00 1.258088284503962957e-04 5.583404781048144572e-05 0.000000000000000000e+00 5.745507390933467115e-05
0.000000000000000000e+00 2.000963084708768020e-04 3.606184059976102552e-04 2.117861691435654137e-04 1.270850140139315534e-03
0.000000000000000000e+00 6.266302194149837499e-05 9.130102160943033823e-04 8.590414145165486937e-05 3.702528081524370657e-03
0.000000000000000000e+00 0.000000000000000000e+00 3.034449775876800677e-04 1.295139360702873658e-03 9.984170314909137506e-03
0.000000000000000000e+00 0.000000000000000000e+00 0.000000000000000000e+00 1.663531123118911327e-03 1.778910802017768036e-02
0.000000000000000000e+00 1.183418473055982941e-03 0.000000000000000000e+00 1.787332388418400725e-03 2.512546581000769594e-02
0.000000000000000000e+00 1.320482877784850875e-03 0.000000000000000000e+00 1.182420098864831902e-03 2.625386093345515384e-02
0.000000000000000000e+00 2.057210987111461435e-03 0.000000000000000000e+00 9.990460474097106677e-04 2.722476701373040264e-02
0.000000000000000000e+00 3.763815132640965701e-03 0.000000000000000000e+00 9.170249669433676136e-04 2.462585080414537650e-02
0.000000000000000000e+00 3.828119059701143821e-03 0.000000000000000000e+00 6.886619457655144324e-04 1.731947618436353170e-02
0.000000000000000000e+00 4.064747481452899748e-03 0.000000000000000000e+00 8.393148163274089576e-04 1.232952718742740678e-02
0.000000000000000000e+00 3.154782249011640373e-03 0.000000000000000000e+00 5.406553877030739839e-04 8.555646259421820915e-03
0.000000000000000000e+00 2.053569063390396979e-03 0.000000000000000000e+00 4.908296579414477695e-04 5.484490141798227525e-03
0.000000000000000000e+00 1.505210478350143448e-03 0.000000000000000000e+00 6.834672748469603973e-04 2.807964992490681686e-03
0.000000000000000000e+00 9.187445223916184452e-04 0.000000000000000000e+00 2.256500175786023746e-04 4.981765919087670315e-04
0.000000000000000000e+00 1.709651137460389554e-04 0.000000000000000000e+00 0.000000000000000000e+00 1.515977611954595718e-05
0.000000000000000000e+00 0.000000000000000000e+00 0.000000000000000000e+00 0.000000000000000000e+00 0.000000000000000000e+00
0.000000000000000000e+00 0.000000000000000000e+00 0.000000000000000000e+00 0.000000000000000000e+00 0.000000000000000000e+00
0.000000000000000000e+00 0.000000000000000000e+00 0.000000000000000000e+00 0.000000000000000000e+00 0.000000000000000000e+00
0.000000000000000000e+00 0.000000000000000000e+00 0.000000000000000000e+00 0.000000000000000000e+00 0.000000000000000000e+00
0.000000000000000000e+00 0.000000000000000000e+00 0.000000000000000000e+00 0.000000000000000000e+00 0.000000000000000000e+00
0.000000000000000000e+00 0.000000000000000000e+00 0.000000000000000000e+00 0.000000000000000000e+00 0.000000000000000000e+00
0.000000000000000000e+00 0.000000000000000000e+00 0.000000000000000000e+00 0.000000000000000000e+00 0.000000000000000000e+00
0.000000000000000000e+00 0.000000000000000000e+00 0.000000000000000000e+00 0.000000000000000000e+00 0.000000000000000000e+00
0.000000000000000000e+00 0.000000000000000000e+00 0.000000000000000000e+00 0.000000000000000000e+00 0.000000000000000000e+00
0.000000000000000000e+00 0.000000000000000000e+00 0.000000000000000000e+00 0.000000000000000000e+00 0.000000000000000000e+00
0.000000000000000000e+00 0.000000000000000000e+00 0.000000000000000000e+00 0.000000000000000000e+00 0.000000000000000000e+00
0.000000000000000000e+00 0.000000000000000000e+00 0.000000000000000000e+00 0.000000000000000000e+00 0.000000000000000000e+00
0.000000000000000000e+00 0.000000000000000000e+00 0.000000000000000000e+00 0.000000000000000000e+00 0.000000000000000000e+00
0.000000000000000000e+00 0.000000000000000000e+00 0.000000000000000000e+00 2.088528887754375360e-04 3.809352970545842160e-04
0.000000000000000000e+00 0.000000000000000000e+00 0.000000000000000000e+00 2.088528887754375360e-04 3.809352970545842160e-04
0.000000000000000000e+00 0.000000000000000000e+00 0.000000000000000000e+00 2.403524355712772262e-04 4.478005636867797503e-04
0.000000000000000000e+00 0.000000000000000000e+00 0.000000000000000000e+00 4.858414614573805393e-04 8.183096667382711758e-04
0.000000000000000000e+00 0.000000000000000000e+00 0.000000000000000000e+00 9.485068624391155678e-04 1.559834350000412727e-03
0.000000000000000000e+00 0.000000000000000000e+00 0.000000000000000000e+00 9.720963853479251031e-04 1.964129902597836104e-03
0.000000000000000000e+00 0.000000000000000000e+00 0.000000000000000000e+00 1.125656906667060059e-03 2.322902181015916619e-03
0.000000000000000000e+00 4.226412869017009993e-05 0.000000000000000000e+00 1.252235733238233782e-03 1.744115237866001060e-03
0.000000000000000000e+00 0.000000000000000000e+00 0.000000000000000000e+00 1.127897291578167094e-03 1.294232746189910403e-03
0.000000000000000000e+00 0.000000000000000000e+00 0.000000000000000000e+00 2.813481071910867398e-04 1.284206665211898996e-03
0.000000000000000000e+00 0.000000000000000000e+00 0.000000000000000000e+00 4.004504892199290154e-05 1.108855810461219140e-03
0.000000000000000000e+00 0.000000000000000000e+00 0.000000000000000000e+00 2.994398893127242075e-05 8.447758350746132749e-04
0.000000000000000000e+00 1.506354837755347675e-07 0.000000000000000000e+00 4.222376171433987993e-06 1.134350792743492249e-04
0.000000000000000000e+00 0.000000000000000000e+00 0.000000000000000000e+00 0.000000000000000000e+00 0.000000000000000000e+00
0.000000000000000000e+00 0.000000000000000000e+00 0.000000000000000000e+00 0.000000000000000000e+00 0.000000000000000000e+00
0.000000000000000000e+00 0.000000000000000000e+00 0.000000000000000000e+00 0.000000000000000000e+00 0.000000000000000000e+00
0.000000000000000000e+00 0.000000000000000000e+00 0.000000000000000000e+00 0.000000000000000000e+00 0.000000000000000000e+00
0.000000000000000000e+00 0.000000000000000000e+00 0.000000000000000000e+00 0.000000000000000000e+00 0.000000000000000000e+00
0.000000000000000000e+00 0.000000000000000000e+00 0.000000000000000000e+00 0.000000000000000000e+00 0.000000000000000000e+00
0.000000000000000000e+00 0.000000000000000000e+00 0.000000000000000000e+00 0.000000000000000000e+00 0.000000000000000000e+00
0.000000000000000000e+00 0.000000000000000000e+00 0.000000000000000000e+00 0.000000000000000000e+00 0.000000000000000000e+00
0.000000000000000000e+00 0.000000000000000000e+00 0.000000000000000000e+00 0.000000000000000000e+00 0.000000000000000000e+00
0.000000000000000000e+00 0.000000000000000000e+00 0.000000000000000000e+00 0.000000000000000000e+00 0.000000000000000000e+00
0.000000000000000000e+00 0.000000000000000000e+00 0.000000000000000000e+00 0.000000000000000000e+00 0.000000000000000000e+00
0.000000000000000000e+00 0.000000000000000000e+00 0.000000000000000000e+00 0.000000000000000000e+00 0.000000000000000000e+00
0.000000000000000000e+00 0.000000000000000000e+00 0.000000000000000000e+00 0.000000000000000000e+00 0.000000000000000000e+00
0.000000000000000000e+00 0.000000000000000000e+00 0.000000000000000000e+00 0.000000000000000000e+00 0.000000000000000000e+00
0.000000000000000000e+00 0.000000000000000000e+00 0.000000000000000000e+00 0.000000000000000000e+00 0.000000000000000000e+00
0.000000000000000000e+00 0.000000000000000000e+00 0.000000000000000000e+00 0.000000000000000000e+00 0.000000000000000000e+00
0.000000000000000000e+00 0.000000000000000000e+00 0.000000000000000000e+00 0.000000000000000000e+00 0.000000000000000000e+00
0.000000000000000000e+00 0.000000000000000000e+00 0.000000000000000000e+00 0.000000000000000000e+00 0.000000000000000000e+00
0.000000000000000000e+00 0.000000000000000000e+00 0.000000000000000000e+00 0.000000000000000000e+00 0.000000000000000000e+00
0.000000000000000000e+00 0.000000000000000000e+00 0.000000000000000000e+00 0.000000000000000000e+00 0.000000000000000000e+00
0.000000000000000000e+00 0.000000000000000000e+00 0.000000000000000000e+00 0.000000000000000000e+00 0.000000000000000000e+00
0.000000000000000000e+00 0.000000000000000000e+00 0.000000000000000000e+00 0.000000000000000000e+00 0.000000000000000000e+00
0.000000000000000000e+00 0.000000000000000000e+00 0.000000000000000000e+00 0.000000000000000000e+00 0.000000000000000000e+00
0.000000000000000000e+00 0.000000000000000000e+00 0.000000000000000000e+00 0.000000000000000000e+00 0.000000000000000000e+00
0.000000000000000000e+00 0.000000000000000000e+00 0.000000000000000000e+00 0.000000000000000000e+00 0.000000000000000000e+00
0.000000000000000000e+00 0.000000000000000000e+00 0.000000000000000000e+00 0.000000000000000000e+00 0.000000000000000000e+00
0.000000000000000000e+00 0.000000000000000000e+00 0.000000000000000000e+00 0.000000000000000000e+00 0.000000000000000000e+00
0.000000000000000000e+00 0.000000000000000000e+00 0.000000000000000000e+00 0.000000000000000000e+00 0.000000000000000000e+00
0.000000000000000000e+00 0.000000000000000000e+00 0.000000000000000000e+00 0.000000000000000000e+00 0.000000000000000000e+00
0.000000000000000000e+00 0.000000000000000000e+00 0.000000000000000000e+00 0.000000000000000000e+00 0.000000000000000000e+00
0.000000000000000000e+00 0.000000000000000000e+00 0.000000000000000000e+00 0.000000000000000000e+00 0.000000000000000000e+00
0.000000000000000000e+00 0.000000000000000000e+00 0.000000000000000000e+00 0.000000000000000000e+00 0.000000000000000000e+00
0.000000000000000000e+00 0.000000000000000000e+00 0.000000000000000000e+00 0.000000000000000000e+00 0.000000000000000000e+00
0.000000000000000000e+00 0.000000000000000000e+00 0.000000000000000000e+00 0.000000000000000000e+00 0.000000000000000000e+00
0.000000000000000000e+00 0.000000000000000000e+00 0.000000000000000000e+00 0.000000000000000000e+00 0.000000000000000000e+00
0.000000000000000000e+00 0.000000000000000000e+00 0.000000000000000000e+00 0.000000000000000000e+00 0.000000000000000000e+00
0.000000000000000000e+00 0.000000000000000000e+00 0.000000000000000000e+00 0.000000000000000000e+00 0.000000000000000000e+00
