165.6896665096283
0.000000000000000000e+00 0.000000000000000000e+00 0.000000000000000000e+00 0.000000000000000000e+00 0.000000000000000000e+00
0.000000000000000000e+00 0.000000000000000000e+00 0.000000000000000000e+00 0.000000000000000000e+00 0.000000000000000000e+00
0.000000000000000000e+00 0.000000000000000000e+00 0.000000000000000000e+00 0.000000000000000000e+00 0.000000000000000000e+00
0.000000000000000000e+00 0.000000000000000000e+00 0.000000000000000000e+00 0.000000000000000000e+00 0.000000000000000000e+00
0.000000000000000000e+00 0.000000000000000000e+00 0.000000000000000000e+00 0.000000000000000000e+00 0.000000000000000000e+00
0.000000000000000000e+00 0.000000000000000000e+00 0.000000000000000000e+00 0.000000000000000000e+00 0.000000000000000000e+00
0.000000000000000000e+00 0.000000000000000000e+00 0.000000000000000000e+00 0.000000000000000000e+00 0.000000000000000000e+00
0.000000000000000000e+00 0.000000000000000000e+00 0.000000000000000000e+00 0.000000000000000000e+00 0.000000000000000000e+00
0.000000000000000000e+00 0.000000000000000000e+00 0.000000000000000000e+00 0.000000000000000000e+00 0.000000000000000000e+00
0.000000000000000000e+00 0.000000000000000000e+00 0.000000000000000000e+00 0.000000000000000000e+00 0.000000000000000000e+00
0.000000000000000000e+00 0.000000000000000000e+00 0.000000000000000000e+00 0.000000000000000000e+00 0.000000000000000000e+00
0.000000000000000000e+00 0.000000000000000000e+00 0.000000000000000000e+00 0.000000000000000000e+00 0.000000000000000000e+00
0.000000000000000000e+00 0.000000000000000000e+00 0.000000000000000000e+00 0.000000000000000000e+00 0.000000000000000000e+00
0.000000000000000000e+00 0.000000000000000000e+00 0.000000000000000000e+00 0.000000000000000000e+00 0.000000000000000000e+00
0.000000000000000000e+00 0.000000000000000000e+00 0.000000000000000000e+00 0.000000000000000000e+00 0.000000000000000000e+00
0.000000000000000000e+00 0.000000000000000000e+00 0.000000000000000000e+00 0.000000000000000000e+00 0.000000000000000000e+00
0.000000000000000000e+00 0.000000000000000000e+00 0.000000000000000000e+00 0.000000000000000000e+00 0.000000000000000000e+00
0.000000000000000000e+00 0.000000000000000000e+00 0.000000000000000000e+00 0.000000000000000000e+00 0.000000000000000000e+00
0.000000000000000000e+00 0.000000000000000000e+00 0.000000000000000000e+00 0.000000000000000000e+00 0.000000000000000000e+00
0.000000000000000000e+00 0.000000000000000000e+00 0.000000000000000000e+00 0.000000000000000000e+00 0.000000000000000000e+00
0.000000000000000000e+00 0.000000000000000000e+00 0.000000000000000000e+00 0.000000000000000000e+00 0.000000000000000000e+00
0.000000000000000000e+00 0.000000000000000000e+00 0.000000000000000000e+00 0.000000000000000000e+00 0.000000000000000000e+00
0.000000000000000000e+00 0.000000000000000000e+00 0.000000000000000000e+00 0.000000000000000000e+00 0.000000000000000000e+00
0.000000000000000000e+00 0.000000000000000000e+00 0.000000000000000000e+00 0.000000000000000000e+00 0.000000000000000000e+00
0.000000000000000000e+00 0.000000000000000000e+00 0.000000000000000000e+00 0.000000000000000000e+00 0.000000000000000000e+00
0.000000000000000000e+00 0.000000000000000000e+00 0.000000000000000000e+00 0.000000000000000000e+00 0.000000000000000000e+00
0.000000000000000000e+00 0.000000000000000000e+00 0.000000000000000000e+00 0.000000000000000000e+00 0.000000000000000000e+00
0.000000000000000000e+00 0.000000000000000000e+00 0.000000000000000000e+00 0.000000000000000000e+00 0.000000000000000000e+00
0.000000000000000000e+00 0.000000000000000000e+00 0.000000000000000000e+00 0.000000000000000000e+00 0.000000000000000000e+00
0.000000000000000000e+00 0.000000000000000000e+00 0.000000000000000000e+00 0.000000000000000000e+00 0.000000000000000000e+00
0.000000000000000000e+00 0.000000000000000000e+00 0.000000000000000000e+00 0.000000000000000000e+00 0.000000000000000000e+00
0.000000000000000000e+00 0.000000000000000000e+00 0.000000000000000000e+00 0.000000000000000000e+00 0.000000000000000000e+00
0.000000000000000000e+00 0.000000000000000000e+00 0.000000000000000000e+00 0.000000000000000000e+00 0.000000000000000000e+00
0.000000000000000000e+00 0.000000000000000000e+00 0.000000000000000000e+00 0.000000000000000000e+00 0.000000000000000000e+00
0.000000000000000000e+00 0.000000000000000000e+00 0.000000000000000000e+00 0.000000000000000000e+00 0.000000000000000000e+00
0.000000000000000000e+00 0.000000000000000000e+00 0.000000000000000000e+00 0.000000000000000000e+00 0.000000000000000000e+00
0.000000000000000000e+00 0.000000000000000000e+00 0.000000000000000000e+00 0.000000000000000000e+00 0.000000000000000000e+00
0.000000000000000000e+00 0.000000000000000000e+00 0.000000000000000000e+00 0.000000000000000000e+00 0.000000000000000000e+00
0.000000000000000000e+00 0.000000000000000000e+00 0.000000000000000000e+00 0.000000000000000000e+00 0.000000000000000000e+00
0.000000000000000000e+00 0.000000000000000000e+00 0.000000000000000000e+00 0.000000000000000000e+00 0.000000000000000000e+00
0.000000000000000000e+00 0.000000000000000000e+00 0.000000000000000000e+00 0.000000000000000000e+00 0.000000000000000000e+00
0.000000000000000000e+00 0.000000000000000000e+00 0.000000000000000000e+00 0.000000000000000000e+00 0.000000000000000000e+00
0.000000000000000000e+00 0.000000000000000000e+00 0.000000000000000000e+00 0.000000000000000000e+00 0.000000000000000000e+00
0.000000000000000000e+00 0.000000000000000000e+00 0.000000000000000000e+00 0.000000000000000000e+00 0.000000000000000000e+00
0.000000000000000000e+00 0.000000000000000000e+00 0.000000000000000000e+00 0.000000000000000000e+00 0.000000000000000000e+00
0.000000000000000000e+00 0.000000000000000000e+00 0.000000000000000000e+00 0.000000000000000000e+00 0.000000000000000000e+00
0.000000000000000000e+00 0.000000000000000000e+00 0.000000000000000000e+00 0.000000000000000000e+00 0.000000000000000000e+00
0.000000000000000000e+00 0.000000000000000000e+00 0.000000000000000000e+00 0.000000000000000000e+00 0.000000000000000000e+00
0.000000000000000000e+00 0.000000000000000000e+00 0.000000000000000000e+00 0.000000000000000000e+00 0.000000000000000000e+00
0.000000000000000000e+00 0.000000000000000000e+00 0.000000000000000000e+00 0.000000000000000000e+00 0.000000000000000000e+00
0.000000000000000000e+00 0.000000000000000000e+00 0.000000000000000000e+00 0.000000000000000000e+00 0.000000000000000000e+00
0.000000000000000000e+00 0.000000000000000000e+00 0.000000000000000000e+00 0.000000000000000000e+00 0.000000000000000000e+00
0.000000000000000000e+00 0.000000000000000000e+00 0.000000000000000000e+00 0.000000000000000000e+00 0.000000000000000000e+00
0.000000000000000000e+00 0.000000000000000000e+00 0.000000000000000000e+00 0.000000000000000000e+00 0.000000000000000000e+00
0.000000000000000000e+00 0.000000000000000000e+00 0.000000000000000000e+00 0.000000000000000000e+00 0.000000000000000000e+00
0.000000000000000000e+00 0.000000000000000000e+00 0.000000000000000000e+00 0.000000000000000000e+00 0.000000000000000000e+00
0.000000000000000000e+00 0.000000000000000000e+00 0.000000000000000000e+00 0.000000000000000000e+00 0.000000000000000000e+00
0.000000000000000000e+00 0.000000000000000000e+00 0.000000000000000000e+00 0.000000000000000000e+00 0.000000000000000000e+00
0.000000000000000000e+00 0.000000000000000000e+00 0.000000000000000000e+00 0.000000000000000000e+00 0.000000000000000000e+00
0.000000000000000000e+00 0.000000000000000000e+00 0.000000000000000000e+00 0.000000000000000000e+00 0.000000000000000000e+00
0.000000000000000000e+00 0.000000000000000000e+00 0.000000000000000000e+00 0.000000000000000000e+00 0.000000000000000000e+00
0.000000000000000000e+00 0.000000000000000000e+00 0.000000000000000000e+00 0.000000000000000000e+00 0.000000000000000000e+00
0.000000000000000000e+00 0.000000000000000000e+00 0.000000000000000000e+00 0.000000000000000000e+00 0.000000000000000000e+00
0.000000000000000000e+00 0.000000000000000000e+00 0.000000000000000000e+00 0.000000000000000000e+00 0.000000000000000000e+00
0.000000000000000000e+00 0.000000000000000000e+00 0.000000000000000000e+00 0.000000000000000000e+00 0.000000000000000000e+00
0.000000000000000000e+00 0.000000000000000000e+00 0.000000000000000000e+00 0.000000000000000000e+00 0.000000000000000000e+00
0.000000000000000000e+00 0.000000000000000000e+00 0.000000000000000000e+00 0.000000000000000000e+00 0.000000000000000000e+00
0.000000000000000000e+00 0.000000000000000000e+00 0.000000000000000000e+00 0.000000000000000000e+00 0.000000000000000000e+00
0.000000000000000000e+00 0.000000000000000000e+00 0.000000000000000000e+00 0.000000000000000000e+00 0.000000000000000000e+00
0.000000000000000000e+00 0.000000000000000000e+00 0.000000000000000000e+00 0.000000000000000000e+00 0.000000000000000000e+00
0.000000000000000000e+00 0.000000000000000000e+00 0.000000000000000000e+00 0.000000000000000000e+00 0.000000000000000000e+00
0.000000000000000000e+00 0.000000000000000000e+00 0.000000000000000000e+00 0.000000000000000000e+00 0.000000000000000000e+00
0.000000000000000000e+00 0.000000000000000000e+00 0.000000000000000000e+00 0.000000000000000000e+00 0.000000000000000000e+00
0.000000000000000000e+00 0.000000000000000000e+00 0.000000000000000000e+00 0.000000000000000000e+00 0.000000000000000000e+00
0.000000000000000000e+00 0.000000000000000000e+00 0.000000000000000000e+00 0.000000000000000000e+00 0.000000000000000000e+00
0.000000000000000000e+00 0.000000000000000000e+00 0.000000000000000000e+00 0.000000000000000000e+00 0.000000000000000000e+00
0.000000000000000000e+00 0.000000000000000000e+00 0.000000000000000000e+00 0.000000000000000000e+00 0.000000000000000000e+00
0.000000000000000000e+00 0.000000000000000000e+00 0.000000000000000000e+00 0.000000000000000000e+00 0.000000000000000000e+00
0.000000000000000000e+00 0.000000000000000000e+00 0.000000000000000000e+00 0.000000000000000000e+00 0.000000000000000000e+00
0.000000000000000000e+00 0.000000000000000000e+00 0.000000000000000000e+00 0.000000000000000000e+00 0.000000000000000000e+00
0.000000000000000000e+00 0.000000000000000000e+00 0.000000000000000000e+00 0.000000000000000000e+00 0.000000000000000000e+00
0.000000000000000000e+00 0.000000000000000000e+00 0.000000000000000000e+00 0.000000000000000000e+00 0.000000000000000000e+00
0.000000000000000000e+00 0.000000000000000000e+00 0.000000000000000000e+00 0.000000000000000000e+00 0.000000000000000000e+00
0.000000000000000000e+00 0.000000000000000000e+00 0.000000000000000000e+00 0.000000000000000000e+00 0.000000000000000000e+00
0.000000000000000000e+00 0.000000000000000000e+00 0.000000000000000000e+00 0.000000000000000000e+00 0.000000000000000000e+00
0.000000000000000000e+00 0.000000000000000000e+00 0.000000000000000000e+00 0.000000000000000000e+00 0.000000000000000000e+00
0.000000000000000000e+00 0.000000000000000000e+00 0.000000000000000000e+00 0.000000000000000000e+00 0.000000000000000000e+00
0.000000000000000000e+00 0.000000000000000000e+00 0.000000000000000000e+00 0.000000000000000000e+00 0.000000000000000000e+00
0.000000000000000000e+00 0.000000000000000000e+00 0.000000000000000000e+00 0.000000000000000000e+00 0.000000000000000000e+00
0.000000000000000000e+00 0.000000000000000000e+00 0.000000000000000000e+00 0.000000000000000000e+00 0.000000000000000000e+00
0.000000000000000000e+00 0.000000000000000000e+00 0.000000000000000000e+00 0.000000000000000000e+00 0.000000000000000000e+00
0.000000000000000000e+00 0.000000000000000000e+00 0.000000000000000000e+00 0.000000000000000000e+00 0.000000000000000000e+00
0.000000000000000000e+00 0.000000000000000000e+00 0.000000000000000000e+00 0.000000000000000000e+00 0.000000000000000000e+00
0.000000000000000000e+00 0.000000000000000000e+00 0.000000000000000000e+00 0.000000000000000000e+00 0.000000000000000000e+00
0.000000000000000000e+00 0.000000000000000000e+00 0.000000000000000000e+00 0.000000000000000000e+00 0.000000000000000000e+00
0.000000000000000000e+00 0.000000000000000000e+00 0.000000000000000000e+00 0.000000000000000000e+00 0.000000000000000000e+00
2.409560805957829382e-03 0.000000000000000000e+00 0.000000000000000000e+00 0.000000000000000000e+00 2.299094486175073514e-03
3.155395196356420673e-04 2.882512245864500794e-04 0.000000000000000000e+00 0.000000000000000000e+00 2.269439735627303695e-03
0.000000000000000000e+00 1.227615342128072660e-03 0.000000000000000000e+00 0.000000000000000000e+00 4.384050782415254560e-03
0.000000000000000000e+00 1.417697717683388077e-03 0.000000000000000000e+00 0.000000000000000000e+00 5.062871548724716744e-03
0.000000000000000000e+00 1.663220786109002522e-03 0.000000000000000000e+00 0.000000000000000000e+00 5.939681705207765922e-03
0.000000000000000000e+00 1.227615342128072660e-03 0.000000000000000000e+00 0.000000000000000000e+00 4.384050782415254560e-03
0.000000000000000000e+00 1.227615342128072660e-03 0.000000000000000000e+00 0.000000000000000000e+00 4.384050782415254560e-03
0.000000000000000000e+00 8.474505910174439955e-04 0.000000000000000000e+00 0.000000000000000000e+00 3.026409249796337565e-03
0.000000000000000000e+00 8.789152805814364183e-05 6.104653207918768715e-05 0.000000000000000000e+00 1.562188405118228405e-03
0.000000000000000000e+00 4.632579119526767449e-04 5.858915927620055009e-05 0.000000000000000000e+00 5.536082179011597541e-03
0.000000000000000000e+00 7.087956588306452239e-04 0.000000000000000000e+00 0.000000000000000000e+00 3.155564686729666213e-03
0.000000000000000000e+00 9.642516399636577584e-04 0.000000000000000000e+00 4.248738421409162290e-04 2.611572577363055741e-03
0.000000000000000000e+00 8.058388705410569029e-04 0.000000000000000000e+00 3.550731395034814326e-04 2.182528511081980975e-03
0.000000000000000000e+00 0.000000000000000000e+00 0.000000000000000000e+00 0.000000000000000000e+00 0.000000000000000000e+00
0.000000000000000000e+00 0.000000000000000000e+00 0.000000000000000000e+00 0.000000000000000000e+00 0.000000000000000000e+00
0.000000000000000000e+00 0.000000000000000000e+00 0.000000000000000000e+00 0.000000000000000000e+00 0.000000000000000000e+00
0.000000000000000000e+00 0.000000000000000000e+00 0.000000000000000000e+00 0.000000000000000000e+00 0.000000000000000000e+00
0.000000000000000000e+00 0.000000000000000000e+00 0.000000000000000000e+00 0.000000000000000000e+00 0.000000000000000000e+00
0.000000000000000000e+00 0.000000000000000000e+00 0.000000000000000000e+00 0.000000000000000000e+00 0.000000000000000000e+00
0.000000000000000000e+00 0.000000000000000000e+00 0.000000000000000000e+00 0.000000000000000000e+00 0.000000000000000000e+00
0.000000000000000000e+00 0.000000000000000000e+00 0.000000000000000000e+00 0.000000000000000000e+00 0.000000000000000000e+00
0.000000000000000000e+00 0.000000000000000000e+00 0.000000000000000000e+00 0.000000000000000000e+00 0.000000000000000000e+00
0.000000000000000000e+00 0.000000000000000000e+00 0.000000000000000000e+00 0.000000000000000000e+00 0.000000000000000000e+00
0.000000000000000000e+00 0.000000000000000000e+00 0.000000000000000000e+00 0.000000000000000000e+00 0.000000000000000000e+00
0.000000000000000000e+00 0.000000000000000000e+00 6.937809959527618461e-03 1.771946105085437902e-03 4.812550499261392719e-04
0.000000000000000000e+00 0.000000000000000000e+00 2.002845571383023160e-02 5.499568274313270701e-03 8.056029839045471264e-04
0.000000000000000000e+00 0.000000000000000000e+00 3.322791884801420959e-02 8.013674035338374732e-03 1.378678369183542829e-03
0.000000000000000000e+00 0.000000000000000000e+00 2.934041033149785080e-02 4.725580896558344984e-03 6.531666233117257477e-03
0.000000000000000000e+00 0.000000000000000000e+00 3.215662243306053464e-02 5.650458436015703490e-04 1.484994698507549962e-02
0.000000000000000000e+00 6.164819650610717412e-04 2.400565620322848287e-02 0.000000000000000000e+00 1.786864648389555055e-02
0.000000000000000000e+00 4.059153015800004774e-03 1.866784091606856280e-02 0.000000000000000000e+00 1.528459213084916966e-02
0.000000000000000000e+00 3.791553351023274707e-03 1.059790976300131228e-02 0.000000000000000000e+00 2.814125158526340972e-02
0.000000000000000000e+00 2.562984500624728226e-03 0.000000000000000000e+00 0.000000000000000000e+00 4.688176111532418172e-02
0.000000000000000000e+00 1.256304673827801904e-03 0.000000000000000000e+00 0.000000000000000000e+00 5.559444678987808530e-02
0.000000000000000000e+00 3.976259559590471400e-04 0.000000000000000000e+00 0.000000000000000000e+00 6.133947879350166998e-02
0.000000000000000000e+00 9.447453877716983049e-04 0.000000000000000000e+00 0.000000000000000000e+00 6.863300223596655036e-02
0.000000000000000000e+00 0.000000000000000000e+00 0.000000000000000000e+00 0.000000000000000000e+00 8.197667538088831973e-02
0.000000000000000000e+00 0.000000000000000000e+00 0.000000000000000000e+00 0.000000000000000000e+00 6.110630631386276823e-02
0.000000000000000000e+00 0.000000000000000000e+00 8.242055289266242337e-04 1.025068509256687674e-03 3.610458122821570692e-02
0.000000000000000000e+00 0.000000000000000000e+00 0.000000000000000000e+00 4.690373114144814545e-03 1.718042670510486203e-02
0.000000000000000000e+00 7.563533150081428076e-04 0.000000000000000000e+00 1.604477718192655507e-03 6.419593032515619885e-03
0.000000000000000000e+00 0.000000000000000000e+00 0.000000000000000000e+00 0.000000000000000000e+00 0.000000000000000000e+00
0.000000000000000000e+00 0.000000000000000000e+00 0.000000000000000000e+00 0.000000000000000000e+00 0.000000000000000000e+00
0.000000000000000000e+00 0.000000000000000000e+00 0.000000000000000000e+00 0.000000000000000000e+00 0.000000000000000000e+00
0.000000000000000000e+00 0.000000000000000000e+00 0.000000000000000000e+00 0.000000000000000000e+00 0.000000000000000000e+00
0.000000000000000000e+00 0.000000000000000000e+00 0.000000000000000000e+00 0.000000000000000000e+00 0.000000000000000000e+00
0.000000000000000000e+00 0.000000000000000000e+00 0.000000000000000000e+00 0.000000000000000000e+00 0.000000000000000000e+00
0.000000000000000000e+00 0.000000000000000000e+00 0.000000000000000000e+00 0.000000000000000000e+00 0.000000000000000000e+00
0.000000000000000000e+00 0.000000000000000000e+00 0.000000000000000000e+00 0.000000000000000000e+00 0.000000000000000000e+00
0.000000000000000000e+00 0.000000000000000000e+00 7.271249910755742552e-04 2.371385909569872556e-05 0.000000000000000000e+00
0.000000000000000000e+00 0.000000000000000000e+00 1.815203669837303288e-02 7.345786847105423333e-04 0.000000000000000000e+00
0.000000000000000000e+00 0.000000000000000000e+00 2.470594180086032460e-02 1.438955179140681247e-03 0.000000000000000000e+00
0.000000000000000000e+00 0.000000000000000000e+00 3.815061321272927852e-02 5.037259848321299152e-03 0.000000000000000000e+00
0.000000000000000000e+00 0.000000000000000000e+00 5.502917468584495042e-02 8.156349377416844543e-03 0.000000000000000000e+00
0.000000000000000000e+00 0.000000000000000000e+00 6.889659320500961248e-02 3.146596872159078667e-03 4.021290905647830339e-04
9.681253078716303348e-03 0.000000000000000000e+00 7.307610874331241235e-02 0.000000000000000000e+00 8.938355986534187933e-03
1.440618234486692843e-02 0.000000000000000000e+00 8.279936245776074732e-02 0.000000000000000000e+00 2.021582161567572408e-02
1.262102939469599006e-02 0.000000000000000000e+00 9.544938328769464464e-02 0.000000000000000000e+00 3.679890087736766013e-02
1.751609521139520231e-02 1.267034607703584556e-04 9.317154091327779775e-02 0.000000000000000000e+00 6.843953185677649487e-02
2.735333867465290780e-02 0.000000000000000000e+00 6.780408123628914319e-02 0.000000000000000000e+00 1.010172524240980224e-01
3.277483704390734415e-02 0.000000000000000000e+00 5.351709690557281129e-02 0.000000000000000000e+00 1.140878411944354770e-01
5.010749298709930161e-02 0.000000000000000000e+00 3.699707943082477385e-02 0.000000000000000000e+00 1.151516635479499506e-01
5.157201049379572105e-02 0.000000000000000000e+00 1.786186811547920555e-02 0.000000000000000000e+00 1.114191175143634110e-01
4.173763027031482387e-02 0.000000000000000000e+00 9.343692091950496546e-05 0.000000000000000000e+00 1.022212676636046064e-01
3.387605998928021334e-02 0.000000000000000000e+00 0.000000000000000000e+00 1.199753960281891782e-02 1.006636340951208852e-01
2.374034077316957564e-02 0.000000000000000000e+00 0.000000000000000000e+00 3.374205341907903638e-02 7.823681386909590862e-02
3.106184610695697512e-02 0.000000000000000000e+00 0.000000000000000000e+00 3.954979861731043600e-02 4.813983976423716338e-02
3.115451232752508917e-02 0.000000000000000000e+00 0.000000000000000000e+00 4.369954788643301558e-02 2.546956569113697014e-02
2.419689578708258959e-02 0.000000000000000000e+00 0.000000000000000000e+00 2.488040146367939687e-02 8.680190358525595451e-03
5.826861187930193128e-03 0.000000000000000000e+00 0.000000000000000000e+00 6.119310465923154425e-03 0.000000000000000000e+00
0.000000000000000000e+00 0.000000000000000000e+00 0.000000000000000000e+00 0.000000000000000000e+00 0.000000000000000000e+00
0.000000000000000000e+00 0.000000000000000000e+00 0.000000000000000000e+00 0.000000000000000000e+00 0.000000000000000000e+00
0.000000000000000000e+00 0.000000000000000000e+00 0.000000000000000000e+00 0.000000000000000000e+00 0.000000000000000000e+00
0.000000000000000000e+00 0.000000000000000000e+00 0.000000000000000000e+00 0.000000000000000000e+00 0.000000000000000000e+00
0.000000000000000000e+00 0.000000000000000000e+00 0.000000000000000000e+00 0.000000000000000000e+00 0.000000000000000000e+00
0.000000000000000000e+00 0.000000000000000000e+00 0.000000000000000000e+00 0.000000000000000000e+00 0.000000000000000000e+00
0.000000000000000000e+00 0.000000000000000000e+00 0.000000000000000000e+00 0.000000000000000000e+00 0.000000000000000000e+00
0.000000000000000000e+00 0.000000000000000000e+00 1.643492383196261484e-03 8.924527054668099553e-05 0.000000000000000000e+00
0.000000000000000000e+00 0.000000000000000000e+00 3.298050333183714239e-02 1.829621346455288745e-03 0.000000000000000000e+00
0.000000000000000000e+00 0.000000000000000000e+00 4.975781265280709853e-02 3.254702703681950759e-03 0.000000000000000000e+00
0.000000000000000000e+00 0.000000000000000000e+00 8.668921419241065740e-02 6.373743712010868957e-03 0.000000000000000000e+00
0.000000000000000000e+00 0.000000000000000000e+00 1.227165017091218224e-01 3.524680444924524394e-03 0.000000000000000000e+00
1.230563257240186240e-02 2.639202493944388210e-03 1.228724369507323416e-01 0.000000000000000000e+00 0.000000000000000000e+00
2.623553583718424634e-02 1.993224547482799151e-03 1.286314528040201077e-01 0.000000000000000000e+00 9.381362508577566206e-03
3.350459238893116476e-02 2.327531098981200277e-03 1.235814661966679467e-01 0.000000000000000000e+00 3.313186699289873138e-02
4.213634653016806730e-02 0.000000000000000000e+00 1.106967756222242000e-01 0.000000000000000000e+00 7.432515712291373755e-02
6.037938701630075206e-02 0.000000000000000000e+00 8.171989347666397396e-02 0.000000000000000000e+00 1.238506835398623940e-01
7.007106788552915078e-02 0.000000000000000000e+00 7.854009701312403280e-02 0.000000000000000000e+00 1.283682374067559306e-01
8.087062933241415119e-02 0.000000000000000000e+00 6.847356401450672980e-02 1.348940462589803997e-02 1.123200238459557271e-01
7.984455217913447034e-02 0.000000000000000000e+00 5.798432335688159800e-02 4.584856609972262631e-02 9.225912097525149069e-02
7.463126571360151340e-02 0.000000000000000000e+00 5.438168518870317020e-02 7.222616001597284563e-02 7.624553989327367831e-02
8.326523989623604849e-02 0.000000000000000000e+00 4.165453339629673901e-02 8.621974843025065338e-02 5.633721339329710032e-02
7.840073322196035310e-02 0.000000000000000000e+00 3.988359652148044249e-03 1.037881187822955742e-01 3.867166074396254788e-02
5.624161101442756716e-02 0.000000000000000000e+00 0.000000000000000000e+00 1.197220278526147791e-01 2.269867666428418418e-02
4.375815271520551442e-02 0.000000000000000000e+00 0.000000000000000000e+00 1.129773527720878967e-01 7.686776489205747291e-03
3.562684449715028401e-02 0.000000000000000000e+00 0.000000000000000000e+00 8.705019737984183437e-02 1.462378208457593273e-03
4.098075453624461240e-02 0.000000000000000000e+00 0.000000000000000000e+00 4.265101144080110651e-02 0.000000000000000000e+00
9.598115180131752341e-03 0.000000000000000000e+00 0.000000000000000000e+00 9.378051455565921887e-03 0.000000000000000000e+00
0.000000000000000000e+00 0.000000000000000000e+00 0.000000000000000000e+00 0.000000000000000000e+00 0.000000000000000000e+00
0.000000000000000000e+00 0.000000000000000000e+00 0.000000000000000000e+00 0.000000000000000000e+00 0.000000000000000000e+00
0.000000000000000000e+00 0.000000000000000000e+00 0.000000000000000000e+00 0.000000000000000000e+00 0.000000000000000000e+00
0.000000000000000000e+00 0.000000000000000000e+00 0.000000000000000000e+00 0.000000000000000000e+00 0.000000000000000000e+00
0.000000000000000000e+00 0.000000000000000000e+00 0.000000000000000000e+00 0.000000000000000000e+00 0.000000000000000000e+00
0.000000000000000000e+00 0.000000000000000000e+00 0.000000000000000000e+00 0.000000000000000000e+00 0.000000000000000000e+00
0.000000000000000000e+00 0.000000000000000000e+00 0.000000000000000000e+00 0.000000000000000000e+00 0.000000000000000000e+00
0.000000000000000000e+00 0.000000000000000000e+00 5.995850516408298553e-03 4.153592524931194220e-04 0.000000000000000000e+00
0.000000000000000000e+00 0.000000000000000000e+00 3.481113784103243014e-02 2.088850405204437446e-03 0.000000000000000000e+00
0.000000000000000000e+00 0.000000000000000000e+00 8.145740273578175317e-02 4.296931486789546534e-03 0.000000000000000000e+00
0.000000000000000000e+00 0.000000000000000000e+00 1.212443277702673489e-01 5.384660981493202998e-03 0.000000000000000000e+00
5.222821410014987127e-03 1.620281959378083649e-04 1.366750924837252523e-01 0.000000000000000000e+00 0.000000000000000000e+00
4.408101270265270266e-02 1.103925459019731905e-03 1.289622537882412767e-01 0.000000000000000000e+00 0.000000000000000000e+00
6.899984418804858133e-02 1.285534731168565432e-03 1.084217532113622984e-01 0.000000000000000000e+00 1.125062222216278648e-02
9.378362499746893677e-02 0.000000000000000000e+00 7.851296113218747541e-02 0.000000000000000000e+00 5.555980466780045118e-02
1.104212659135190844e-01 0.000000000000000000e+00 4.713219088758923564e-02 0.000000000000000000e+00 1.052098857597576348e-01
1.041546408344860286e-01 0.000000000000000000e+00 3.369687527222261364e-02 2.175092217467460010e-02 1.097973103730971178e-01
9.143028076842876772e-02 0.000000000000000000e+00 3.474245685306397158e-02 5.884638750484284114e-02 9.560600360965328115e-02
8.942345070241924931e-02 0.000000000000000000e+00 5.336731247270944112e-02 1.107364258449562433e-01 5.490620212860972821e-02
8.486948091421342433e-02 0.000000000000000000e+00 5.862021753792631684e-02 1.407889508119391786e-01 1.326982951965375093e-02
7.425112220578890254e-02 0.000000000000000000e+00 6.196990662346341106e-02 1.441914457167296493e-01 0.000000000000000000e+00
8.233649453813253472e-02 0.000000000000000000e+00 3.787859647026204507e-02 1.414504296942831474e-01 0.000000000000000000e+00
7.719812644714717231e-02 0.000000000000000000e+00 2.063591675932058625e-02 1.458971755717902719e-01 0.000000000000000000e+00
4.755082776554301477e-02 5.901467402480097511e-04 6.202105775887369402e-03 1.427525252515179088e-01 0.000000000000000000e+00
2.547439629284272214e-02 1.823336855164740811e-02 1.584643169841961838e-03 1.266660690642236464e-01 0.000000000000000000e+00
2.563424001025035176e-02 3.520132770041396741e-02 0.000000000000000000e+00 8.538854858806785297e-02 0.000000000000000000e+00
2.665273508069394143e-02 3.987769866846755523e-02 0.000000000000000000e+00 2.494756966729853170e-02 0.000000000000000000e+00
1.679228819338185810e-02 2.334005069500587337e-02 0.000000000000000000e+00 9.062419447648937393e-03 0.000000000000000000e+00
6.085516459455245566e-03 7.862727170183935214e-04 0.000000000000000000e+00 5.322498974298432890e-03 0.000000000000000000e+00
0.000000000000000000e+00 0.000000000000000000e+00 0.000000000000000000e+00 0.000000000000000000e+00 0.000000000000000000e+00
0.000000000000000000e+00 0.000000000000000000e+00 0.000000000000000000e+00 0.000000000000000000e+00 0.000000000000000000e+00
0.000000000000000000e+00 0.000000000000000000e+00 0.000000000000000000e+00 0.000000000000000000e+00 0.000000000000000000e+00
0.000000000000000000e+00 0.000000000000000000e+00 0.000000000000000000e+00 0.000000000000000000e+00 0.000000000000000000e+00
0.000000000000000000e+00 0.000000000000000000e+00 0.000000000000000000e+00 0.000000000000000000e+00 0.000000000000000000e+00
0.000000000000000000e+00 0.000000000000000000e+00 0.000000000000000000e+00 0.000000000000000000e+00 0.000000000000000000e+00
0.000000000000000000e+00 0.000000000000000000e+00 9.560950823461882367e-03 6.623296188403803280e-04 0.000000000000000000e+00
0.000000000000000000e+00 0.000000000000000000e+00 3.133759022350179890e-02 1.133251998020963882e-03 0.000000000000000000e+00
0.000000000000000000e+00 0.000000000000000000e+00 8.639011002226214264e-02 3.212697549123945135e-03 0.000000000000000000e+00
6.008025941502116891e-03 0.000000000000000000e+00 1.175320861663233935e-01 4.239229627839321071e-03 0.000000000000000000e+00
4.403133991645551831e-02 0.000000000000000000e+00 1.073759008463522208e-01 1.039310789672966443e-03 0.000000000000000000e+00
7.574829198059586377e-02 0.000000000000000000e+00 9.596058925014321062e-02 0.000000000000000000e+00 0.000000000000000000e+00
1.221627329400794826e-01 0.000000000000000000e+00 4.437201088567772900e-02 0.000000000000000000e+00 4.016705892838783737e-02
1.320322085628015119e-01 0.000000000000000000e+00 0.000000000000000000e+00 7.377503276544773725e-03 8.911244624319558660e-02
1.168398289738724338e-01 0.000000000000000000e+00 0.000000000000000000e+00 4.377154802726305333e-02 1.040347005365411387e-01
8.200124355815251176e-02 6.153327614911194982e-03 0.000000000000000000e+00 1.031669927856208452e-01 7.413398694000249145e-02
7.244688740056302867e-02 2.038170348043164687e-02 5.161603038599646767e-03 1.247006687412151454e-01 2.293737778492681290e-02
5.433491996774974381e-02 1.979918664305395717e-02 2.575088214290758432e-02 1.409302112321217104e-01 0.000000000000000000e+00
4.457287625149248395e-02 2.969400300106483578e-02 2.584808440905937005e-02 1.287719643161987781e-01 0.000000000000000000e+00
3.600620915785853610e-02 5.001891103106652359e-02 2.387920517371326309e-02 1.171042675859057108e-01 0.000000000000000000e+00
3.611175286420735542e-02 7.113668111143217621e-02 2.085167052238182453e-02 9.752690675511438423e-02 0.000000000000000000e+00
3.480203358635457211e-02 9.739792547626684172e-02 1.363691803933202162e-02 8.648786127303852156e-02 0.000000000000000000e+00
2.585880565573704659e-02 1.085922523249402000e-01 3.748612289621300049e-04 6.561613546381298012e-02 0.000000000000000000e+00
8.250290049824459196e-03 1.144127658034215511e-01 3.785809978920628375e-03 5.052433206572008728e-02 0.000000000000000000e+00
5.634095233319367721e-03 1.132197157204775789e-01 3.363932092462200690e-03 2.602855775090762158e-02 0.000000000000000000e+00
7.780060869366696788e-03 9.626125357963327689e-02 3.008887555340498000e-03 0.000000000000000000e+00 0.000000000000000000e+00
3.595870565822762484e-03 7.778892909704583636e-02 0.000000000000000000e+00 0.000000000000000000e+00 0.000000000000000000e+00
0.000000000000000000e+00 6.968638175489520574e-03 0.000000000000000000e+00 3.451631189560328949e-03 0.000000000000000000e+00
0.000000000000000000e+00 0.000000000000000000e+00 0.000000000000000000e+00 0.000000000000000000e+00 0.000000000000000000e+00
0.000000000000000000e+00 0.000000000000000000e+00 0.000000000000000000e+00 0.000000000000000000e+00 0.000000000000000000e+00
0.000000000000000000e+00 0.000000000000000000e+00 0.000000000000000000e+00 0.000000000000000000e+00 0.000000000000000000e+00
0.000000000000000000e+00 0.000000000000000000e+00 0.000000000000000000e+00 0.000000000000000000e+00 0.000000000000000000e+00
0.000000000000000000e+00 0.000000000000000000e+00 0.000000000000000000e+00 0.000000000000000000e+00 0.000000000000000000e+00
0.000000000000000000e+00 0.000000000000000000e+00 1.188366769017860187e-03 8.232345544908678796e-05 0.000000000000000000e+00
0.000000000000000000e+00 0.000000000000000000e+00 1.226178438941155982e-02 8.494283812246669054e-04 0.000000000000000000e+00
0.000000000000000000e+00 0.000000000000000000e+00 2.695628020114389928e-02 2.348520467693620585e-04 0.000000000000000000e+00
5.864173069551144660e-03 0.000000000000000000e+00 7.163476499579954360e-02 3.149660533669966164e-03 0.000000000000000000e+00
2.269647659258288222e-02 0.000000000000000000e+00 1.152692815018266648e-01 3.836245768287670742e-03 0.000000000000000000e+00
4.564057855251391072e-02 0.000000000000000000e+00 1.221671717695158310e-01 3.434593944111276678e-03 0.000000000000000000e+00
1.028041554103468480e-01 0.000000000000000000e+00 7.197813552417688110e-02 0.000000000000000000e+00 1.055513538539675812e-02
1.268806219139891611e-01 0.000000000000000000e+00 6.913627349689244889e-03 7.833722472546118115e-03 7.767768430827887149e-02
9.420631100676621350e-02 0.000000000000000000e+00 0.000000000000000000e+00 4.648621258038750786e-02 1.070562782993373374e-01
4.740119239793504080e-02 3.967940477134866001e-02 0.000000000000000000e+00 9.312148332042589904e-02 9.465071415374437525e-02
1.884990598451745381e-02 8.783705105716993478e-02 0.000000000000000000e+00 1.168847046852213301e-01 3.888868148837254513e-02
2.305601125810248855e-02 1.051204194875285658e-01 0.000000000000000000e+00 8.735386291514075918e-02 0.000000000000000000e+00
2.428318043339103283e-02 1.098993963836691484e-01 0.000000000000000000e+00 6.541848646941771095e-02 0.000000000000000000e+00
2.751906825819155911e-02 1.287314281925657222e-01 0.000000000000000000e+00 4.353890463103914088e-02 0.000000000000000000e+00
2.338066817665915634e-02 1.419976958914308252e-01 0.000000000000000000e+00 3.084238631012775275e-02 0.000000000000000000e+00
2.529069274937157524e-02 1.435037165503109946e-01 0.000000000000000000e+00 1.133305679995120357e-02 0.000000000000000000e+00
2.234853018119846782e-02 1.432462709160882974e-01 0.000000000000000000e+00 0.000000000000000000e+00 0.000000000000000000e+00
2.181973328138237314e-02 1.331137011886871502e-01 0.000000000000000000e+00 0.000000000000000000e+00 0.000000000000000000e+00
1.213431342516556322e-02 1.174447667088577424e-01 0.000000000000000000e+00 0.000000000000000000e+00 0.000000000000000000e+00
9.372533095825922450e-03 1.001096063602310016e-01 0.000000000000000000e+00 0.000000000000000000e+00 0.000000000000000000e+00
3.854292800904940506e-03 8.018762301072382415e-02 1.741223167267031031e-04 0.000000000000000000e+00 0.000000000000000000e+00
7.171602329570558789e-04 4.277618542334322288e-02 8.611000757681187270e-04 0.000000000000000000e+00 0.000000000000000000e+00
1.558094989762641956e-04 4.294328520219569713e-03 0.000000000000000000e+00 0.000000000000000000e+00 2.207138043982664403e-05
0.000000000000000000e+00 0.000000000000000000e+00 0.000000000000000000e+00 0.000000000000000000e+00 0.000000000000000000e+00
0.000000000000000000e+00 0.000000000000000000e+00 0.000000000000000000e+00 0.000000000000000000e+00 0.000000000000000000e+00
0.000000000000000000e+00 0.000000000000000000e+00 0.000000000000000000e+00 0.000000000000000000e+00 0.000000000000000000e+00
0.000000000000000000e+00 0.000000000000000000e+00 0.000000000000000000e+00 0.000000000000000000e+00 0.000000000000000000e+00
0.000000000000000000e+00 0.000000000000000000e+00 0.000000000000000000e+00 0.000000000000000000e+00 0.000000000000000000e+00
0.000000000000000000e+00 0.000000000000000000e+00 3.889200334967542194e-03 2.694222178333747207e-04 0.000000000000000000e+00
0.000000000000000000e+00 0.000000000000000000e+00 1.409920607416641040e-02 9.541271703939623212e-04 0.000000000000000000e+00
7.360221871441778238e-03 0.000000000000000000e+00 1.166185135870708052e-02 0.000000000000000000e+00 0.000000000000000000e+00
1.916769261077645378e-02 1.690849094738071194e-04 4.310547307367564723e-02 0.000000000000000000e+00 0.000000000000000000e+00
3.295996093888248213e-02 0.000000000000000000e+00 9.874519826828009883e-02 3.493664938524659088e-03 0.000000000000000000e+00
5.562353959137460169e-02 0.000000000000000000e+00 1.116998450419657701e-01 0.000000000000000000e+00 3.307204945639023036e-03
9.099205242794286552e-02 0.000000000000000000e+00 7.159671211233677168e-02 1.517172054419752697e-02 4.289053273976089348e-02
8.678759903408546361e-02 0.000000000000000000e+00 1.029195622184238615e-02 6.149686755284169970e-02 9.369417094369733578e-02
4.968426875104632601e-02 3.976974803296647737e-02 0.000000000000000000e+00 9.603890889506512540e-02 1.000188221317198922e-01
0.000000000000000000e+00 1.085949791782219592e-01 0.000000000000000000e+00 1.114685991187061992e-01 8.056301940400753536e-02
0.000000000000000000e+00 1.404113476331555199e-01 0.000000000000000000e+00 5.586443969810372945e-02 4.204148201227922432e-02
9.682569922032214713e-03 1.482953337709447539e-01 0.000000000000000000e+00 7.706842580435460319e-03 1.525668659871226226e-02
1.748992667367078868e-02 1.385935370219877338e-01 0.000000000000000000e+00 0.000000000000000000e+00 4.334286959017759865e-03
2.333566838971666210e-02 1.234370064054474692e-01 0.000000000000000000e+00 0.000000000000000000e+00 0.000000000000000000e+00
1.888590710669056649e-02 1.121721186815615445e-01 0.000000000000000000e+00 0.000000000000000000e+00 0.000000000000000000e+00
1.761101170564847648e-02 8.619181246496594728e-02 0.000000000000000000e+00 0.000000000000000000e+00 4.329280024011725896e-04
1.218682512657357636e-02 6.501237992231807816e-02 0.000000000000000000e+00 0.000000000000000000e+00 1.147019218329851150e-03
7.174059360864349678e-03 5.422718259858153034e-02 0.000000000000000000e+00 0.000000000000000000e+00 0.000000000000000000e+00
6.204291391847221136e-03 4.172769068687545019e-02 0.000000000000000000e+00 0.000000000000000000e+00 0.000000000000000000e+00
0.000000000000000000e+00 3.086622743596090582e-02 0.000000000000000000e+00 0.000000000000000000e+00 6.546773704085220988e-04
0.000000000000000000e+00 2.118456700978907717e-02 0.000000000000000000e+00 0.000000000000000000e+00 4.582682399119736532e-04
0.000000000000000000e+00 9.730964700686989266e-03 0.000000000000000000e+00 0.000000000000000000e+00 3.700806456251755621e-04
0.000000000000000000e+00 0.000000000000000000e+00 0.000000000000000000e+00 0.000000000000000000e+00 0.000000000000000000e+00
0.000000000000000000e+00 0.000000000000000000e+00 0.000000000000000000e+00 0.000000000000000000e+00 0.000000000000000000e+00
0.000000000000000000e+00 0.000000000000000000e+00 0.000000000000000000e+00 0.000000000000000000e+00 0.000000000000000000e+00
0.000000000000000000e+00 0.000000000000000000e+00 0.000000000000000000e+00 0.000000000000000000e+00 0.000000000000000000e+00
0.000000000000000000e+00 0.000000000000000000e+00 0.000000000000000000e+00 0.000000000000000000e+00 0.000000000000000000e+00
0.000000000000000000e+00 0.000000000000000000e+00 0.000000000000000000e+00 0.000000000000000000e+00 0.000000000000000000e+00
0.000000000000000000e+00 0.000000000000000000e+00 7.994467355211061846e-03 5.538123366574929964e-04 0.000000000000000000e+00
0.000000000000000000e+00 0.000000000000000000e+00 1.519307107743634276e-02 9.728406846578735705e-04 0.000000000000000000e+00
1.716728381111514573e-02 6.282486785049432899e-04 8.865803005205407511e-03 0.000000000000000000e+00 0.000000000000000000e+00
3.137314476325610280e-02 5.530948818889427996e-04 3.122040921066761635e-02 0.000000000000000000e+00 0.000000000000000000e+00
5.234914544586728030e-02 7.285735752959205400e-04 6.582909727051197701e-02 0.000000000000000000e+00 0.000000000000000000e+00
7.871389287556146419e-02 0.000000000000000000e+00 8.068072972688727917e-02 7.758550573394549198e-03 1.774931961555266044e-02
7.519078828115390023e-02 0.000000000000000000e+00 5.675161568002303619e-02 6.209283716944172943e-02 6.985750176766356012e-02
5.740591991744376649e-02 3.499215048646152348e-02 2.400343281331217271e-02 9.884151198136066629e-02 8.800449881186607481e-02
1.222117926796619826e-02 9.869349461137670587e-02 6.264212775307826525e-03 1.100201549838492748e-01 9.229726646346664287e-02
0.000000000000000000e+00 1.283227738437687504e-01 1.491963001180829189e-02 7.431629409957837828e-02 9.619000279699366218e-02
0.000000000000000000e+00 9.533981899553058137e-02 1.476280703870247804e-02 1.676870811050926169e-02 8.580827865969342660e-02
0.000000000000000000e+00 7.247040390602445259e-02 1.544588954281248504e-02 0.000000000000000000e+00 8.250667946605358405e-02
0.000000000000000000e+00 5.061636891582245446e-02 2.463600535506049391e-02 0.000000000000000000e+00 6.626073940875160107e-02
0.000000000000000000e+00 3.005468872974815381e-02 2.787817785794951056e-02 0.000000000000000000e+00 3.833018798111264419e-02
1.106428775894568658e-02 2.159976734558068448e-02 1.865920489302394861e-02 0.000000000000000000e+00 1.066723175218134943e-02
7.639557903698489250e-03 1.571027987391800801e-02 1.668125782615088870e-02 0.000000000000000000e+00 5.860142123437695437e-03
1.482034603382667635e-04 7.785379349969543186e-03 2.999409852297766407e-03 0.000000000000000000e+00 2.768819631792783509e-03
0.000000000000000000e+00 7.976612484848686485e-03 0.000000000000000000e+00 0.000000000000000000e+00 5.053290217645355943e-04
0.000000000000000000e+00 6.240891979142784360e-03 0.000000000000000000e+00 0.000000000000000000e+00 4.237299657616638588e-04
1.370492636752664169e-04 4.466305845943914152e-03 0.000000000000000000e+00 0.000000000000000000e+00 4.483755125925765550e-04
4.927446749116611013e-04 1.908912773288351126e-03 0.000000000000000000e+00 0.000000000000000000e+00 4.540082870511572520e-04
0.000000000000000000e+00 9.400270896346876834e-05 0.000000000000000000e+00 0.000000000000000000e+00 6.539645620838897968e-06
0.000000000000000000e+00 0.000000000000000000e+00 0.000000000000000000e+00 0.000000000000000000e+00 0.000000000000000000e+00
0.000000000000000000e+00 0.000000000000000000e+00 0.000000000000000000e+00 0.000000000000000000e+00 0.000000000000000000e+00
0.000000000000000000e+00 0.000000000000000000e+00 0.000000000000000000e+00 0.000000000000000000e+00 0.000000000000000000e+00
0.000000000000000000e+00 0.000000000000000000e+00 0.000000000000000000e+00 0.000000000000000000e+00 0.000000000000000000e+00
0.000000000000000000e+00 0.000000000000000000e+00 0.000000000000000000e+00 0.000000000000000000e+00 0.000000000000000000e+00
0.000000000000000000e+00 0.000000000000000000e+00 0.000000000000000000e+00 0.000000000000000000e+00 0.000000000000000000e+00
0.000000000000000000e+00 0.000000000000000000e+00 9.020784110271939590e-03 6.249098663635214946e-04 0.000000000000000000e+00
0.000000000000000000e+00 0.000000000000000000e+00 1.768556668475541535e-02 8.105976960218228911e-04 0.000000000000000000e+00
1.687195731689863226e-02 0.000000000000000000e+00 2.132962896657616264e-02 0.000000000000000000e+00 0.000000000000000000e+00
3.235334828815285974e-02 0.000000000000000000e+00 4.530970614811419273e-02 0.000000000000000000e+00 0.000000000000000000e+00
5.635865083513971058e-02 5.354712252586954144e-03 4.516578166376112452e-02 1.712307405730398215e-04 7.896278039566271764e-03
8.179230244014538964e-02 4.620829568195516587e-03 5.526138679617203370e-02 2.620128139756864455e-02 3.967452901595681924e-02
7.715062818641690856e-02 4.088835334831821683e-02 5.316368548982155356e-02 8.392683369209621991e-02 7.226537736041577231e-02
5.783279291701681063e-02 7.549185397137339604e-02 4.999677383384737439e-02 1.082563612801201447e-01 7.971578635174784988e-02
0.000000000000000000e+00 9.972104391239910992e-02 6.098029336316485027e-02 1.167753226962990887e-01 7.888287224983334123e-02
0.000000000000000000e+00 6.137421399141263639e-02 8.524124974010613420e-02 1.059331683385652118e-01 9.055218004357633299e-02
0.000000000000000000e+00 1.777825123436583762e-02 6.833902890999749014e-02 7.419876378465170563e-02 1.013141749838102484e-01
0.000000000000000000e+00 6.715075936771897069e-03 6.354599511505444609e-02 4.733077329515068821e-02 1.070739692620280431e-01
0.000000000000000000e+00 2.844774953438894242e-03 6.120591191055624325e-02 2.952870168884769858e-02 1.041569009692812908e-01
0.000000000000000000e+00 0.000000000000000000e+00 6.084009975939542320e-02 1.144776483871072677e-02 8.256161123685788750e-02
4.230309676639837715e-03 2.352713078623901535e-04 5.878046863644903475e-02 0.000000000000000000e+00 4.429968897456721538e-02
1.624648707643397416e-02 4.219771610931819655e-03 4.921974582112613461e-02 0.000000000000000000e+00 1.016753013238866701e-02
1.051247052152507258e-02 1.965145032484329202e-03 2.942273770555633994e-02 0.000000000000000000e+00 5.763428182220863526e-03
1.544617748501292279e-03 6.069935949796819580e-04 6.012320671943120753e-03 0.000000000000000000e+00 2.299614746786552582e-04
1.250495110807943022e-03 9.674801960597932378e-04 0.000000000000000000e+00 0.000000000000000000e+00 8.348676377878331677e-04
6.864130771282726026e-04 5.310624989241251098e-04 0.000000000000000000e+00 0.000000000000000000e+00 4.582697359596262757e-04
3.398084540238976574e-05 2.629022271901612943e-05 0.000000000000000000e+00 0.000000000000000000e+00 2.268662059206067713e-05
0.000000000000000000e+00 0.000000000000000000e+00 0.000000000000000000e+00 0.000000000000000000e+00 0.000000000000000000e+00
0.000000000000000000e+00 0.000000000000000000e+00 0.000000000000000000e+00 0.000000000000000000e+00 0.000000000000000000e+00
0.000000000000000000e+00 0.000000000000000000e+00 0.000000000000000000e+00 0.000000000000000000e+00 0.000000000000000000e+00
0.000000000000000000e+00 0.000000000000000000e+00 0.000000000000000000e+00 0.000000000000000000e+00 0.000000000000000000e+00
0.000000000000000000e+00 0.000000000000000000e+00 0.000000000000000000e+00 0.000000000000000000e+00 0.000000000000000000e+00
0.000000000000000000e+00 0.000000000000000000e+00 0.000000000000000000e+00 0.000000000000000000e+00 0.000000000000000000e+00
0.000000000000000000e+00 0.000000000000000000e+00 0.000000000000000000e+00 0.000000000000000000e+00 0.000000000000000000e+00
0.000000000000000000e+00 0.000000000000000000e+00 1.296400111655846748e-03 8.980740594445818601e-05 0.000000000000000000e+00
4.640800280954407030e-04 0.000000000000000000e+00 1.516901108059867144e-02 2.247089796172862196e-04 2.638266556707505946e-04
9.489140644401615476e-03 0.000000000000000000e+00 2.242271904384753045e-02 1.182363234152593008e-03 0.000000000000000000e+00
3.297803029667645269e-02 1.814008137119238039e-03 4.736980102379420576e-02 1.098344387485661842e-03 0.000000000000000000e+00
6.434825840953099785e-02 1.194364383454969182e-02 3.581916932666514425e-02 0.000000000000000000e+00 1.615735677692727718e-02
8.582437825204582149e-02 3.860380967222751258e-02 2.765019707649667841e-02 1.944170465459534730e-02 4.428739819083951645e-02
9.476553695948929101e-02 8.743329587127360303e-02 3.771330682356047181e-02 5.662936156185287978e-02 6.043998067877603964e-02
9.118012458716910629e-02 1.192123504123964034e-01 3.650059528787550495e-02 8.248064796515429398e-02 5.756237585491078695e-02
6.091947221157771597e-02 9.642554127695525390e-02 7.003952691120404750e-02 1.016973744286586434e-01 4.546775056377212049e-02
2.667398874321276134e-02 5.828239783139039371e-02 9.003382226740680450e-02 1.194975030496035068e-01 3.973493786543937784e-02
1.049614371259810844e-02 2.899459845116782869e-02 9.208359733763819832e-02 1.262446902462817655e-01 4.601342344043415911e-02
0.000000000000000000e+00 2.268639267430252668e-02 8.620345317174990529e-02 1.208526993694479384e-01 6.358475069718995398e-02
0.000000000000000000e+00 1.516271184292909691e-02 8.461141337775329729e-02 9.840409624954446488e-02 8.819296032406725994e-02
0.000000000000000000e+00 6.569363994486689118e-03 8.404694714084945395e-02 6.261055575522776750e-02 9.745156731574086684e-02
0.000000000000000000e+00 0.000000000000000000e+00 8.414348123415052449e-02 1.456338347337097355e-02 8.568758470326004462e-02
5.783424845108854975e-03 0.000000000000000000e+00 8.852682036734559057e-02 0.000000000000000000e+00 3.363526325162536496e-02
1.301157064734638144e-02 7.635273974435391898e-04 6.299985918536979423e-02 0.000000000000000000e+00 5.669748120221487775e-03
7.329436211362111778e-03 0.000000000000000000e+00 2.588493310245754478e-02 1.580627617097342223e-03 0.000000000000000000e+00
1.381557231362304694e-04 0.000000000000000000e+00 1.803878576525295898e-03 9.899723295511910111e-04 0.000000000000000000e+00
0.000000000000000000e+00 0.000000000000000000e+00 0.000000000000000000e+00 0.000000000000000000e+00 0.000000000000000000e+00
0.000000000000000000e+00 0.000000000000000000e+00 0.000000000000000000e+00 0.000000000000000000e+00 0.000000000000000000e+00
0.000000000000000000e+00 0.000000000000000000e+00 0.000000000000000000e+00 0.000000000000000000e+00 0.000000000000000000e+00
0.000000000000000000e+00 0.000000000000000000e+00 0.000000000000000000e+00 0.000000000000000000e+00 0.000000000000000000e+00
0.000000000000000000e+00 0.000000000000000000e+00 0.000000000000000000e+00 0.000000000000000000e+00 0.000000000000000000e+00
0.000000000000000000e+00 0.000000000000000000e+00 0.000000000000000000e+00 0.000000000000000000e+00 0.000000000000000000e+00
0.000000000000000000e+00 0.000000000000000000e+00 0.000000000000000000e+00 0.000000000000000000e+00 0.000000000000000000e+00
0.000000000000000000e+00 0.000000000000000000e+00 0.000000000000000000e+00 0.000000000000000000e+00 0.000000000000000000e+00
0.000000000000000000e+00 0.000000000000000000e+00 0.000000000000000000e+00 0.000000000000000000e+00 0.000000000000000000e+00
0.000000000000000000e+00 0.000000000000000000e+00 0.000000000000000000e+00 0.000000000000000000e+00 0.000000000000000000e+00
5.057837604291045078e-03 0.000000000000000000e+00 8.851461566738353217e-04 1.009987981959697316e-03 0.000000000000000000e+00
1.409493391038436037e-02 0.000000000000000000e+00 1.282480943874259906e-02 6.701446167561923547e-04 0.000000000000000000e+00
2.595222535319872958e-02 2.291334980590410426e-03 3.028264330194432863e-02 4.315040817127941720e-03 3.155606069746887555e-03
4.163649432168348846e-02 1.415271647738708567e-02 2.893413154186684488e-02 9.544310932240854251e-03 1.767193896334400341e-02
8.348884310848263268e-02 6.555222045018480048e-02 2.181815695285834952e-02 1.065149365711009176e-02 2.758568934725674424e-02
1.041330002263576859e-01 1.180115194860852368e-01 2.079593554298296565e-02 1.497094594526676183e-02 4.479653277544268924e-02
1.147354580929661472e-01 1.434091179341071276e-01 1.719818262129367212e-02 1.638664644936544540e-02 3.436915263557811795e-02
1.400603223725911672e-01 1.426866081421769850e-01 1.486798062936127082e-02 9.221583125628464439e-03 1.944957071559360456e-02
1.345040524874869803e-01 1.253484000868194115e-01 2.182488244120301193e-02 4.596440604580504831e-03 1.274478950674835971e-02
1.072528838972138937e-01 1.026637186281054159e-01 4.101156425672339290e-02 2.794074385646902470e-02 1.109912031317991654e-02
6.580232908492729405e-02 8.032464799277216905e-02 5.373546525240726485e-02 6.465219045152695299e-02 1.763937747539630688e-02
2.833691027086727293e-02 5.887202489127658922e-02 5.465249748124936108e-02 9.666098353021464196e-02 4.434467030793357023e-02
0.000000000000000000e+00 2.772512458682504025e-02 4.991600725046099057e-02 1.049663046696451135e-01 9.916371541477100870e-02
0.000000000000000000e+00 8.224618475987334129e-03 6.423371139397092422e-02 5.057190433128308515e-02 1.099332525381081782e-01
0.000000000000000000e+00 0.000000000000000000e+00 9.907151027953246814e-02 0.000000000000000000e+00 8.455170001778934685e-02
0.000000000000000000e+00 0.000000000000000000e+00 1.089084910829224428e-01 0.000000000000000000e+00 1.945632039050192857e-02
6.671650263868349369e-03 0.000000000000000000e+00 6.098382582138207886e-02 2.156621878622645618e-03 0.000000000000000000e+00
2.947791667540919196e-03 0.000000000000000000e+00 2.050588943906921438e-02 4.402400618216204681e-03 0.000000000000000000e+00
0.000000000000000000e+00 0.000000000000000000e+00 6.949175469689478643e-04 4.094899825427595784e-04 0.000000000000000000e+00
0.000000000000000000e+00 0.000000000000000000e+00 0.000000000000000000e+00 0.000000000000000000e+00 0.000000000000000000e+00
0.000000000000000000e+00 0.000000000000000000e+00 0.000000000000000000e+00 0.000000000000000000e+00 0.000000000000000000e+00
0.000000000000000000e+00 0.000000000000000000e+00 0.000000000000000000e+00 0.000000000000000000e+00 0.000000000000000000e+00
0.000000000000000000e+00 0.000000000000000000e+00 0.000000000000000000e+00 0.000000000000000000e+00 0.000000000000000000e+00
0.000000000000000000e+00 0.000000000000000000e+00 0.000000000000000000e+00 0.000000000000000000e+00 0.000000000000000000e+00
0.000000000000000000e+00 0.000000000000000000e+00 0.000000000000000000e+00 0.000000000000000000e+00 0.000000000000000000e+00
0.000000000000000000e+00 0.000000000000000000e+00 0.000000000000000000e+00 0.000000000000000000e+00 0.000000000000000000e+00
0.000000000000000000e+00 0.000000000000000000e+00 3.266425021101631069e-04 8.309738447717915366e-03 0.000000000000000000e+00
0.000000000000000000e+00 5.326528384739495550e-04 3.804443487572692849e-04 8.404217276061021549e-03 0.000000000000000000e+00
4.065580332278636959e-03 1.721980356898165226e-03 0.000000000000000000e+00 7.590226802957830698e-03 0.000000000000000000e+00
1.028389300399878276e-02 2.931432717958726633e-03 4.386515238019922033e-03 3.648189411213018530e-03 0.000000000000000000e+00
2.526795266291250244e-02 3.344601078643799803e-03 1.019211023963890149e-02 1.142865500683609660e-03 0.000000000000000000e+00
3.827195966112114517e-02 1.433386011691921598e-02 1.826399522074061491e-02 8.030856857352549477e-03 8.717381098333936221e-03
6.962529725697466643e-02 4.135509977685350447e-02 1.178707027761002023e-02 1.037240627909928950e-02 1.613319851763183807e-02
8.767651700742412624e-02 8.665364708395653648e-02 1.133947645302397535e-02 3.759216136124222691e-03 1.630411458781854880e-02
1.036289858559650140e-01 1.059896526629820201e-01 0.000000000000000000e+00 0.000000000000000000e+00 9.720824970985791208e-03
1.268634760493436986e-01 1.068301180536214562e-01 0.000000000000000000e+00 0.000000000000000000e+00 0.000000000000000000e+00
1.420860950170569625e-01 9.856276044076237031e-02 0.000000000000000000e+00 0.000000000000000000e+00 0.000000000000000000e+00
1.364864448235520722e-01 9.053620256371511243e-02 3.577213026433111003e-04 0.000000000000000000e+00 0.000000000000000000e+00
1.130463231810379388e-01 7.752180638348230013e-02 1.186721485988057913e-02 0.000000000000000000e+00 0.000000000000000000e+00
7.995640982558567533e-02 7.320228026572021818e-02 1.759933990857801347e-02 3.946587192123619803e-02 1.348545653079246884e-02
1.964094241519797474e-02 5.145836591113434055e-02 1.349695627077729561e-02 1.073836701632606139e-01 6.769472948220189856e-02
0.000000000000000000e+00 1.664506303313337265e-02 2.392383987020886560e-02 9.752683278367438313e-02 1.143924266955158725e-01
0.000000000000000000e+00 0.000000000000000000e+00 8.853713771817568745e-02 1.208848789754441745e-02 1.063772853599442292e-01
0.000000000000000000e+00 0.000000000000000000e+00 1.163114709925838347e-01 0.000000000000000000e+00 4.534459617879358501e-02
0.000000000000000000e+00 0.000000000000000000e+00 1.077732257737698540e-01 6.671630909388078304e-03 0.000000000000000000e+00
2.927456695067332730e-04 0.000000000000000000e+00 4.427763826573712092e-02 7.712629021432711868e-03 0.000000000000000000e+00
3.391847422130687595e-06 0.000000000000000000e+00 7.626167008712686490e-03 4.002654140088230533e-03 0.000000000000000000e+00
0.000000000000000000e+00 0.000000000000000000e+00 0.000000000000000000e+00 0.000000000000000000e+00 0.000000000000000000e+00
0.000000000000000000e+00 0.000000000000000000e+00 0.000000000000000000e+00 0.000000000000000000e+00 0.000000000000000000e+00
0.000000000000000000e+00 0.000000000000000000e+00 0.000000000000000000e+00 0.000000000000000000e+00 0.000000000000000000e+00
0.000000000000000000e+00 0.000000000000000000e+00 0.000000000000000000e+00 0.000000000000000000e+00 0.000000000000000000e+00
0.000000000000000000e+00 0.000000000000000000e+00 0.000000000000000000e+00 0.000000000000000000e+00 0.000000000000000000e+00
0.000000000000000000e+00 0.000000000000000000e+00 0.000000000000000000e+00 0.000000000000000000e+00 0.000000000000000000e+00
0.000000000000000000e+00 0.000000000000000000e+00 0.000000000000000000e+00 0.000000000000000000e+00 0.000000000000000000e+00
0.000000000000000000e+00 5.245556753014687240e-04 1.690288607036660761e-04 8.977329580752086216e-03 0.000000000000000000e+00
0.000000000000000000e+00 7.131070855047147872e-04 3.533528941684822757e-03 4.059195268961138248e-02 0.000000000000000000e+00
0.000000000000000000e+00 0.000000000000000000e+00 5.314833548232671644e-03 5.453599581006461638e-02 0.000000000000000000e+00
8.014847557352308693e-03 1.564208157064162635e-02 0.000000000000000000e+00 1.385220911038848902e-02 0.000000000000000000e+00
2.220998817947997597e-02 2.038536438131597836e-02 0.000000000000000000e+00 4.482539315251247644e-03 0.000000000000000000e+00
3.685377798754625733e-02 2.074958016225534815e-02 1.085192240490038054e-02 0.000000000000000000e+00 4.663986425723982282e-03
6.317321803771586142e-02 2.890761872165413179e-02 0.000000000000000000e+00 0.000000000000000000e+00 1.299600527062573160e-02
7.160490802082601636e-02 3.317377456387957113e-02 1.197915789690722236e-03 0.000000000000000000e+00 1.279542587559625959e-02
7.451777476215415419e-02 2.316447640227254495e-02 6.231240303183424416e-03 0.000000000000000000e+00 3.799333369321501123e-03
6.979336409022421361e-02 2.377706127621200330e-02 4.560778844027703338e-03 0.000000000000000000e+00 0.000000000000000000e+00
7.128634558196986215e-02 4.439139107311348281e-02 0.000000000000000000e+00 0.000000000000000000e+00 0.000000000000000000e+00
8.966736871142345910e-02 6.470752767914646209e-02 0.000000000000000000e+00 0.000000000000000000e+00 0.000000000000000000e+00
1.019557891439194786e-01 7.718067044437620927e-02 0.000000000000000000e+00 0.000000000000000000e+00 0.000000000000000000e+00
9.816177582535871859e-02 8.505391599984125917e-02 0.000000000000000000e+00 3.054307251271091636e-02 3.493916284329325397e-03
6.078522524019032425e-02 6.071155524705457163e-02 0.000000000000000000e+00 9.752574312301841297e-02 5.204345347172723707e-02
2.057256559834706039e-02 2.169044063401152217e-02 0.000000000000000000e+00 8.415094056660651911e-02 1.070786145662065980e-01
4.334507258101847650e-03 0.000000000000000000e+00 6.434210465693691872e-02 2.399105769148405370e-02 1.053498391601630363e-01
0.000000000000000000e+00 0.000000000000000000e+00 1.252162017989746912e-01 0.000000000000000000e+00 5.277254359187034255e-02
0.000000000000000000e+00 0.000000000000000000e+00 1.146685170589983316e-01 4.806928393447652305e-03 0.000000000000000000e+00
0.000000000000000000e+00 0.000000000000000000e+00 6.114832873514444017e-02 1.190979594409443884e-02 0.000000000000000000e+00
0.000000000000000000e+00 0.000000000000000000e+00 1.295665743586001638e-02 6.318938892939902213e-03 0.000000000000000000e+00
0.000000000000000000e+00 0.000000000000000000e+00 0.000000000000000000e+00 0.000000000000000000e+00 0.000000000000000000e+00
0.000000000000000000e+00 0.000000000000000000e+00 0.000000000000000000e+00 0.000000000000000000e+00 0.000000000000000000e+00
0.000000000000000000e+00 0.000000000000000000e+00 0.000000000000000000e+00 0.000000000000000000e+00 0.000000000000000000e+00
0.000000000000000000e+00 0.000000000000000000e+00 0.000000000000000000e+00 0.000000000000000000e+00 0.000000000000000000e+00
0.000000000000000000e+00 0.000000000000000000e+00 0.000000000000000000e+00 0.000000000000000000e+00 0.000000000000000000e+00
0.000000000000000000e+00 0.000000000000000000e+00 0.000000000000000000e+00 0.000000000000000000e+00 0.000000000000000000e+00
0.000000000000000000e+00 0.000000000000000000e+00 0.000000000000000000e+00 0.000000000000000000e+00 0.000000000000000000e+00
0.000000000000000000e+00 8.153962538725241559e-04 0.000000000000000000e+00 5.714384898911802936e-03 1.708861307111961833e-04
0.000000000000000000e+00 0.000000000000000000e+00 8.334352165283340566e-03 5.678360834898484727e-02 0.000000000000000000e+00
0.000000000000000000e+00 4.239171673781250323e-04 9.656672008823224962e-03 7.120468914836947105e-02 0.000000000000000000e+00
0.000000000000000000e+00 3.649209875678663395e-02 9.088246404291414060e-03 3.747922283121848247e-02 0.000000000000000000e+00
0.000000000000000000e+00 5.557897985788502054e-02 4.598039505527623180e-03 1.429845173155054258e-02 5.189162851205262293e-03
6.588811475402112615e-03 4.536357054825760488e-02 9.295120399090701924e-03 0.000000000000000000e+00 1.034746672056184071e-02
3.413714402930777964e-02 2.415597662714985550e-02 9.142910072466052876e-03 0.000000000000000000e+00 1.073592029941621180e-02
4.344357597710517271e-02 1.154906686382170880e-02 6.228206366318531084e-03 0.000000000000000000e+00 8.195712524700310073e-03
3.366687089532722360e-02 6.616023675513706993e-03 7.478348195137453185e-03 0.000000000000000000e+00 2.226047553034396585e-03
1.367632171477265596e-02 1.252575030964415276e-02 3.774536358345776440e-03 2.534272063362305594e-03 0.000000000000000000e+00
1.119745718613097442e-02 3.703604987144427235e-02 0.000000000000000000e+00 2.200717425587420811e-03 0.000000000000000000e+00
3.459196159503762774e-02 6.070768710656911094e-02 0.000000000000000000e+00 1.026216806182940998e-02 0.000000000000000000e+00
6.920421767469053798e-02 8.706991780629019795e-02 0.000000000000000000e+00 2.638262509504857647e-02 0.000000000000000000e+00
8.355011892918226546e-02 9.793078574947942927e-02 0.000000000000000000e+00 6.346454086761021962e-02 1.567023394793250549e-02
6.595187490211255887e-02 5.446137603923918019e-02 0.000000000000000000e+00 9.909795814083126320e-02 7.183436174693251519e-02
6.127732430139153086e-02 1.111605706502017885e-02 0.000000000000000000e+00 6.191850718468580594e-02 1.029760300297637016e-01
3.456850326957977559e-02 0.000000000000000000e+00 4.593278502215879938e-02 4.910857977481620628e-04 1.005709940298272070e-01
0.000000000000000000e+00 0.000000000000000000e+00 1.292006005992474560e-01 0.000000000000000000e+00 3.689827274803164636e-02
0.000000000000000000e+00 0.000000000000000000e+00 1.365739642707481105e-01 5.343747812026816701e-03 3.714117396926716825e-04
0.000000000000000000e+00 0.000000000000000000e+00 7.318932753409700120e-02 1.443012182781161848e-02 0.000000000000000000e+00
0.000000000000000000e+00 0.000000000000000000e+00 2.055755061420219687e-02 7.352987939831638793e-03 0.000000000000000000e+00
0.000000000000000000e+00 0.000000000000000000e+00 0.000000000000000000e+00 0.000000000000000000e+00 0.000000000000000000e+00
0.000000000000000000e+00 0.000000000000000000e+00 0.000000000000000000e+00 0.000000000000000000e+00 0.000000000000000000e+00
0.000000000000000000e+00 0.000000000000000000e+00 0.000000000000000000e+00 0.000000000000000000e+00 0.000000000000000000e+00
0.000000000000000000e+00 0.000000000000000000e+00 0.000000000000000000e+00 0.000000000000000000e+00 0.000000000000000000e+00
0.000000000000000000e+00 0.000000000000000000e+00 0.000000000000000000e+00 0.000000000000000000e+00 0.000000000000000000e+00
0.000000000000000000e+00 0.000000000000000000e+00 0.000000000000000000e+00 0.000000000000000000e+00 0.000000000000000000e+00
0.000000000000000000e+00 0.000000000000000000e+00 0.000000000000000000e+00 0.000000000000000000e+00 0.000000000000000000e+00
0.000000000000000000e+00 7.171964068220661019e-05 0.000000000000000000e+00 3.530128345190055358e-04 2.880471734939777582e-05
0.000000000000000000e+00 0.000000000000000000e+00 4.771433253744007848e-03 4.364072722974441515e-02 0.000000000000000000e+00
0.000000000000000000e+00 1.012525446770626454e-02 1.647964045248608358e-02 7.771956390716842911e-02 8.072784650788274782e-04
0.000000000000000000e+00 6.523481803805428192e-02 2.964487401687281379e-02 7.574585439099319750e-02 1.202830143339284584e-02
0.000000000000000000e+00 8.553169612205835382e-02 2.358757807089573860e-02 4.944231661278331025e-02 2.395667227494665402e-02
0.000000000000000000e+00 5.821381417315477091e-02 1.178419407828184412e-02 1.617612141349068083e-02 2.141795633441528207e-02
0.000000000000000000e+00 4.620418994440050192e-02 1.724552744587915312e-02 0.000000000000000000e+00 1.846380501440763114e-02
6.398023803003561293e-03 3.803847195828990307e-02 7.093523161764815101e-03 0.000000000000000000e+00 9.949402977660398370e-03
8.964861693153889505e-03 3.419281156176815634e-02 2.088617694653812143e-04 0.000000000000000000e+00 2.150042847976344970e-03
8.246353229263229598e-03 4.882889716779742484e-02 0.000000000000000000e+00 0.000000000000000000e+00 0.000000000000000000e+00
8.065340839422762906e-03 7.822048855301910741e-02 0.000000000000000000e+00 8.027748878261889778e-03 0.000000000000000000e+00
1.649708138860263643e-02 1.025741906964291739e-01 0.000000000000000000e+00 3.560932521787563143e-02 0.000000000000000000e+00
3.388907077050928168e-02 1.116004782932654704e-01 0.000000000000000000e+00 8.565485746816235701e-02 2.063552733447144346e-03
5.402825973755505384e-02 7.433815016866308911e-02 0.000000000000000000e+00 1.117411970224113510e-01 4.608189291155277006e-02
5.982483715410850250e-02 2.811941957809906481e-02 0.000000000000000000e+00 9.001110647617953375e-02 9.189748229093655518e-02
7.849805284185705501e-02 0.000000000000000000e+00 0.000000000000000000e+00 2.638831957208297857e-02 1.121402777919441041e-01
5.127557719443457535e-02 0.000000000000000000e+00 5.582615402604136634e-02 0.000000000000000000e+00 8.709829079426663345e-02
6.167962609396658927e-03 0.000000000000000000e+00 1.309835421646116105e-01 0.000000000000000000e+00 2.109514202292974913e-02
0.000000000000000000e+00 0.000000000000000000e+00 1.406165488503844929e-01 6.578332001997260099e-03 0.000000000000000000e+00
0.000000000000000000e+00 0.000000000000000000e+00 7.644122167804064116e-02 1.332947856796169901e-02 0.000000000000000000e+00
0.000000000000000000e+00 0.000000000000000000e+00 1.907095952486616980e-02 5.944323930157089861e-03 0.000000000000000000e+00
0.000000000000000000e+00 0.000000000000000000e+00 0.000000000000000000e+00 0.000000000000000000e+00 0.000000000000000000e+00
0.000000000000000000e+00 0.000000000000000000e+00 0.000000000000000000e+00 0.000000000000000000e+00 0.000000000000000000e+00
0.000000000000000000e+00 0.000000000000000000e+00 0.000000000000000000e+00 0.000000000000000000e+00 0.000000000000000000e+00
0.000000000000000000e+00 0.000000000000000000e+00 0.000000000000000000e+00 0.000000000000000000e+00 0.000000000000000000e+00
0.000000000000000000e+00 0.000000000000000000e+00 0.000000000000000000e+00 0.000000000000000000e+00 0.000000000000000000e+00
0.000000000000000000e+00 0.000000000000000000e+00 0.000000000000000000e+00 0.000000000000000000e+00 0.000000000000000000e+00
0.000000000000000000e+00 0.000000000000000000e+00 0.000000000000000000e+00 0.000000000000000000e+00 0.000000000000000000e+00
0.000000000000000000e+00 0.000000000000000000e+00 0.000000000000000000e+00 0.000000000000000000e+00 0.000000000000000000e+00
0.000000000000000000e+00 0.000000000000000000e+00 0.000000000000000000e+00 5.963338069302481607e-03 5.962963590112147459e-03
0.000000000000000000e+00 1.636158235212779128e-03 6.886445561874375522e-04 6.029047369827385261e-02 2.490211798705867924e-02
0.000000000000000000e+00 6.424942524841815994e-02 2.330975060246258043e-02 9.365308833045099535e-02 4.750318719306749482e-02
0.000000000000000000e+00 9.601038858962022970e-02 4.267947572268979139e-02 9.257246213124960266e-02 4.330788069556823494e-02
0.000000000000000000e+00 9.510954764426733654e-02 4.798396490047268648e-02 7.407222061817231307e-02 2.071889317506780612e-02
0.000000000000000000e+00 9.608090342388940497e-02 3.698065330514658383e-02 3.922185430437672565e-02 2.295033242345793575e-02
0.000000000000000000e+00 9.782610091281536413e-02 1.558976587280457363e-02 2.140511067057666167e-02 1.619317485395728798e-02
0.000000000000000000e+00 1.052097529441131246e-01 6.665684545681627333e-03 2.912166548792453208e-02 0.000000000000000000e+00
0.000000000000000000e+00 1.253517265656355073e-01 0.000000000000000000e+00 3.376359632350870582e-02 0.000000000000000000e+00
0.000000000000000000e+00 1.324315079874334444e-01 0.000000000000000000e+00 5.687378501905239470e-02 0.000000000000000000e+00
0.000000000000000000e+00 1.126614633633036267e-01 0.000000000000000000e+00 9.670363857049533995e-02 0.000000000000000000e+00
1.563938001819312196e-02 7.271163741892110177e-02 0.000000000000000000e+00 1.323048733498338736e-01 4.406153819639045677e-02
3.853110658834051766e-02 2.751879750490388368e-02 0.000000000000000000e+00 1.135521419751914646e-01 8.518212119378493208e-02
8.075904579294693186e-02 1.660039122117210747e-03 0.000000000000000000e+00 4.078759284989322276e-02 1.138234602767701775e-01
9.039116446746446598e-02 0.000000000000000000e+00 2.130642355595255277e-02 0.000000000000000000e+00 1.083464655807413607e-01
4.974219802478872104e-02 0.000000000000000000e+00 8.836534679730514985e-02 0.000000000000000000e+00 5.332180253801005465e-02
3.675920084091845955e-03 0.000000000000000000e+00 1.331724827373636511e-01 0.000000000000000000e+00 5.931742385900154110e-03
0.000000000000000000e+00 0.000000000000000000e+00 1.278934469867674395e-01 8.553446539660823980e-03 0.000000000000000000e+00
0.000000000000000000e+00 0.000000000000000000e+00 5.567860202474685105e-02 9.918138097575083384e-03 0.000000000000000000e+00
0.000000000000000000e+00 0.000000000000000000e+00 2.177631468451783278e-02 4.761942707246839129e-03 0.000000000000000000e+00
0.000000000000000000e+00 4.481307958726418045e-06 2.014440731848325477e-04 2.305183229494096100e-05 0.000000000000000000e+00
0.000000000000000000e+00 0.000000000000000000e+00 0.000000000000000000e+00 0.000000000000000000e+00 0.000000000000000000e+00
0.000000000000000000e+00 0.000000000000000000e+00 0.000000000000000000e+00 0.000000000000000000e+00 0.000000000000000000e+00
0.000000000000000000e+00 0.000000000000000000e+00 0.000000000000000000e+00 0.000000000000000000e+00 0.000000000000000000e+00
0.000000000000000000e+00 0.000000000000000000e+00 0.000000000000000000e+00 0.000000000000000000e+00 0.000000000000000000e+00
0.000000000000000000e+00 0.000000000000000000e+00 0.000000000000000000e+00 0.000000000000000000e+00 0.000000000000000000e+00
0.000000000000000000e+00 0.000000000000000000e+00 0.000000000000000000e+00 0.000000000000000000e+00 0.000000000000000000e+00
0.000000000000000000e+00 0.000000000000000000e+00 0.000000000000000000e+00 0.000000000000000000e+00 5.233879965690128866e-03
0.000000000000000000e+00 0.000000000000000000e+00 0.000000000000000000e+00 0.000000000000000000e+00 1.859107997128694317e-02
0.000000000000000000e+00 9.493442854939167577e-03 0.000000000000000000e+00 2.667133170955004323e-02 4.065609582059163257e-02
0.000000000000000000e+00 4.847672857153304676e-02 0.000000000000000000e+00 5.995242058232635313e-02 6.367558450652874291e-02
0.000000000000000000e+00 8.304676608595126797e-02 2.472023717733834794e-02 8.908998637228066064e-02 5.474176712026312952e-02
0.000000000000000000e+00 1.049940774947672045e-01 4.189086445378192858e-02 8.079789569474012112e-02 5.433397958946491191e-02
0.000000000000000000e+00 1.190919440169170423e-01 4.467880270899386719e-02 7.434412799382682235e-02 4.997825433121084321e-02
0.000000000000000000e+00 1.264804381522533494e-01 3.949277955901537435e-02 8.397191635420449274e-02 3.087470017777946968e-02
0.000000000000000000e+00 1.348086160446311244e-01 2.854948642616019980e-02 8.894239958796359979e-02 2.087580939844465092e-02
0.000000000000000000e+00 1.226979581755735377e-01 1.886610435021912960e-02 1.045910895710877170e-01 2.089882352048459332e-02
0.000000000000000000e+00 9.179334454004448030e-02 1.970768668215581304e-03 1.278296083424709795e-01 4.267699463667933013e-02
0.000000000000000000e+00 5.173460542037575105e-02 0.000000000000000000e+00 1.318151035410637939e-01 7.239053666860305325e-02
1.256651905063401603e-02 1.526729037805407176e-02 0.000000000000000000e+00 1.166591511521908875e-01 9.645294288579489561e-02
7.047473360462915004e-02 0.000000000000000000e+00 0.000000000000000000e+00 5.482108370927177982e-02 1.157181251423989726e-01
1.074559903105345021e-01 0.000000000000000000e+00 1.095746927868784977e-02 7.426681667107280956e-03 1.083308251872834443e-01
9.123353777985468427e-02 0.000000000000000000e+00 6.093909669280368757e-02 0.000000000000000000e+00 6.310141734154564586e-02
3.034750759804079323e-02 0.000000000000000000e+00 1.233425660153789766e-01 0.000000000000000000e+00 1.215144557250395774e-02
4.749622350630476261e-03 0.000000000000000000e+00 1.257799907582388410e-01 0.000000000000000000e+00 0.000000000000000000e+00
0.000000000000000000e+00 0.000000000000000000e+00 7.450064519614030267e-02 7.124680881480926868e-03 0.000000000000000000e+00
0.000000000000000000e+00 0.000000000000000000e+00 3.353140982842243989e-02 5.734235682565451062e-03 0.000000000000000000e+00
0.000000000000000000e+00 0.000000000000000000e+00 1.526954024334200612e-02 2.350221408182963552e-03 0.000000000000000000e+00
0.000000000000000000e+00 1.232359688649763336e-04 5.539712012582896118e-03 6.339253881108765799e-04 0.000000000000000000e+00
0.000000000000000000e+00 0.000000000000000000e+00 0.000000000000000000e+00 0.000000000000000000e+00 0.000000000000000000e+00
0.000000000000000000e+00 0.000000000000000000e+00 0.000000000000000000e+00 0.000000000000000000e+00 0.000000000000000000e+00
0.000000000000000000e+00 0.000000000000000000e+00 0.000000000000000000e+00 0.000000000000000000e+00 0.000000000000000000e+00
0.000000000000000000e+00 0.000000000000000000e+00 0.000000000000000000e+00 0.000000000000000000e+00 0.000000000000000000e+00
0.000000000000000000e+00 0.000000000000000000e+00 0.000000000000000000e+00 0.000000000000000000e+00 0.000000000000000000e+00
0.000000000000000000e+00 0.000000000000000000e+00 0.000000000000000000e+00 0.000000000000000000e+00 0.000000000000000000e+00
0.000000000000000000e+00 0.000000000000000000e+00 0.000000000000000000e+00 0.000000000000000000e+00 5.675291529061586918e-03
0.000000000000000000e+00 0.000000000000000000e+00 0.000000000000000000e+00 0.000000000000000000e+00 1.332383195452129833e-02
0.000000000000000000e+00 2.269656172240887889e-03 2.734564270193978069e-04 1.397004826371941316e-02 3.572740922904370231e-02
3.228123745420223220e-03 1.838053070228088184e-03 0.000000000000000000e+00 5.136339739876594201e-02 6.150622317222571855e-02
0.000000000000000000e+00 3.358919566984437666e-02 5.835435029378325221e-03 7.013668169803513597e-02 7.566830394446945329e-02
1.642285239480011831e-03 5.530788548299051671e-02 3.944853685207295318e-02 7.328107565608982243e-02 8.510398448350803280e-02
8.404294911512535243e-03 6.492116856461005447e-02 4.424371530441526673e-02 6.802036032537843446e-02 1.002098448715746798e-01
8.878826526844487560e-03 6.188027269878767361e-02 4.988708380099526191e-02 8.277684560117674895e-02 8.975081626812635160e-02
0.000000000000000000e+00 4.967789108907521428e-02 6.111895970189488991e-02 1.001401736282823279e-01 8.302671144675508041e-02
1.342989965558637980e-04 3.206349155597923439e-02 4.811218460173810607e-02 1.071159974518082203e-01 9.000058626385215588e-02
1.620498427176714565e-02 1.199583470392255949e-02 2.769752107838691427e-02 1.069825806302382859e-01 1.062290948009240316e-01
4.149176683549625488e-02 0.000000000000000000e+00 2.177238531450096520e-02 7.971027381611038576e-02 1.164746300271006924e-01
7.978375333289824956e-02 0.000000000000000000e+00 2.692809611454126048e-02 2.928335768821213603e-02 1.242800332889629350e-01
1.055111164612148045e-01 0.000000000000000000e+00 3.777343600595946954e-02 0.000000000000000000e+00 1.052270474224583641e-01
1.097197443975356512e-01 0.000000000000000000e+00 6.617026691891914059e-02 0.000000000000000000e+00 5.532409633988478320e-02
5.099407735100716654e-02 0.000000000000000000e+00 1.167521711041464572e-01 0.000000000000000000e+00 1.174740967286451269e-02
1.679754153858765975e-02 0.000000000000000000e+00 1.337958967246435649e-01 0.000000000000000000e+00 0.000000000000000000e+00
0.000000000000000000e+00 0.000000000000000000e+00 9.440760153633377672e-02 4.742301612552133130e-03 0.000000000000000000e+00
0.000000000000000000e+00 0.000000000000000000e+00 4.291721786119716275e-02 2.612519460810444703e-03 0.000000000000000000e+00
0.000000000000000000e+00 0.000000000000000000e+00 2.102073355160654841e-02 2.025633481511972863e-03 0.000000000000000000e+00
0.000000000000000000e+00 2.823224013997647705e-04 1.269097661064443570e-02 1.452265434581280793e-03 0.000000000000000000e+00
0.000000000000000000e+00 1.467628356482905975e-04 6.597293396803265327e-03 7.549475076593164472e-04 0.000000000000000000e+00
0.000000000000000000e+00 0.000000000000000000e+00 0.000000000000000000e+00 0.000000000000000000e+00 0.000000000000000000e+00
0.000000000000000000e+00 0.000000000000000000e+00 0.000000000000000000e+00 0.000000000000000000e+00 0.000000000000000000e+00
0.000000000000000000e+00 0.000000000000000000e+00 0.000000000000000000e+00 0.000000000000000000e+00 0.000000000000000000e+00
0.000000000000000000e+00 0.000000000000000000e+00 0.000000000000000000e+00 0.000000000000000000e+00 0.000000000000000000e+00
0.000000000000000000e+00 0.000000000000000000e+00 0.000000000000000000e+00 0.000000000000000000e+00 0.000000000000000000e+00
0.000000000000000000e+00 0.000000000000000000e+00 0.000000000000000000e+00 0.000000000000000000e+00 0.000000000000000000e+00
0.000000000000000000e+00 0.000000000000000000e+00 0.000000000000000000e+00 0.000000000000000000e+00 3.783527686041059644e-04
0.000000000000000000e+00 0.000000000000000000e+00 3.984981386977594353e-03 1.776089501097022610e-03 4.173267438798542242e-03
0.000000000000000000e+00 0.000000000000000000e+00 1.182235564747052999e-02 5.154786383372073413e-03 1.357663544313721798e-02
1.067698597851249841e-02 0.000000000000000000e+00 5.570071537187167368e-03 3.553602981763776675e-02 3.283751673879562599e-02
2.289339876399250698e-02 0.000000000000000000e+00 0.000000000000000000e+00 5.135209280728301323e-02 6.062928334905135636e-02
2.629392889535352509e-02 0.000000000000000000e+00 4.738643070207076112e-03 5.063356872226942168e-02 8.167214492968390138e-02
5.199259016168806397e-02 0.000000000000000000e+00 2.543267622068201214e-02 5.149800183177582341e-02 9.085628140134231756e-02
7.096718210714801633e-02 0.000000000000000000e+00 2.835871978725269110e-02 6.033194658446199704e-02 9.735454064141690900e-02
7.424517024784368924e-02 0.000000000000000000e+00 5.199639081146318481e-02 6.171068801828964029e-02 1.025860353481829329e-01
8.319802562978818872e-02 0.000000000000000000e+00 5.898188085363798711e-02 4.664302610186558951e-02 1.123785373306882968e-01
8.950328871902499261e-02 0.000000000000000000e+00 5.943254808523844301e-02 3.093654945370554951e-02 1.106257172440979625e-01
1.044199985458141855e-01 0.000000000000000000e+00 5.027814876976736957e-02 0.000000000000000000e+00 1.080523701773657280e-01
1.111205905670127891e-01 0.000000000000000000e+00 5.991575084189899175e-02 0.000000000000000000e+00 7.879171465459879065e-02
9.881225461076931227e-02 0.000000000000000000e+00 8.819893154000781055e-02 0.000000000000000000e+00 3.942309465871746132e-02
6.353816884046771529e-02 0.000000000000000000e+00 1.242855196854526362e-01 0.000000000000000000e+00 0.000000000000000000e+00
3.484497704223912112e-02 0.000000000000000000e+00 1.267701830135662400e-01 0.000000000000000000e+00 0.000000000000000000e+00
1.465562409890089433e-03 0.000000000000000000e+00 1.045469420297113067e-01 1.478015415588585955e-03 0.000000000000000000e+00
0.000000000000000000e+00 5.774804973263453689e-04 6.042321406102235670e-02 1.546242005535052207e-03 0.000000000000000000e+00
0.000000000000000000e+00 5.218968123327031574e-04 3.026913869227763204e-02 1.278342688977773074e-03 0.000000000000000000e+00
0.000000000000000000e+00 2.159441628988328823e-04 1.409541006493827790e-02 1.549556791021109619e-03 0.000000000000000000e+00
0.000000000000000000e+00 2.296670328847296295e-04 1.032400875072266716e-02 1.181406405115723816e-03 0.000000000000000000e+00
0.000000000000000000e+00 8.514485121580202417e-05 3.827437390511817701e-03 4.379848136038784283e-04 0.000000000000000000e+00
0.000000000000000000e+00 0.000000000000000000e+00 0.000000000000000000e+00 0.000000000000000000e+00 0.000000000000000000e+00
0.000000000000000000e+00 0.000000000000000000e+00 0.000000000000000000e+00 0.000000000000000000e+00 0.000000000000000000e+00
0.000000000000000000e+00 0.000000000000000000e+00 0.000000000000000000e+00 0.000000000000000000e+00 0.000000000000000000e+00
0.000000000000000000e+00 0.000000000000000000e+00 0.000000000000000000e+00 0.000000000000000000e+00 0.000000000000000000e+00
0.000000000000000000e+00 0.000000000000000000e+00 0.000000000000000000e+00 0.000000000000000000e+00 0.000000000000000000e+00
0.000000000000000000e+00 0.000000000000000000e+00 0.000000000000000000e+00 0.000000000000000000e+00 0.000000000000000000e+00
0.000000000000000000e+00 0.000000000000000000e+00 0.000000000000000000e+00 0.000000000000000000e+00 0.000000000000000000e+00
0.000000000000000000e+00 0.000000000000000000e+00 2.793806000549639134e-03 2.755161215080567834e-03 5.780197475073958627e-04
0.000000000000000000e+00 0.000000000000000000e+00 7.248909046225799659e-03 7.517992088031024561e-03 2.229113600442971833e-03
7.441022895061963176e-03 0.000000000000000000e+00 2.651437253373380414e-03 2.078931221723436668e-02 8.905771715013692177e-03
2.754937680002900874e-02 0.000000000000000000e+00 4.372005559919498775e-03 3.776804953407621873e-02 1.904581096853067909e-02
4.252578379501519013e-02 0.000000000000000000e+00 0.000000000000000000e+00 4.358057470152802010e-02 3.419538167045848426e-02
6.651897249372969168e-02 0.000000000000000000e+00 0.000000000000000000e+00 2.902603335866254033e-02 5.072732158896808147e-02
9.371649953576127734e-02 0.000000000000000000e+00 4.688806742512294928e-03 1.885960971158036001e-02 5.532820332219199472e-02
1.082706831141507647e-01 0.000000000000000000e+00 2.531224671922875993e-02 8.448529338981851031e-03 6.122930307155236007e-02
1.053689488161021481e-01 0.000000000000000000e+00 5.097632676280197672e-02 0.000000000000000000e+00 6.534653248529062597e-02
1.016518297871370630e-01 0.000000000000000000e+00 6.683283184779563457e-02 0.000000000000000000e+00 4.574422175716676142e-02
9.183751720571156629e-02 0.000000000000000000e+00 9.423477964806303842e-02 0.000000000000000000e+00 2.783689726532759257e-02
7.873469419785505963e-02 8.565306177354609692e-04 1.061243389080235855e-01 0.000000000000000000e+00 5.495333089574976591e-03
5.622142240325047474e-02 8.549756519938408669e-04 1.158997717308409281e-01 0.000000000000000000e+00 0.000000000000000000e+00
3.374341683354396826e-02 0.000000000000000000e+00 9.732270205319085155e-02 0.000000000000000000e+00 0.000000000000000000e+00
7.046362013591965685e-03 0.000000000000000000e+00 6.946147196741336849e-02 2.913021062452237405e-03 0.000000000000000000e+00
0.000000000000000000e+00 7.974081385836736093e-04 4.210973898693230744e-02 1.673346321558626332e-03 0.000000000000000000e+00
0.000000000000000000e+00 9.733644525444762850e-04 2.731737893169724346e-02 8.303638887326507097e-04 0.000000000000000000e+00
0.000000000000000000e+00 3.089005492191921796e-04 1.285903265745484345e-02 1.428079523968245161e-03 0.000000000000000000e+00
0.000000000000000000e+00 2.307873598744105293e-04 1.037436976901887943e-02 1.187169363189459481e-03 0.000000000000000000e+00
0.000000000000000000e+00 8.514485121580202417e-05 3.827437390511817701e-03 4.379848136038784283e-04 0.000000000000000000e+00
0.000000000000000000e+00 0.000000000000000000e+00 0.000000000000000000e+00 0.000000000000000000e+00 0.000000000000000000e+00
0.000000000000000000e+00 0.000000000000000000e+00 0.000000000000000000e+00 0.000000000000000000e+00 0.000000000000000000e+00
0.000000000000000000e+00 0.000000000000000000e+00 0.000000000000000000e+00 0.000000000000000000e+00 0.000000000000000000e+00
0.000000000000000000e+00 0.000000000000000000e+00 0.000000000000000000e+00 0.000000000000000000e+00 0.000000000000000000e+00
0.000000000000000000e+00 0.000000000000000000e+00 0.000000000000000000e+00 0.000000000000000000e+00 0.000000000000000000e+00
0.000000000000000000e+00 0.000000000000000000e+00 0.000000000000000000e+00 0.000000000000000000e+00 0.000000000000000000e+00
0.000000000000000000e+00 0.000000000000000000e+00 0.000000000000000000e+00 0.000000000000000000e+00 0.000000000000000000e+00
0.000000000000000000e+00 0.000000000000000000e+00 0.000000000000000000e+00 0.000000000000000000e+00 0.000000000000000000e+00
1.427483991047329278e-03 0.000000000000000000e+00 0.000000000000000000e+00 1.958038827181204228e-03 7.642480546533170606e-04
2.655540071580693266e-03 0.000000000000000000e+00 0.000000000000000000e+00 3.642528112329741340e-03 1.421726160494773397e-03
5.363775568605668072e-03 0.000000000000000000e+00 0.000000000000000000e+00 7.353629387346856394e-03 5.299179693412981763e-04
1.319976088501042394e-02 0.000000000000000000e+00 0.000000000000000000e+00 1.543582089799623060e-02 0.000000000000000000e+00
2.291099090042148304e-02 0.000000000000000000e+00 0.000000000000000000e+00 2.190987144283602570e-02 0.000000000000000000e+00
3.850149989851277266e-02 0.000000000000000000e+00 0.000000000000000000e+00 2.140843393352193438e-02 1.828652773782159496e-03
6.014316606732091758e-02 0.000000000000000000e+00 0.000000000000000000e+00 9.189236844015572642e-03 3.399016237312396660e-03
7.926922105550948672e-02 0.000000000000000000e+00 1.644259436693289514e-03 0.000000000000000000e+00 1.205988166671342161e-03
8.505705216238457211e-02 0.000000000000000000e+00 1.559413776305089080e-02 0.000000000000000000e+00 0.000000000000000000e+00
7.719610266650624164e-02 9.654418147982098478e-04 3.554318514822987773e-02 0.000000000000000000e+00 0.000000000000000000e+00
5.122136818205869080e-02 7.384078353535095162e-04 5.449890713951823645e-02 0.000000000000000000e+00 0.000000000000000000e+00
2.383417641135109413e-02 0.000000000000000000e+00 6.415625939412222811e-02 0.000000000000000000e+00 0.000000000000000000e+00
4.429647694167596766e-03 0.000000000000000000e+00 5.256688062597748845e-02 3.788289086767137551e-03 0.000000000000000000e+00
7.250557129513786336e-03 0.000000000000000000e+00 2.901618978786596470e-02 7.173654238642565573e-03 0.000000000000000000e+00
1.104492854968261960e-02 6.434074037079487451e-05 9.568439628873963085e-03 5.134557327180820294e-03 0.000000000000000000e+00
2.104543305390720476e-03 1.022057928644021967e-03 6.376866729400780358e-03 5.556741499926043078e-04 0.000000000000000000e+00
0.000000000000000000e+00 1.003100129788336370e-03 4.393934322441298869e-03 8.724281950685760546e-04 0.000000000000000000e+00
0.000000000000000000e+00 1.437595205613239767e-04 4.288938908116905952e-05 6.626206581087801945e-04 0.000000000000000000e+00
0.000000000000000000e+00 5.840230522803771730e-05 1.742381431422491603e-05 2.691896423566920082e-04 0.000000000000000000e+00
0.000000000000000000e+00 0.000000000000000000e+00 0.000000000000000000e+00 0.000000000000000000e+00 0.000000000000000000e+00
0.000000000000000000e+00 0.000000000000000000e+00 0.000000000000000000e+00 0.000000000000000000e+00 0.000000000000000000e+00
0.000000000000000000e+00 0.000000000000000000e+00 0.000000000000000000e+00 0.000000000000000000e+00 0.000000000000000000e+00
0.000000000000000000e+00 0.000000000000000000e+00 0.000000000000000000e+00 0.000000000000000000e+00 0.000000000000000000e+00
0.000000000000000000e+00 0.000000000000000000e+00 0.000000000000000000e+00 0.000000000000000000e+00 0.000000000000000000e+00
0.000000000000000000e+00 0.000000000000000000e+00 0.000000000000000000e+00 0.000000000000000000e+00 0.000000000000000000e+00
0.000000000000000000e+00 0.000000000000000000e+00 0.000000000000000000e+00 0.000000000000000000e+00 0.000000000000000000e+00
0.000000000000000000e+00 0.000000000000000000e+00 0.000000000000000000e+00 0.000000000000000000e+00 0.000000000000000000e+00
0.000000000000000000e+00 0.000000000000000000e+00 0.000000000000000000e+00 0.000000000000000000e+00 0.000000000000000000e+00
0.000000000000000000e+00 0.000000000000000000e+00 0.000000000000000000e+00 0.000000000000000000e+00 0.000000000000000000e+00
0.000000000000000000e+00 0.000000000000000000e+00 0.000000000000000000e+00 0.000000000000000000e+00 0.000000000000000000e+00
0.000000000000000000e+00 0.000000000000000000e+00 0.000000000000000000e+00 0.000000000000000000e+00 0.000000000000000000e+00
0.000000000000000000e+00 0.000000000000000000e+00 0.000000000000000000e+00 0.000000000000000000e+00 0.000000000000000000e+00
0.000000000000000000e+00 0.000000000000000000e+00 0.000000000000000000e+00 0.000000000000000000e+00 0.000000000000000000e+00
3.032607272345591489e-03 0.000000000000000000e+00 2.678240384331269635e-03 3.493815176569347626e-03 0.000000000000000000e+00
2.526890846254602804e-03 0.000000000000000000e+00 6.946443653697619534e-03 2.943402857542984016e-03 0.000000000000000000e+00
2.497513640659867855e-03 0.000000000000000000e+00 8.739613812167800269e-03 2.921987332542046872e-03 0.000000000000000000e+00
1.360043358101088078e-03 0.000000000000000000e+00 9.616637600835590410e-03 1.624383444935038976e-03 0.000000000000000000e+00
1.179850046012566236e-03 0.000000000000000000e+00 9.755572062406727904e-03 1.418822433036898579e-03 0.000000000000000000e+00
8.813899553216416726e-04 0.000000000000000000e+00 7.287759366778146473e-03 1.059910829422821285e-03 0.000000000000000000e+00
6.663563820930584747e-04 0.000000000000000000e+00 4.022177889633301098e-03 6.181625351425193904e-04 0.000000000000000000e+00
7.772453340267809936e-03 0.000000000000000000e+00 0.000000000000000000e+00 1.617128402475269486e-03 0.000000000000000000e+00
1.374810895286236560e-02 0.000000000000000000e+00 0.000000000000000000e+00 3.343053427981837813e-03 0.000000000000000000e+00
7.706539481563974558e-03 0.000000000000000000e+00 0.000000000000000000e+00 1.639755242966716309e-03 0.000000000000000000e+00
0.000000000000000000e+00 0.000000000000000000e+00 0.000000000000000000e+00 0.000000000000000000e+00 0.000000000000000000e+00
0.000000000000000000e+00 0.000000000000000000e+00 0.000000000000000000e+00 0.000000000000000000e+00 0.000000000000000000e+00
0.000000000000000000e+00 0.000000000000000000e+00 0.000000000000000000e+00 0.000000000000000000e+00 0.000000000000000000e+00
0.000000000000000000e+00 0.000000000000000000e+00 0.000000000000000000e+00 0.000000000000000000e+00 0.000000000000000000e+00
0.000000000000000000e+00 0.000000000000000000e+00 0.000000000000000000e+00 0.000000000000000000e+00 0.000000000000000000e+00
0.000000000000000000e+00 0.000000000000000000e+00 0.000000000000000000e+00 0.000000000000000000e+00 0.000000000000000000e+00
0.000000000000000000e+00 0.000000000000000000e+00 0.000000000000000000e+00 0.000000000000000000e+00 0.000000000000000000e+00
0.000000000000000000e+00 0.000000000000000000e+00 0.000000000000000000e+00 0.000000000000000000e+00 0.000000000000000000e+00
0.000000000000000000e+00 0.000000000000000000e+00 0.000000000000000000e+00 0.000000000000000000e+00 0.000000000000000000e+00
0.000000000000000000e+00 0.000000000000000000e+00 0.000000000000000000e+00 0.000000000000000000e+00 0.000000000000000000e+00
0.000000000000000000e+00 0.000000000000000000e+00 0.000000000000000000e+00 0.000000000000000000e+00 0.000000000000000000e+00
0.000000000000000000e+00 0.000000000000000000e+00 0.000000000000000000e+00 0.000000000000000000e+00 0.000000000000000000e+00
0.000000000000000000e+00 0.000000000000000000e+00 0.000000000000000000e+00 0.000000000000000000e+00 0.000000000000000000e+00
0.000000000000000000e+00 0.000000000000000000e+00 0.000000000000000000e+00 0.000000000000000000e+00 0.000000000000000000e+00
0.000000000000000000e+00 0.000000000000000000e+00 0.000000000000000000e+00 0.000000000000000000e+00 0.000000000000000000e+00
0.000000000000000000e+00 0.000000000000000000e+00 0.000000000000000000e+00 0.000000000000000000e+00 0.000000000000000000e+00
0.000000000000000000e+00 0.000000000000000000e+00 0.000000000000000000e+00 0.000000000000000000e+00 0.000000000000000000e+00
0.000000000000000000e+00 0.000000000000000000e+00 0.000000000000000000e+00 0.000000000000000000e+00 0.000000000000000000e+00
0.000000000000000000e+00 0.000000000000000000e+00 0.000000000000000000e+00 0.000000000000000000e+00 0.000000000000000000e+00
0.000000000000000000e+00 0.000000000000000000e+00 0.000000000000000000e+00 0.000000000000000000e+00 0.000000000000000000e+00
0.000000000000000000e+00 0.000000000000000000e+00 0.000000000000000000e+00 0.000000000000000000e+00 0.000000000000000000e+00
0.000000000000000000e+00 0.000000000000000000e+00 0.000000000000000000e+00 0.000000000000000000e+00 0.000000000000000000e+00
0.000000000000000000e+00 0.000000000000000000e+00 0.000000000000000000e+00 0.000000000000000000e+00 0.000000000000000000e+00
0.000000000000000000e+00 0.000000000000000000e+00 0.000000000000000000e+00 0.000000000000000000e+00 0.000000000000000000e+00
5.948741625376393477e-03 0.000000000000000000e+00 0.000000000000000000e+00 9.872139105935194472e-04 0.000000000000000000e+00
7.450651639704094359e-03 0.000000000000000000e+00 0.000000000000000000e+00 1.236460987030498339e-03 0.000000000000000000e+00
7.067811832130367448e-03 0.000000000000000000e+00 0.000000000000000000e+00 1.172927418526954020e-03 0.000000000000000000e+00
1.030722558852345235e-03 0.000000000000000000e+00 0.000000000000000000e+00 1.710519152018474928e-04 0.000000000000000000e+00
0.000000000000000000e+00 0.000000000000000000e+00 0.000000000000000000e+00 0.000000000000000000e+00 0.000000000000000000e+00
0.000000000000000000e+00 0.000000000000000000e+00 0.000000000000000000e+00 0.000000000000000000e+00 0.000000000000000000e+00
0.000000000000000000e+00 0.000000000000000000e+00 0.000000000000000000e+00 0.000000000000000000e+00 0.000000000000000000e+00
0.000000000000000000e+00 0.000000000000000000e+00 0.000000000000000000e+00 0.000000000000000000e+00 0.000000000000000000e+00
0.000000000000000000e+00 0.000000000000000000e+00 0.000000000000000000e+00 0.000000000000000000e+00 0.000000000000000000e+00
0.000000000000000000e+00 0.000000000000000000e+00 0.000000000000000000e+00 0.000000000000000000e+00 0.000000000000000000e+00
0.000000000000000000e+00 0.000000000000000000e+00 0.000000000000000000e+00 0.000000000000000000e+00 0.000000000000000000e+00
0.000000000000000000e+00 0.000000000000000000e+00 0.000000000000000000e+00 0.000000000000000000e+00 0.000000000000000000e+00
0.000000000000000000e+00 0.000000000000000000e+00 0.000000000000000000e+00 0.000000000000000000e+00 0.000000000000000000e+00
0.000000000000000000e+00 0.000000000000000000e+00 0.000000000000000000e+00 0.000000000000000000e+00 0.000000000000000000e+00
0.000000000000000000e+00 0.000000000000000000e+00 0.000000000000000000e+00 0.000000000000000000e+00 0.000000000000000000e+00
0.000000000000000000e+00 0.000000000000000000e+00 0.000000000000000000e+00 0.000000000000000000e+00 0.000000000000000000e+00
0.000000000000000000e+00 0.000000000000000000e+00 0.000000000000000000e+00 0.000000000000000000e+00 0.000000000000000000e+00
0.000000000000000000e+00 0.000000000000000000e+00 0.000000000000000000e+00 0.000000000000000000e+00 0.000000000000000000e+00
0.000000000000000000e+00 0.000000000000000000e+00 0.000000000000000000e+00 0.000000000000000000e+00 0.000000000000000000e+00
0.000000000000000000e+00 0.000000000000000000e+00 0.000000000000000000e+00 0.000000000000000000e+00 0.000000000000000000e+00
0.000000000000000000e+00 0.000000000000000000e+00 0.000000000000000000e+00 0.000000000000000000e+00 0.000000000000000000e+00
0.000000000000000000e+00 0.000000000000000000e+00 0.000000000000000000e+00 0.000000000000000000e+00 0.000000000000000000e+00
0.000000000000000000e+00 0.000000000000000000e+00 0.000000000000000000e+00 0.000000000000000000e+00 0.000000000000000000e+00
0.000000000000000000e+00 0.000000000000000000e+00 0.000000000000000000e+00 0.000000000000000000e+00 0.000000000000000000e+00
0.000000000000000000e+00 0.000000000000000000e+00 0.000000000000000000e+00 0.000000000000000000e+00 0.000000000000000000e+00
0.000000000000000000e+00 0.000000000000000000e+00 0.000000000000000000e+00 0.000000000000000000e+00 0.000000000000000000e+00
0.000000000000000000e+00 0.000000000000000000e+00 0.000000000000000000e+00 0.000000000000000000e+00 0.000000000000000000e+00
0.000000000000000000e+00 0.000000000000000000e+00 0.000000000000000000e+00 0.000000000000000000e+00 0.000000000000000000e+00
0.000000000000000000e+00 0.000000000000000000e+00 0.000000000000000000e+00 0.000000000000000000e+00 0.000000000000000000e+00
0.000000000000000000e+00 0.000000000000000000e+00 0.000000000000000000e+00 0.000000000000000000e+00 0.000000000000000000e+00
0.000000000000000000e+00 0.000000000000000000e+00 0.000000000000000000e+00 0.000000000000000000e+00 0.000000000000000000e+00
0.000000000000000000e+00 0.000000000000000000e+00 0.000000000000000000e+00 0.000000000000000000e+00 0.000000000000000000e+00
0.000000000000000000e+00 0.000000000000000000e+00 0.000000000000000000e+00 0.000000000000000000e+00 0.000000000000000000e+00
0.000000000000000000e+00 0.000000000000000000e+00 0.000000000000000000e+00 0.000000000000000000e+00 0.000000000000000000e+00
0.000000000000000000e+00 0.000000000000000000e+00 0.000000000000000000e+00 0.000000000000000000e+00 0.000000000000000000e+00
0.000000000000000000e+00 0.000000000000000000e+00 0.000000000000000000e+00 0.000000000000000000e+00 0.000000000000000000e+00
0.000000000000000000e+00 0.000000000000000000e+00 0.000000000000000000e+00 0.000000000000000000e+00 0.000000000000000000e+00
0.000000000000000000e+00 0.000000000000000000e+00 0.000000000000000000e+00 0.000000000000000000e+00 0.000000000000000000e+00
0.000000000000000000e+00 0.000000000000000000e+00 0.000000000000000000e+00 0.000000000000000000e+00 0.000000000000000000e+00
0.000000000000000000e+00 0.000000000000000000e+00 0.000000000000000000e+00 0.000000000000000000e+00 0.000000000000000000e+00
0.000000000000000000e+00 0.000000000000000000e+00 0.000000000000000000e+00 0.000000000000000000e+00 0.000000000000000000e+00
