404.2408912181854
0.000000000000000000e+00 0.000000000000000000e+00 0.000000000000000000e+00 0.000000000000000000e+00 0.000000000000000000e+00
0.000000000000000000e+00 0.000000000000000000e+00 0.000000000000000000e+00 0.000000000000000000e+00 0.000000000000000000e+00
0.000000000000000000e+00 0.000000000000000000e+00 0.000000000000000000e+00 0.000000000000000000e+00 0.000000000000000000e+00
0.000000000000000000e+00 0.000000000000000000e+00 0.000000000000000000e+00 0.000000000000000000e+00 0.000000000000000000e+00
0.000000000000000000e+00 0.000000000000000000e+00 0.000000000000000000e+00 0.000000000000000000e+00 0.000000000000000000e+00
0.000000000000000000e+00 0.000000000000000000e+00 0.000000000000000000e+00 0.000000000000000000e+00 0.000000000000000000e+00
0.000000000000000000e+00 0.000000000000000000e+00 0.000000000000000000e+00 0.000000000000000000e+00 0.000000000000000000e+00
0.000000000000000000e+00 0.000000000000000000e+00 0.000000000000000000e+00 0.000000000000000000e+00 0.000000000000000000e+00
0.000000000000000000e+00 0.000000000000000000e+00 0.000000000000000000e+00 0.000000000000000000e+00 0.000000000000000000e+00
0.000000000000000000e+00 0.000000000000000000e+00 0.000000000000000000e+00 0.000000000000000000e+00 0.000000000000000000e+00
0.000000000000000000e+00 0.000000000000000000e+00 0.000000000000000000e+00 0.000000000000000000e+00 0.000000000000000000e+00
0.000000000000000000e+00 0.000000000000000000e+00 0.000000000000000000e+00 0.000000000000000000e+00 0.000000000000000000e+00
0.000000000000000000e+00 0.000000000000000000e+00 0.000000000000000000e+00 0.000000000000000000e+00 0.000000000000000000e+00
0.000000000000000000e+00 0.000000000000000000e+00 0.000000000000000000e+00 0.000000000000000000e+00 0.000000000000000000e+00
0.000000000000000000e+00 0.000000000000000000e+00 0.000000000000000000e+00 0.000000000000000000e+00 0.000000000000000000e+00
0.000000000000000000e+00 0.000000000000000000e+00 0.000000000000000000e+00 0.000000000000000000e+00 0.000000000000000000e+00
0.000000000000000000e+00 0.000000000000000000e+00 0.000000000000000000e+00 0.000000000000000000e+00 0.000000000000000000e+00
0.000000000000000000e+00 0.000000000000000000e+00 0.000000000000000000e+00 0.000000000000000000e+00 0.000000000000000000e+00
0.000000000000000000e+00 0.000000000000000000e+00 0.000000000000000000e+00 0.000000000000000000e+00 0.000000000000000000e+00
0.000000000000000000e+00 0.000000000000000000e+00 0.000000000000000000e+00 0.000000000000000000e+00 0.000000000000000000e+00
0.000000000000000000e+00 0.000000000000000000e+00 0.000000000000000000e+00 0.000000000000000000e+00 0.000000000000000000e+00
0.000000000000000000e+00 0.000000000000000000e+00 0.000000000000000000e+00 0.000000000000000000e+00 0.000000000000000000e+00
0.000000000000000000e+00 0.000000000000000000e+00 0.000000000000000000e+00 0.000000000000000000e+00 0.000000000000000000e+00
0.000000000000000000e+00 0.000000000000000000e+00 0.000000000000000000e+00 0.000000000000000000e+00 0.000000000000000000e+00
0.000000000000000000e+00 0.000000000000000000e+00 0.000000000000000000e+00 0.000000000000000000e+00 0.000000000000000000e+00
0.000000000000000000e+00 0.000000000000000000e+00 0.000000000000000000e+00 0.000000000000000000e+00 0.000000000000000000e+00
0.000000000000000000e+00 0.000000000000000000e+00 0.000000000000000000e+00 0.000000000000000000e+00 0.000000000000000000e+00
0.000000000000000000e+00 0.000000000000000000e+00 0.000000000000000000e+00 0.000000000000000000e+00 0.000000000000000000e+00
0.000000000000000000e+00 0.000000000000000000e+00 0.000000000000000000e+00 0.000000000000000000e+00 0.000000000000000000e+00
0.000000000000000000e+00 0.000000000000000000e+00 0.000000000000000000e+00 0.000000000000000000e+00 0.000000000000000000e+00
0.000000000000000000e+00 0.000000000000000000e+00 0.000000000000000000e+00 0.000000000000000000e+00 0.000000000000000000e+00
0.000000000000000000e+00 0.000000000000000000e+00 0.000000000000000000e+00 0.000000000000000000e+00 0.000000000000000000e+00
0.000000000000000000e+00 0.000000000000000000e+00 0.000000000000000000e+00 0.000000000000000000e+00 0.000000000000000000e+00
0.000000000000000000e+00 0.000000000000000000e+00 0.000000000000000000e+00 0.000000000000000000e+00 0.000000000000000000e+00
0.000000000000000000e+00 0.000000000000000000e+00 0.000000000000000000e+00 0.000000000000000000e+00 0.000000000000000000e+00
0.000000000000000000e+00 0.000000000000000000e+00 0.000000000000000000e+00 0.000000000000000000e+00 0.000000000000000000e+00
0.000000000000000000e+00 0.000000000000000000e+00 0.000000000000000000e+00 0.000000000000000000e+00 0.000000000000000000e+00
0.000000000000000000e+00 0.000000000000000000e+00 0.000000000000000000e+00 0.000000000000000000e+00 0.000000000000000000e+00
0.000000000000000000e+00 0.000000000000000000e+00 0.000000000000000000e+00 0.000000000000000000e+00 0.000000000000000000e+00
0.000000000000000000e+00 0.000000000000000000e+00 0.000000000000000000e+00 0.000000000000000000e+00 0.000000000000000000e+00
0.000000000000000000e+00 0.000000000000000000e+00 0.000000000000000000e+00 0.000000000000000000e+00 0.000000000000000000e+00
0.000000000000000000e+00 0.000000000000000000e+00 0.000000000000000000e+00 0.000000000000000000e+00 0.000000000000000000e+00
0.000000000000000000e+00 0.000000000000000000e+00 0.000000000000000000e+00 0.000000000000000000e+00 0.000000000000000000e+00
0.000000000000000000e+00 0.000000000000000000e+00 0.000000000000000000e+00 0.000000000000000000e+00 0.000000000000000000e+00
0.000000000000000000e+00 0.000000000000000000e+00 0.000000000000000000e+00 0.000000000000000000e+00 0.000000000000000000e+00
0.000000000000000000e+00 0.000000000000000000e+00 0.000000000000000000e+00 0.000000000000000000e+00 0.000000000000000000e+00
0.000000000000000000e+00 0.000000000000000000e+00 0.000000000000000000e+00 0.000000000000000000e+00 0.000000000000000000e+00
0.000000000000000000e+00 0.000000000000000000e+00 0.000000000000000000e+00 0.000000000000000000e+00 0.000000000000000000e+00
0.000000000000000000e+00 0.000000000000000000e+00 0.000000000000000000e+00 0.000000000000000000e+00 0.000000000000000000e+00
0.000000000000000000e+00 0.000000000000000000e+00 0.000000000000000000e+00 0.000000000000000000e+00 0.000000000000000000e+00
0.000000000000000000e+00 0.000000000000000000e+00 0.000000000000000000e+00 0.000000000000000000e+00 0.000000000000000000e+00
0.000000000000000000e+00 0.000000000000000000e+00 0.000000000000000000e+00 0.000000000000000000e+00 0.000000000000000000e+00
0.000000000000000000e+00 0.000000000000000000e+00 0.000000000000000000e+00 0.000000000000000000e+00 0.000000000000000000e+00
0.000000000000000000e+00 0.000000000000000000e+00 0.000000000000000000e+00 0.000000000000000000e+00 0.000000000000000000e+00
0.000000000000000000e+00 0.000000000000000000e+00 0.000000000000000000e+00 0.000000000000000000e+00 0.000000000000000000e+00
0.000000000000000000e+00 0.000000000000000000e+00 0.000000000000000000e+00 0.000000000000000000e+00 0.000000000000000000e+00
0.000000000000000000e+00 0.000000000000000000e+00 0.000000000000000000e+00 0.000000000000000000e+00 0.000000000000000000e+00
0.000000000000000000e+00 0.000000000000000000e+00 0.000000000000000000e+00 0.000000000000000000e+00 0.000000000000000000e+00
0.000000000000000000e+00 0.000000000000000000e+00 0.000000000000000000e+00 0.000000000000000000e+00 0.000000000000000000e+00
0.000000000000000000e+00 0.000000000000000000e+00 0.000000000000000000e+00 0.000000000000000000e+00 0.000000000000000000e+00
0.000000000000000000e+00 0.000000000000000000e+00 0.000000000000000000e+00 0.000000000000000000e+00 0.000000000000000000e+00
0.000000000000000000e+00 0.000000000000000000e+00 0.000000000000000000e+00 0.000000000000000000e+00 0.000000000000000000e+00
0.000000000000000000e+00 0.000000000000000000e+00 0.000000000000000000e+00 0.000000000000000000e+00 0.000000000000000000e+00
0.000000000000000000e+00 0.000000000000000000e+00 0.000000000000000000e+00 0.000000000000000000e+00 0.000000000000000000e+00
0.000000000000000000e+00 0.000000000000000000e+00 0.000000000000000000e+00 0.000000000000000000e+00 0.000000000000000000e+00
0.000000000000000000e+00 0.000000000000000000e+00 0.000000000000000000e+00 0.000000000000000000e+00 0.000000000000000000e+00
0.000000000000000000e+00 0.000000000000000000e+00 0.000000000000000000e+00 0.000000000000000000e+00 0.000000000000000000e+00
0.000000000000000000e+00 0.000000000000000000e+00 0.000000000000000000e+00 0.000000000000000000e+00 0.000000000000000000e+00
0.000000000000000000e+00 0.000000000000000000e+00 0.000000000000000000e+00 0.000000000000000000e+00 0.000000000000000000e+00
0.000000000000000000e+00 0.000000000000000000e+00 0.000000000000000000e+00 0.000000000000000000e+00 0.000000000000000000e+00
3.793304779830734927e-05 0.000000000000000000e+00 0.000000000000000000e+00 0.000000000000000000e+00 1.036551530783778573e-05
2.168725533637014659e-04 2.525583781958613976e-05 0.000000000000000000e+00 0.000000000000000000e+00 7.641603359884939191e-05
3.435666381887262678e-04 1.376111514240872390e-04 0.000000000000000000e+00 0.000000000000000000e+00 1.681755101688818662e-04
4.417776811620759852e-04 4.602400120200970197e-05 0.000000000000000000e+00 0.000000000000000000e+00 1.844445514316504482e-04
2.775243732857557888e-04 6.912338195350039877e-05 0.000000000000000000e+00 0.000000000000000000e+00 1.548851372999538551e-04
2.048058394680530561e-04 1.743848118433723973e-04 0.000000000000000000e+00 0.000000000000000000e+00 1.165833102536916529e-04
8.693205283825554061e-05 6.128043981612711752e-05 2.137533645687640914e-05 0.000000000000000000e+00 5.446966570455214829e-05
5.769513002569483050e-05 1.084340197726599216e-05 2.932620173826505340e-05 0.000000000000000000e+00 2.274251665916950476e-05
3.241299439645774162e-05 6.091798863632621445e-06 1.647539423498032448e-05 0.000000000000000000e+00 1.277669475234225935e-05
1.977192658183925478e-05 3.715997306815891619e-06 1.004999048333801762e-05 0.000000000000000000e+00 7.793783798928812832e-06
0.000000000000000000e+00 0.000000000000000000e+00 0.000000000000000000e+00 0.000000000000000000e+00 0.000000000000000000e+00
0.000000000000000000e+00 0.000000000000000000e+00 0.000000000000000000e+00 0.000000000000000000e+00 0.000000000000000000e+00
0.000000000000000000e+00 0.000000000000000000e+00 0.000000000000000000e+00 0.000000000000000000e+00 0.000000000000000000e+00
0.000000000000000000e+00 0.000000000000000000e+00 0.000000000000000000e+00 0.000000000000000000e+00 0.000000000000000000e+00
0.000000000000000000e+00 0.000000000000000000e+00 0.000000000000000000e+00 0.000000000000000000e+00 0.000000000000000000e+00
0.000000000000000000e+00 0.000000000000000000e+00 0.000000000000000000e+00 0.000000000000000000e+00 0.000000000000000000e+00
0.000000000000000000e+00 0.000000000000000000e+00 0.000000000000000000e+00 0.000000000000000000e+00 0.000000000000000000e+00
0.000000000000000000e+00 0.000000000000000000e+00 0.000000000000000000e+00 0.000000000000000000e+00 0.000000000000000000e+00
0.000000000000000000e+00 0.000000000000000000e+00 0.000000000000000000e+00 0.000000000000000000e+00 0.000000000000000000e+00
0.000000000000000000e+00 0.000000000000000000e+00 0.000000000000000000e+00 0.000000000000000000e+00 0.000000000000000000e+00
0.000000000000000000e+00 0.000000000000000000e+00 0.000000000000000000e+00 0.000000000000000000e+00 0.000000000000000000e+00
0.000000000000000000e+00 0.000000000000000000e+00 0.000000000000000000e+00 0.000000000000000000e+00 0.000000000000000000e+00
9.977346703484812722e-05 0.000000000000000000e+00 1.526983468421598046e-04 0.000000000000000000e+00 7.953009793795037168e-06
2.291532155333940359e-04 0.000000000000000000e+00 3.829557142683344558e-04 0.000000000000000000e+00 3.345903073044275984e-05
4.815784875272827886e-04 0.000000000000000000e+00 4.456489453946501918e-04 0.000000000000000000e+00 3.790249698988734498e-05
3.289125884626985978e-04 2.114830143917090645e-04 2.875600127138960350e-04 0.000000000000000000e+00 2.811402229671185454e-04
5.198663796235011587e-04 6.128098346472641384e-04 6.496668502937234758e-04 0.000000000000000000e+00 6.559191884832865204e-04
9.540144239701235391e-04 1.000407173643732021e-03 9.855392748550986532e-04 0.000000000000000000e+00 7.609203463552443973e-04
1.938948424986889013e-03 1.901229260879947142e-03 1.078695864204640533e-03 0.000000000000000000e+00 1.139275648883079570e-03
2.037049109770112682e-03 2.928628501041335985e-03 5.643838120547290229e-04 0.000000000000000000e+00 1.451779950630927756e-03
2.431299789697352696e-03 3.124793400419621781e-03 1.514223923352466623e-04 0.000000000000000000e+00 1.372076822037210505e-03
3.104010348361762109e-03 3.367160721621664451e-03 0.000000000000000000e+00 0.000000000000000000e+00 1.391987481834038726e-03
3.872386545981660287e-03 3.205050850773188964e-03 0.000000000000000000e+00 0.000000000000000000e+00 1.187871800022344878e-03
4.981022766629063930e-03 2.571690134445510020e-03 0.000000000000000000e+00 0.000000000000000000e+00 1.000744922584880046e-03
5.174331345153535856e-03 1.243715397968545109e-03 0.000000000000000000e+00 0.000000000000000000e+00 6.393258162039370607e-04
5.394735507559401955e-03 5.440852594572437003e-04 0.000000000000000000e+00 0.000000000000000000e+00 3.136110403695224931e-04
4.721253913601239707e-03 0.000000000000000000e+00 0.000000000000000000e+00 0.000000000000000000e+00 3.358759215680816855e-04
2.611458752049496991e-03 0.000000000000000000e+00 0.000000000000000000e+00 0.000000000000000000e+00 4.097237307341880237e-04
1.285389517485964299e-03 0.000000000000000000e+00 0.000000000000000000e+00 0.000000000000000000e+00 2.407511942384995380e-04
3.852647748175664602e-04 0.000000000000000000e+00 0.000000000000000000e+00 1.347169945351071909e-05 6.061697285705424412e-05
4.561934264371973090e-05 0.000000000000000000e+00 0.000000000000000000e+00 1.120836195263330468e-05 5.863318085219882664e-06
0.000000000000000000e+00 0.000000000000000000e+00 0.000000000000000000e+00 0.000000000000000000e+00 0.000000000000000000e+00
0.000000000000000000e+00 0.000000000000000000e+00 0.000000000000000000e+00 0.000000000000000000e+00 0.000000000000000000e+00
0.000000000000000000e+00 0.000000000000000000e+00 0.000000000000000000e+00 0.000000000000000000e+00 0.000000000000000000e+00
0.000000000000000000e+00 0.000000000000000000e+00 0.000000000000000000e+00 0.000000000000000000e+00 0.000000000000000000e+00
0.000000000000000000e+00 0.000000000000000000e+00 0.000000000000000000e+00 0.000000000000000000e+00 0.000000000000000000e+00
0.000000000000000000e+00 0.000000000000000000e+00 0.000000000000000000e+00 0.000000000000000000e+00 0.000000000000000000e+00
1.506108790808586130e-04 0.000000000000000000e+00 3.332199214922155366e-04 0.000000000000000000e+00 0.000000000000000000e+00
4.892841253537577421e-04 0.000000000000000000e+00 2.129885244842004508e-03 0.000000000000000000e+00 8.168338269234852434e-05
5.705913442112399816e-04 0.000000000000000000e+00 3.905536953130234711e-03 0.000000000000000000e+00 3.110734459432043823e-04
9.009306665871580659e-04 0.000000000000000000e+00 6.429356455839593289e-03 0.000000000000000000e+00 4.501495356300104001e-04
1.561551283261601889e-04 1.128757234455613758e-03 1.037966349599703589e-02 0.000000000000000000e+00 9.551925837487961531e-04
9.904109487190125832e-04 4.195041292212434852e-03 1.609400777908383609e-02 0.000000000000000000e+00 1.322252493638128744e-03
2.451989589939695090e-03 9.138420420166744676e-03 1.798648921165352590e-02 0.000000000000000000e+00 2.092103138110664503e-03
5.977776612495056159e-03 1.481081349140136484e-02 1.774735504661716090e-02 0.000000000000000000e+00 2.148524847680112048e-03
1.050770750394282131e-02 2.021839894177310248e-02 1.735588846662609874e-02 0.000000000000000000e+00 2.361348434115179227e-03
1.562386327296274094e-02 2.456867401199930301e-02 1.810154797854128181e-02 0.000000000000000000e+00 3.122551739635828598e-03
1.910305532277356902e-02 2.914211204576865749e-02 1.776984880158726313e-02 0.000000000000000000e+00 3.461497291766888439e-03
2.240604103160898780e-02 3.247222597559511204e-02 1.764208942044470305e-02 0.000000000000000000e+00 2.664881769314509687e-03
2.695766475881348698e-02 3.185852790129131695e-02 1.420110060626358743e-02 0.000000000000000000e+00 1.194396938978321658e-03
3.187453066919571087e-02 2.850551057094974014e-02 8.932651420538326170e-03 0.000000000000000000e+00 0.000000000000000000e+00
3.627774409364387109e-02 2.232546763064033671e-02 3.285440163702058568e-03 0.000000000000000000e+00 0.000000000000000000e+00
4.004799514757533679e-02 1.599877093695158126e-02 0.000000000000000000e+00 0.000000000000000000e+00 0.000000000000000000e+00
4.162946469762120183e-02 9.318125072013152405e-03 0.000000000000000000e+00 0.000000000000000000e+00 0.000000000000000000e+00
3.692968386694345934e-02 2.386414314226224798e-03 0.000000000000000000e+00 0.000000000000000000e+00 0.000000000000000000e+00
2.638782005214383719e-02 0.000000000000000000e+00 0.000000000000000000e+00 1.416038036292255114e-03 0.000000000000000000e+00
1.324103207828553758e-02 0.000000000000000000e+00 0.000000000000000000e+00 1.498814062594877854e-03 0.000000000000000000e+00
3.712957911545468684e-03 0.000000000000000000e+00 0.000000000000000000e+00 7.646684849462608057e-04 0.000000000000000000e+00
3.775865946059478798e-04 0.000000000000000000e+00 0.000000000000000000e+00 2.896285999448069948e-04 0.000000000000000000e+00
0.000000000000000000e+00 0.000000000000000000e+00 0.000000000000000000e+00 0.000000000000000000e+00 0.000000000000000000e+00
0.000000000000000000e+00 0.000000000000000000e+00 0.000000000000000000e+00 0.000000000000000000e+00 0.000000000000000000e+00
0.000000000000000000e+00 0.000000000000000000e+00 0.000000000000000000e+00 0.000000000000000000e+00 0.000000000000000000e+00
0.000000000000000000e+00 0.000000000000000000e+00 0.000000000000000000e+00 0.000000000000000000e+00 0.000000000000000000e+00
0.000000000000000000e+00 0.000000000000000000e+00 0.000000000000000000e+00 0.000000000000000000e+00 0.000000000000000000e+00
1.006369364477775340e-05 0.000000000000000000e+00 2.009554870595796014e-04 3.101305715670170371e-05 0.000000000000000000e+00
5.268230717340983103e-05 0.000000000000000000e+00 2.122045057082979757e-03 0.000000000000000000e+00 1.111951668078182720e-04
8.023077976400151690e-04 0.000000000000000000e+00 7.641359907516740053e-03 0.000000000000000000e+00 4.006793788707070821e-04
1.428377073593176463e-03 0.000000000000000000e+00 1.761450375614513966e-02 0.000000000000000000e+00 4.134172803336753433e-04
5.842902907914689255e-04 0.000000000000000000e+00 3.284667270848880966e-02 0.000000000000000000e+00 5.668750146724250549e-04
0.000000000000000000e+00 2.425069131332938631e-03 5.143072918411947109e-02 0.000000000000000000e+00 1.076976289083761591e-03
0.000000000000000000e+00 1.637166618024685216e-02 6.717382113813891165e-02 0.000000000000000000e+00 1.301010545640651165e-03
0.000000000000000000e+00 3.837760581286392414e-02 7.276709191344506167e-02 0.000000000000000000e+00 1.466906560342528263e-03
0.000000000000000000e+00 5.927673442891114725e-02 7.264903228929195378e-02 0.000000000000000000e+00 9.128316570992298616e-04
7.175894618124669007e-03 7.665642025809364657e-02 6.718916803557951900e-02 0.000000000000000000e+00 0.000000000000000000e+00
2.029480609675762479e-02 8.461258515344835529e-02 6.275633984814264765e-02 0.000000000000000000e+00 0.000000000000000000e+00
3.065590325011893769e-02 8.965305784323121530e-02 5.919415872958610353e-02 0.000000000000000000e+00 0.000000000000000000e+00
3.982245969161168214e-02 9.131003690970428133e-02 5.304930130771898927e-02 0.000000000000000000e+00 0.000000000000000000e+00
4.807789357743452729e-02 8.910264533017030197e-02 4.689409358453475174e-02 0.000000000000000000e+00 0.000000000000000000e+00
5.991770660034933388e-02 7.823222460078814444e-02 3.325849257852881574e-02 0.000000000000000000e+00 0.000000000000000000e+00
6.914304833617351820e-02 6.150986770218915684e-02 1.810079484102338279e-02 6.886856153747292252e-04 0.000000000000000000e+00
8.010855338279607163e-02 3.982522330167795332e-02 3.670621715827930565e-03 1.620044483593875706e-02 0.000000000000000000e+00
8.253883650884462353e-02 1.798920642838605644e-02 0.000000000000000000e+00 2.909339572551599210e-02 0.000000000000000000e+00
7.510117316925400688e-02 3.441899577721712049e-03 0.000000000000000000e+00 3.509874315902539177e-02 0.000000000000000000e+00
5.862973800264898588e-02 0.000000000000000000e+00 0.000000000000000000e+00 3.331391933561086288e-02 0.000000000000000000e+00
3.257915712128973268e-02 0.000000000000000000e+00 0.000000000000000000e+00 2.411267856923600753e-02 0.000000000000000000e+00
9.051975154443964861e-03 0.000000000000000000e+00 0.000000000000000000e+00 8.846355599952176671e-03 0.000000000000000000e+00
7.788230207885100129e-04 0.000000000000000000e+00 0.000000000000000000e+00 2.127519750941987437e-03 0.000000000000000000e+00
0.000000000000000000e+00 0.000000000000000000e+00 0.000000000000000000e+00 2.601611582242634624e-05 2.595624093656771116e-05
0.000000000000000000e+00 0.000000000000000000e+00 0.000000000000000000e+00 0.000000000000000000e+00 0.000000000000000000e+00
0.000000000000000000e+00 0.000000000000000000e+00 0.000000000000000000e+00 0.000000000000000000e+00 0.000000000000000000e+00
3.795203165307683914e-05 4.409369459329522692e-05 0.000000000000000000e+00 1.747185222197383014e-05 0.000000000000000000e+00
0.000000000000000000e+00 0.000000000000000000e+00 0.000000000000000000e+00 0.000000000000000000e+00 0.000000000000000000e+00
1.063953483920102283e-04 0.000000000000000000e+00 1.169143410232673878e-03 1.108031204342523225e-04 0.000000000000000000e+00
5.126093065096513435e-04 0.000000000000000000e+00 5.862003446464065549e-03 0.000000000000000000e+00 2.609830983480721498e-04
1.131752846069247406e-03 0.000000000000000000e+00 1.749382820623279419e-02 0.000000000000000000e+00 3.431008217189682511e-04
1.346282999077274547e-03 0.000000000000000000e+00 3.870425342056129508e-02 0.000000000000000000e+00 0.000000000000000000e+00
0.000000000000000000e+00 0.000000000000000000e+00 6.856340471561057914e-02 0.000000000000000000e+00 0.000000000000000000e+00
0.000000000000000000e+00 8.318043211344130355e-03 1.007762355434553558e-01 0.000000000000000000e+00 0.000000000000000000e+00
0.000000000000000000e+00 3.940558370728914489e-02 1.205756174695625516e-01 0.000000000000000000e+00 0.000000000000000000e+00
0.000000000000000000e+00 7.789772179594194046e-02 1.187908657106262200e-01 0.000000000000000000e+00 0.000000000000000000e+00
0.000000000000000000e+00 1.082194693740472363e-01 1.068495747883365515e-01 0.000000000000000000e+00 0.000000000000000000e+00
9.485332315064052069e-03 1.203390374106605015e-01 9.241937807255659609e-02 0.000000000000000000e+00 0.000000000000000000e+00
3.028863460169350236e-02 1.209103492335046881e-01 8.009120728916999110e-02 9.381868849990288028e-03 0.000000000000000000e+00
4.619283020714722021e-02 1.128931844830297626e-01 7.255437617885100721e-02 2.074360628763441752e-02 0.000000000000000000e+00
5.503911269159594832e-02 1.041628843552921263e-01 6.530810561981571782e-02 3.222717209235832769e-02 0.000000000000000000e+00
6.748900606735643015e-02 9.099090970497299147e-02 5.364663551992813334e-02 4.657109450821877300e-02 0.000000000000000000e+00
8.124429691489043481e-02 7.239189980161206406e-02 3.857193920362549794e-02 6.338907366558643730e-02 0.000000000000000000e+00
9.218893181205603526e-02 4.955837598549308470e-02 2.027810523532561082e-02 8.043814534609945721e-02 0.000000000000000000e+00
9.668966717299443125e-02 2.619000121017586724e-02 3.054295634364651794e-03 9.399958231113188234e-02 0.000000000000000000e+00
9.627092621781975501e-02 1.730552153467713366e-03 0.000000000000000000e+00 9.964553174383081191e-02 0.000000000000000000e+00
8.787217633653333915e-02 0.000000000000000000e+00 0.000000000000000000e+00 9.540718890265921515e-02 0.000000000000000000e+00
7.067893609353408102e-02 0.000000000000000000e+00 0.000000000000000000e+00 7.989283612613462537e-02 0.000000000000000000e+00
4.084791651526292755e-02 0.000000000000000000e+00 0.000000000000000000e+00 5.686181471775331175e-02 0.000000000000000000e+00
1.129540858610565864e-02 0.000000000000000000e+00 0.000000000000000000e+00 2.578865241992728263e-02 2.011590724909398734e-03
6.812156574110627512e-04 0.000000000000000000e+00 0.000000000000000000e+00 6.463627927713201833e-03 2.978964753458609484e-04
0.000000000000000000e+00 0.000000000000000000e+00 4.256038635165466087e-05 5.167891480628548657e-04 2.532008505682139805e-04
0.000000000000000000e+00 0.000000000000000000e+00 0.000000000000000000e+00 0.000000000000000000e+00 0.000000000000000000e+00
0.000000000000000000e+00 0.000000000000000000e+00 0.000000000000000000e+00 0.000000000000000000e+00 0.000000000000000000e+00
2.498508750494221178e-05 2.902834894058596685e-05 0.000000000000000000e+00 1.150230271279944882e-05 0.000000000000000000e+00
0.000000000000000000e+00 0.000000000000000000e+00 0.000000000000000000e+00 0.000000000000000000e+00 0.000000000000000000e+00
1.137033183974957658e-04 0.000000000000000000e+00 1.145709006690077709e-03 6.781798840422432995e-05 0.000000000000000000e+00
4.144265052909007203e-04 0.000000000000000000e+00 8.094974164618387938e-03 1.804753923733505897e-04 2.895306186606354376e-05
3.780837460376149637e-04 0.000000000000000000e+00 2.567836724434132203e-02 3.119583802392320655e-04 1.348537998019130576e-04
0.000000000000000000e+00 0.000000000000000000e+00 5.912083845928799847e-02 3.330931193364730127e-04 0.000000000000000000e+00
0.000000000000000000e+00 0.000000000000000000e+00 9.920879539631018151e-02 0.000000000000000000e+00 0.000000000000000000e+00
0.000000000000000000e+00 2.402934067725106052e-02 1.298365373098466502e-01 0.000000000000000000e+00 0.000000000000000000e+00
0.000000000000000000e+00 7.034148647154503387e-02 1.336274827361705886e-01 1.112429253956003427e-03 0.000000000000000000e+00
0.000000000000000000e+00 1.108704569356516317e-01 1.105984283993764333e-01 1.318531188198001670e-02 0.000000000000000000e+00
0.000000000000000000e+00 1.226766924218451599e-01 8.125960686679496725e-02 3.820862517299872252e-02 0.000000000000000000e+00
3.342861998843471572e-02 1.050448988691519564e-01 5.988881369421105577e-02 6.677814312123422913e-02 0.000000000000000000e+00
6.134316046460555616e-02 7.909871932762761737e-02 4.876789849630126794e-02 9.007183997735580816e-02 0.000000000000000000e+00
7.072138699886061641e-02 5.982310121675592923e-02 4.302494512473147015e-02 1.074714279493965419e-01 0.000000000000000000e+00
7.468149077869176700e-02 4.457356325955205700e-02 3.710151969210544187e-02 1.214678517810221514e-01 0.000000000000000000e+00
7.921433210706745054e-02 2.878384881375039422e-02 2.970033023198540706e-02 1.342641952551013318e-01 0.000000000000000000e+00
8.072137647767081703e-02 1.553974458552642365e-02 2.027506740641456251e-02 1.428041982566307100e-01 0.000000000000000000e+00
8.244796349780467160e-02 2.085797102708331118e-04 9.565264564441386397e-03 1.467402671840788986e-01 0.000000000000000000e+00
7.716423560756838218e-02 0.000000000000000000e+00 0.000000000000000000e+00 1.443641413384567640e-01 0.000000000000000000e+00
7.212854006327260037e-02 0.000000000000000000e+00 0.000000000000000000e+00 1.348887091840800245e-01 1.446629447067781377e-02
6.186858569327555180e-02 0.000000000000000000e+00 0.000000000000000000e+00 1.176701115341996090e-01 2.865746234731428310e-02
4.706061752391125369e-02 0.000000000000000000e+00 0.000000000000000000e+00 9.630330631791370055e-02 4.111755366693217728e-02
2.586146760714520820e-02 0.000000000000000000e+00 0.000000000000000000e+00 6.570690365992298831e-02 3.915774324505551934e-02
5.485820304757555756e-03 0.000000000000000000e+00 0.000000000000000000e+00 3.292599590250824132e-02 2.196850708334328536e-02
0.000000000000000000e+00 0.000000000000000000e+00 0.000000000000000000e+00 7.349456085701429331e-03 4.388106383262646570e-03
0.000000000000000000e+00 0.000000000000000000e+00 3.383139322050876839e-05 3.574015978076649450e-04 2.043291316621602882e-04
0.000000000000000000e+00 0.000000000000000000e+00 0.000000000000000000e+00 0.000000000000000000e+00 0.000000000000000000e+00
0.000000000000000000e+00 0.000000000000000000e+00 0.000000000000000000e+00 0.000000000000000000e+00 0.000000000000000000e+00
0.000000000000000000e+00 0.000000000000000000e+00 0.000000000000000000e+00 0.000000000000000000e+00 0.000000000000000000e+00
0.000000000000000000e+00 0.000000000000000000e+00 0.000000000000000000e+00 0.000000000000000000e+00 0.000000000000000000e+00
5.960508823316426044e-05 0.000000000000000000e+00 1.285109034084297441e-03 6.593995026708414408e-05 0.000000000000000000e+00
2.260759719612822987e-04 0.000000000000000000e+00 1.015640020883489848e-02 3.980199438890458068e-04 0.000000000000000000e+00
0.000000000000000000e+00 0.000000000000000000e+00 3.120629313442501579e-02 1.416679556099720207e-03 0.000000000000000000e+00
0.000000000000000000e+00 0.000000000000000000e+00 7.229903470463844295e-02 4.257214672152003811e-03 0.000000000000000000e+00
0.000000000000000000e+00 3.674345159500188966e-03 1.172901016532089113e-01 7.366294705165315690e-03 0.000000000000000000e+00
0.000000000000000000e+00 4.205404088983703131e-02 1.303997904939283858e-01 1.328102295742759204e-02 0.000000000000000000e+00
0.000000000000000000e+00 9.355821839765669778e-02 1.030671833105684526e-01 2.849278657182061775e-02 0.000000000000000000e+00
0.000000000000000000e+00 1.208073501623156271e-01 5.329453534662767500e-02 5.618453512654721788e-02 0.000000000000000000e+00
3.317222054186570734e-02 9.651571277826317963e-02 1.305251108979832604e-02 9.464966724681843357e-02 0.000000000000000000e+00
7.230064226356085200e-02 4.890041099050571050e-02 0.000000000000000000e+00 1.233623044585071410e-01 0.000000000000000000e+00
8.672288450715635866e-02 1.040820982700393221e-02 0.000000000000000000e+00 1.402580823163186441e-01 1.296959214188986298e-02
7.536596951991386684e-02 0.000000000000000000e+00 0.000000000000000000e+00 1.468348492971434105e-01 2.772796333253025811e-02
6.485419274674678047e-02 0.000000000000000000e+00 1.185354746009344151e-03 1.464705662068535863e-01 3.983224138400312531e-02
5.452174853112656122e-02 0.000000000000000000e+00 1.778447560076319798e-03 1.418756117400801209e-01 5.197718520697740263e-02
4.554426657712797033e-02 0.000000000000000000e+00 1.108553415184566383e-03 1.338644743788109381e-01 6.559161634910974648e-02
3.528252359567184138e-02 0.000000000000000000e+00 0.000000000000000000e+00 1.229404709691871156e-01 7.796633145702704104e-02
2.668779554947570479e-02 0.000000000000000000e+00 0.000000000000000000e+00 1.084528945699855806e-01 9.006930761303261201e-02
1.831757999668881531e-02 0.000000000000000000e+00 0.000000000000000000e+00 9.157020443407618004e-02 9.981591556605158566e-02
1.205425948853876793e-02 0.000000000000000000e+00 0.000000000000000000e+00 7.031199924956152425e-02 1.064060471859731849e-01
6.137466318728709500e-03 0.000000000000000000e+00 0.000000000000000000e+00 5.027918108372347178e-02 1.079164955122914465e-01
0.000000000000000000e+00 0.000000000000000000e+00 0.000000000000000000e+00 3.333859528541423256e-02 8.844773862083495086e-02
0.000000000000000000e+00 0.000000000000000000e+00 0.000000000000000000e+00 1.677838765065853277e-02 4.714363220064507476e-02
0.000000000000000000e+00 0.000000000000000000e+00 3.148095717336012048e-04 4.442926697681902522e-03 6.896810141763291824e-03
0.000000000000000000e+00 0.000000000000000000e+00 5.352674407549849351e-06 1.937572809188304831e-04 2.499721353898724341e-04
0.000000000000000000e+00 0.000000000000000000e+00 0.000000000000000000e+00 0.000000000000000000e+00 0.000000000000000000e+00
0.000000000000000000e+00 0.000000000000000000e+00 0.000000000000000000e+00 0.000000000000000000e+00 0.000000000000000000e+00
0.000000000000000000e+00 0.000000000000000000e+00 0.000000000000000000e+00 0.000000000000000000e+00 0.000000000000000000e+00
0.000000000000000000e+00 0.000000000000000000e+00 0.000000000000000000e+00 0.000000000000000000e+00 0.000000000000000000e+00
0.000000000000000000e+00 0.000000000000000000e+00 1.795523920485365705e-03 1.594586724788843088e-04 2.739705357338782066e-05
0.000000000000000000e+00 0.000000000000000000e+00 1.225943559350158897e-02 8.426303984472984041e-04 0.000000000000000000e+00
0.000000000000000000e+00 0.000000000000000000e+00 3.756044790784849458e-02 2.996924808225992411e-03 0.000000000000000000e+00
0.000000000000000000e+00 0.000000000000000000e+00 8.241110617642229130e-02 8.947752186700505539e-03 0.000000000000000000e+00
0.000000000000000000e+00 1.076937917738747010e-02 1.265257371299798317e-01 1.751320648561928428e-02 0.000000000000000000e+00
0.000000000000000000e+00 5.713073475469743895e-02 1.203902214861656134e-01 3.145399651772947530e-02 0.000000000000000000e+00
0.000000000000000000e+00 1.056993776125740581e-01 6.570171656748623190e-02 5.390979281187342764e-02 0.000000000000000000e+00
1.987324988649197613e-02 1.094066543382345158e-01 0.000000000000000000e+00 8.547345939520886726e-02 2.956081414734558922e-03
7.225316931231416662e-02 5.723292629270803483e-02 0.000000000000000000e+00 1.129080381353464030e-01 2.248028491831783812e-02
9.776538484067208434e-02 0.000000000000000000e+00 0.000000000000000000e+00 1.203275271291994603e-01 5.372280400533894357e-02
8.032982990940795709e-02 0.000000000000000000e+00 0.000000000000000000e+00 1.115796836281273130e-01 8.763766423638343073e-02
5.312347399842539536e-02 0.000000000000000000e+00 0.000000000000000000e+00 9.625342120256187572e-02 1.068005831637987429e-01
3.069610016127520546e-02 0.000000000000000000e+00 0.000000000000000000e+00 7.947996351979330631e-02 1.207724161528968554e-01
1.207047534024480694e-02 0.000000000000000000e+00 0.000000000000000000e+00 6.468482994971873346e-02 1.327325672432045633e-01
0.000000000000000000e+00 0.000000000000000000e+00 0.000000000000000000e+00 5.102011568276386411e-02 1.392992006133295935e-01
0.000000000000000000e+00 0.000000000000000000e+00 0.000000000000000000e+00 3.886723383991768505e-02 1.414535312956332058e-01
0.000000000000000000e+00 4.420964954521300100e-04 0.000000000000000000e+00 2.750391174154924803e-02 1.401541329149788573e-01
0.000000000000000000e+00 2.617032754910515648e-03 0.000000000000000000e+00 2.080500098776130388e-02 1.337522300087115312e-01
0.000000000000000000e+00 3.186131115245042708e-03 0.000000000000000000e+00 1.391949211209908902e-02 1.256410692897939052e-01
0.000000000000000000e+00 3.002800013598433057e-03 0.000000000000000000e+00 7.470379835940738587e-03 1.125648554951658165e-01
0.000000000000000000e+00 2.958502656701865637e-03 0.000000000000000000e+00 4.033129440253981589e-03 8.795988127125559108e-02
0.000000000000000000e+00 9.152775240488858141e-04 5.457538012213474649e-04 3.108520127061062226e-03 4.205224010396260703e-02
0.000000000000000000e+00 0.000000000000000000e+00 5.117085831842216586e-04 2.174752202742152776e-03 5.087994541554766506e-03
0.000000000000000000e+00 0.000000000000000000e+00 2.939590693196453156e-05 1.019300344132760837e-04 1.652608637469530576e-04
0.000000000000000000e+00 0.000000000000000000e+00 0.000000000000000000e+00 0.000000000000000000e+00 0.000000000000000000e+00
0.000000000000000000e+00 0.000000000000000000e+00 0.000000000000000000e+00 0.000000000000000000e+00 0.000000000000000000e+00
0.000000000000000000e+00 0.000000000000000000e+00 0.000000000000000000e+00 0.000000000000000000e+00 0.000000000000000000e+00
0.000000000000000000e+00 0.000000000000000000e+00 0.000000000000000000e+00 0.000000000000000000e+00 0.000000000000000000e+00
0.000000000000000000e+00 0.000000000000000000e+00 3.077085225592418680e-03 3.409817914173276891e-04 5.202349284970749681e-05
0.000000000000000000e+00 0.000000000000000000e+00 1.378191116914379358e-02 1.560349197219345826e-03 0.000000000000000000e+00
0.000000000000000000e+00 0.000000000000000000e+00 4.351125752830286436e-02 5.338025428835870174e-03 0.000000000000000000e+00
0.000000000000000000e+00 0.000000000000000000e+00 8.958685432288759909e-02 1.507194907441626770e-02 0.000000000000000000e+00
0.000000000000000000e+00 1.692608279440723645e-02 1.272924159264023913e-01 2.972647953728221881e-02 0.000000000000000000e+00
0.000000000000000000e+00 6.775564643229761708e-02 1.066824995140874810e-01 5.014928954144309836e-02 0.000000000000000000e+00
2.981576359278436533e-03 1.039848151666472736e-01 3.926291926658227044e-02 7.266706768959935170e-02 7.774367101696703919e-03
6.154400163967436999e-02 8.877460061203869268e-02 0.000000000000000000e+00 8.773526196343443828e-02 3.064208072041766859e-02
1.076471569580709081e-01 2.698317528141731467e-02 0.000000000000000000e+00 8.750572703543872677e-02 6.832720129011568555e-02
1.069489969892901682e-01 0.000000000000000000e+00 0.000000000000000000e+00 6.529062175008412683e-02 1.087934079273003563e-01
7.121700522947191359e-02 0.000000000000000000e+00 1.268436682765014620e-03 3.826196058880550199e-02 1.313344819917774131e-01
3.778303054297189184e-02 0.000000000000000000e+00 1.299658364147263101e-02 1.597416330991051001e-02 1.369525579293734696e-01
1.565391456274875873e-02 0.000000000000000000e+00 1.666034424135133182e-02 3.237964624538579132e-03 1.347091362126258129e-01
1.141444367923970292e-03 0.000000000000000000e+00 1.443365362871470298e-02 0.000000000000000000e+00 1.275788008802717644e-01
0.000000000000000000e+00 2.415439850737999435e-04 1.163458841762694818e-02 0.000000000000000000e+00 1.183263612428869238e-01
0.000000000000000000e+00 3.091258016584606892e-03 7.770989682867050080e-03 0.000000000000000000e+00 1.062984664220084641e-01
0.000000000000000000e+00 4.426240890618735567e-03 5.128475453722653593e-03 0.000000000000000000e+00 9.331818935416687222e-02
0.000000000000000000e+00 4.700326865837448943e-03 3.421343554071120882e-03 0.000000000000000000e+00 8.024736229808658583e-02
0.000000000000000000e+00 4.376579960784091408e-03 1.778241980447712450e-03 0.000000000000000000e+00 6.869462907109208372e-02
0.000000000000000000e+00 3.617469262682543579e-03 1.102573695410690108e-03 0.000000000000000000e+00 5.908980494636774383e-02
0.000000000000000000e+00 2.908833426000486180e-03 9.212260866837250093e-04 0.000000000000000000e+00 4.499851186526432345e-02
0.000000000000000000e+00 1.110867478428243177e-03 6.924215058366443029e-04 0.000000000000000000e+00 2.191850486317759375e-02
0.000000000000000000e+00 0.000000000000000000e+00 2.722714740295946933e-04 4.732431998726038011e-04 3.374968192618190387e-03
0.000000000000000000e+00 0.000000000000000000e+00 2.642346435793394501e-05 1.803415368953087698e-04 3.329926732391791264e-05
0.000000000000000000e+00 0.000000000000000000e+00 0.000000000000000000e+00 0.000000000000000000e+00 0.000000000000000000e+00
0.000000000000000000e+00 0.000000000000000000e+00 0.000000000000000000e+00 0.000000000000000000e+00 0.000000000000000000e+00
0.000000000000000000e+00 0.000000000000000000e+00 0.000000000000000000e+00 0.000000000000000000e+00 0.000000000000000000e+00
0.000000000000000000e+00 0.000000000000000000e+00 1.866508775658128614e-04 1.931716210103348147e-05 1.217708341089101134e-05
0.000000000000000000e+00 0.000000000000000000e+00 3.981453164634787822e-03 5.769716944673064854e-04 0.000000000000000000e+00
0.000000000000000000e+00 0.000000000000000000e+00 1.648282329782063335e-02 2.097448354458156857e-03 0.000000000000000000e+00
0.000000000000000000e+00 0.000000000000000000e+00 4.884974844714892739e-02 7.990634783956744938e-03 0.000000000000000000e+00
0.000000000000000000e+00 0.000000000000000000e+00 9.393752192330234729e-02 2.305245698626087400e-02 0.000000000000000000e+00
0.000000000000000000e+00 2.237708616884571608e-02 1.229378792000254544e-01 4.526657708106190947e-02 0.000000000000000000e+00
0.000000000000000000e+00 6.857420460904783965e-02 9.699623709694632501e-02 6.911543580174632495e-02 8.670087560844450675e-03
3.433127301786639829e-02 9.474842186335304117e-02 3.845379822226521749e-02 7.717893453296308104e-02 2.947936992103354983e-02
9.500396237161165547e-02 7.246833414138073581e-02 0.000000000000000000e+00 6.536896586845927781e-02 6.599257634138866457e-02
1.338125030700472451e-01 2.127333456931601585e-02 6.557141665773148255e-04 3.683619147261892740e-02 1.008139535453912994e-01
1.274300301162624716e-01 0.000000000000000000e+00 2.589809023758812834e-02 4.818970302983654336e-03 1.124886703526533638e-01
9.948510794306208993e-02 0.000000000000000000e+00 4.602177606375509877e-02 0.000000000000000000e+00 9.918650804219678041e-02
7.684209712168985074e-02 0.000000000000000000e+00 5.343773245648404668e-02 0.000000000000000000e+00 7.963325047688413205e-02
6.096821668233451397e-02 0.000000000000000000e+00 5.440027565981418040e-02 0.000000000000000000e+00 6.060160787165352891e-02
4.107756093040450251e-02 0.000000000000000000e+00 5.007849103331091234e-02 0.000000000000000000e+00 5.022649089253265059e-02
2.311784371478475125e-02 0.000000000000000000e+00 3.935186547754977032e-02 0.000000000000000000e+00 4.212251985289313522e-02
9.786077738837085926e-03 0.000000000000000000e+00 2.458900716442357498e-02 0.000000000000000000e+00 3.444808106386461344e-02
2.106212987428677554e-03 0.000000000000000000e+00 1.295966214683243536e-02 0.000000000000000000e+00 2.803450467915576810e-02
0.000000000000000000e+00 0.000000000000000000e+00 5.978884886966666194e-03 0.000000000000000000e+00 2.304730000188889155e-02
0.000000000000000000e+00 2.368473429453805262e-04 2.851332533022217768e-03 0.000000000000000000e+00 1.849397609163252326e-02
0.000000000000000000e+00 5.867226681197212478e-04 1.704296238897307645e-03 0.000000000000000000e+00 1.653460693200549392e-02
0.000000000000000000e+00 3.741951565526517739e-04 9.400330459410972299e-04 0.000000000000000000e+00 1.270763490049527968e-02
0.000000000000000000e+00 2.375083613728552951e-04 4.908681163071983459e-04 0.000000000000000000e+00 6.427064573788811297e-03
0.000000000000000000e+00 0.000000000000000000e+00 1.408718146653562388e-04 3.880610985309898824e-04 1.208541110107414765e-03
0.000000000000000000e+00 0.000000000000000000e+00 1.375681587796046764e-05 7.578536838270379735e-05 1.218664856612670228e-05
0.000000000000000000e+00 0.000000000000000000e+00 0.000000000000000000e+00 0.000000000000000000e+00 0.000000000000000000e+00
0.000000000000000000e+00 0.000000000000000000e+00 0.000000000000000000e+00 0.000000000000000000e+00 0.000000000000000000e+00
0.000000000000000000e+00 0.000000000000000000e+00 0.000000000000000000e+00 0.000000000000000000e+00 0.000000000000000000e+00
0.000000000000000000e+00 0.000000000000000000e+00 9.930657707794550253e-04 2.024823309774632680e-04 2.517259188771558284e-05
0.000000000000000000e+00 0.000000000000000000e+00 4.624935677729325942e-03 7.800372833079106862e-04 0.000000000000000000e+00
0.000000000000000000e+00 0.000000000000000000e+00 1.895330997444906809e-02 2.666247404062387343e-03 0.000000000000000000e+00
0.000000000000000000e+00 0.000000000000000000e+00 5.253560931208312024e-02 1.111707415009372327e-02 0.000000000000000000e+00
0.000000000000000000e+00 0.000000000000000000e+00 9.443256769580339605e-02 3.301935734968730607e-02 0.000000000000000000e+00
0.000000000000000000e+00 2.028252954897045990e-02 1.183929582682268361e-01 6.387859325898603835e-02 4.880769704236319513e-03
1.089773043198309123e-03 6.045300768361210747e-02 1.006085991934342755e-01 8.310505989878105848e-02 2.495911192216276539e-02
4.156388198854168298e-02 8.958935608400418749e-02 6.120333725606908609e-02 7.414357135732085879e-02 6.139650884389987601e-02
8.940046158497455542e-02 8.191482262988707130e-02 3.582233199896928816e-02 4.290363931242718171e-02 9.576620738674948563e-02
1.192954058695379627e-01 5.361090842073302359e-02 4.056081124853207209e-02 6.253199690722163577e-03 1.033201645982775307e-01
1.233812313745379363e-01 3.689937567507838717e-02 5.452804485087538872e-02 0.000000000000000000e+00 8.239588404387071519e-02
1.159946347873303529e-01 2.832462886571951791e-02 6.540606824936937014e-02 0.000000000000000000e+00 5.192094706681388283e-02
1.094058313792402176e-01 1.992195409573158105e-02 7.152777241035686295e-02 0.000000000000000000e+00 2.913391497865399499e-02
1.000178708004823835e-01 1.032606681944311239e-02 7.616422843470271875e-02 0.000000000000000000e+00 1.125109185135696362e-02
8.469106696913596133e-02 0.000000000000000000e+00 7.747766709043896194e-02 0.000000000000000000e+00 1.978556525780848785e-03
6.322618203634339240e-02 0.000000000000000000e+00 7.147257118170413648e-02 0.000000000000000000e+00 0.000000000000000000e+00
3.987296136984597866e-02 0.000000000000000000e+00 5.623957489412036159e-02 0.000000000000000000e+00 0.000000000000000000e+00
1.987069358359946566e-02 0.000000000000000000e+00 3.541466227746022100e-02 0.000000000000000000e+00 1.651280717218640576e-03
6.808692381750715110e-03 0.000000000000000000e+00 1.704686595535230553e-02 0.000000000000000000e+00 2.685854977425872550e-03
2.148526069120804995e-03 0.000000000000000000e+00 6.187007045206452741e-03 0.000000000000000000e+00 2.746588130624391406e-03
6.280819339989680708e-04 0.000000000000000000e+00 2.284856378054835307e-03 0.000000000000000000e+00 2.418924058075207651e-03
0.000000000000000000e+00 5.273719222511610762e-05 2.096666841883691355e-04 0.000000000000000000e+00 1.634389420626872723e-03
0.000000000000000000e+00 0.000000000000000000e+00 5.158399616469606491e-05 0.000000000000000000e+00 7.007739564939999104e-04
3.243391754959397470e-05 0.000000000000000000e+00 2.646042314946208185e-05 0.000000000000000000e+00 3.258499873647733463e-04
0.000000000000000000e+00 0.000000000000000000e+00 0.000000000000000000e+00 0.000000000000000000e+00 0.000000000000000000e+00
0.000000000000000000e+00 0.000000000000000000e+00 0.000000000000000000e+00 0.000000000000000000e+00 0.000000000000000000e+00
0.000000000000000000e+00 0.000000000000000000e+00 0.000000000000000000e+00 0.000000000000000000e+00 0.000000000000000000e+00
0.000000000000000000e+00 0.000000000000000000e+00 0.000000000000000000e+00 0.000000000000000000e+00 0.000000000000000000e+00
0.000000000000000000e+00 0.000000000000000000e+00 7.537007195458255348e-04 2.047527736437151111e-04 4.796663044415707197e-05
0.000000000000000000e+00 0.000000000000000000e+00 4.627016872244319595e-03 9.588165654864311488e-04 0.000000000000000000e+00
0.000000000000000000e+00 0.000000000000000000e+00 1.933260826456291437e-02 3.902854115638658243e-03 0.000000000000000000e+00
0.000000000000000000e+00 0.000000000000000000e+00 4.938008831305516072e-02 1.406221641632012485e-02 0.000000000000000000e+00
0.000000000000000000e+00 0.000000000000000000e+00 8.557386218635235076e-02 4.077960234580974008e-02 1.569951583318723604e-03
0.000000000000000000e+00 1.296555519778217445e-02 1.097439189939626858e-01 7.435970135726363561e-02 1.485710538621312811e-02
0.000000000000000000e+00 4.947724068857706908e-02 9.991676717973659028e-02 9.338545339404720480e-02 4.740220961398485672e-02
1.675605904891454973e-02 8.349638946550373697e-02 7.255966129075565318e-02 8.037101085869570449e-02 9.027060400461242584e-02
3.748936276180591526e-02 9.747994826523546930e-02 5.061359783043423155e-02 5.152707102922914756e-02 1.127005126987754569e-01
5.214616921563688251e-02 9.767825059317924996e-02 4.258894510996830834e-02 2.453472379098218040e-02 1.040317273852421343e-01
5.409417264759125432e-02 9.794442912908059296e-02 4.028176668848329478e-02 5.231586822937198296e-03 8.258615847663833276e-02
5.332580354269552542e-02 9.754950442192397708e-02 4.168120817752884316e-02 0.000000000000000000e+00 6.257367990357380616e-02
6.004202385921030699e-02 8.714566351798937183e-02 4.642175427590542608e-02 0.000000000000000000e+00 4.123784001251806081e-02
7.431409259587805349e-02 6.708955779215876325e-02 5.541455213144273750e-02 0.000000000000000000e+00 1.988513638214638168e-02
8.581086390514870710e-02 4.148366624302225053e-02 7.041201806095971627e-02 0.000000000000000000e+00 1.190775356493052562e-03
8.339829964530304229e-02 1.361171110160414206e-02 8.501309030849876769e-02 0.000000000000000000e+00 0.000000000000000000e+00
6.267728972162106560e-02 0.000000000000000000e+00 8.580444171117074248e-02 0.000000000000000000e+00 0.000000000000000000e+00
3.761902250854169683e-02 0.000000000000000000e+00 6.336803154474381083e-02 0.000000000000000000e+00 0.000000000000000000e+00
1.725445624363072458e-02 0.000000000000000000e+00 3.595928019866988928e-02 0.000000000000000000e+00 0.000000000000000000e+00
6.624623069554992465e-03 0.000000000000000000e+00 1.612202125494211630e-02 0.000000000000000000e+00 0.000000000000000000e+00
2.041011645483520060e-03 0.000000000000000000e+00 5.698412140298815022e-03 0.000000000000000000e+00 8.873258484799870140e-05
2.402372077584975503e-04 0.000000000000000000e+00 9.829478465679761679e-04 1.310921270422943086e-05 5.501409283592729207e-05
6.214520694432630827e-05 0.000000000000000000e+00 5.167374910037519350e-05 0.000000000000000000e+00 5.724573321041063117e-05
9.264075616116317544e-06 0.000000000000000000e+00 3.368363767426206413e-06 0.000000000000000000e+00 3.373015560421764564e-05
0.000000000000000000e+00 0.000000000000000000e+00 0.000000000000000000e+00 0.000000000000000000e+00 0.000000000000000000e+00
0.000000000000000000e+00 8.170469153494046548e-05 0.000000000000000000e+00 0.000000000000000000e+00 0.000000000000000000e+00
0.000000000000000000e+00 0.000000000000000000e+00 0.000000000000000000e+00 0.000000000000000000e+00 0.000000000000000000e+00
0.000000000000000000e+00 0.000000000000000000e+00 0.000000000000000000e+00 0.000000000000000000e+00 0.000000000000000000e+00
2.760263913734057055e-04 0.000000000000000000e+00 1.890491958981125361e-04 0.000000000000000000e+00 9.332833475605342829e-05
5.525900492112167055e-05 0.000000000000000000e+00 3.697648204776804014e-03 5.894183299102537113e-04 1.238723021382215014e-04
2.116842863980066436e-04 0.000000000000000000e+00 1.532682176027951558e-02 3.979272645421934491e-03 7.640569074343436405e-04
0.000000000000000000e+00 0.000000000000000000e+00 3.851139751097475833e-02 1.440797173455614887e-02 1.138227448856927873e-03
0.000000000000000000e+00 0.000000000000000000e+00 6.500571509775519841e-02 4.017382180331545427e-02 4.044818552655593535e-03
0.000000000000000000e+00 4.799433140316573115e-03 8.459146769494892137e-02 7.343387382146911169e-02 2.042933792171041166e-02
0.000000000000000000e+00 3.453601960526852394e-02 8.179700465985823010e-02 9.330419296202487056e-02 5.886864551233417925e-02
0.000000000000000000e+00 6.552740606677683044e-02 5.990075136432474606e-02 9.214322649277691124e-02 9.623333219114399428e-02
0.000000000000000000e+00 8.461483755800941475e-02 3.715919672221975473e-02 8.212638752910400575e-02 1.111677172158708760e-01
0.000000000000000000e+00 9.662742831253109954e-02 2.063013454287197096e-02 7.340326923081277877e-02 1.087097233142302610e-01
0.000000000000000000e+00 1.060594704501952312e-01 1.069982283653968941e-02 6.029111269010018620e-02 9.975652908454329948e-02
0.000000000000000000e+00 1.139043621110056304e-01 6.666528342281225622e-03 4.277529353544638063e-02 8.827821345784585272e-02
0.000000000000000000e+00 1.221365093146678515e-01 9.287909886222413605e-03 2.029336101625970473e-02 7.333896279638184301e-02
4.417887332734501092e-03 1.191753003102271752e-01 1.547689680660411377e-02 0.000000000000000000e+00 5.197433342194222872e-02
3.569115126627482593e-02 1.012440082988492612e-01 3.308792499087707256e-02 0.000000000000000000e+00 2.476688317935162031e-02
6.371443154487205218e-02 6.156882318974037788e-02 6.542667073559088609e-02 0.000000000000000000e+00 1.141336625354401899e-03
6.658009813449820846e-02 1.707208449124080971e-02 9.121456826125799722e-02 0.000000000000000000e+00 0.000000000000000000e+00
4.885467864053702480e-02 0.000000000000000000e+00 8.965781143916767837e-02 0.000000000000000000e+00 0.000000000000000000e+00
2.728488207058208520e-02 0.000000000000000000e+00 6.115274628833978349e-02 0.000000000000000000e+00 0.000000000000000000e+00
1.140831947703923634e-02 0.000000000000000000e+00 3.076580942985984377e-02 0.000000000000000000e+00 0.000000000000000000e+00
3.624017728620142730e-03 0.000000000000000000e+00 1.157663044370722469e-02 0.000000000000000000e+00 0.000000000000000000e+00
6.903335590687109278e-04 0.000000000000000000e+00 3.214036023415428860e-03 8.617928218152977305e-05 0.000000000000000000e+00
1.303639616803561017e-04 0.000000000000000000e+00 1.465257682690721366e-04 0.000000000000000000e+00 0.000000000000000000e+00
0.000000000000000000e+00 0.000000000000000000e+00 0.000000000000000000e+00 0.000000000000000000e+00 0.000000000000000000e+00
0.000000000000000000e+00 0.000000000000000000e+00 0.000000000000000000e+00 0.000000000000000000e+00 0.000000000000000000e+00
0.000000000000000000e+00 2.675286359993638550e-05 0.000000000000000000e+00 0.000000000000000000e+00 0.000000000000000000e+00
0.000000000000000000e+00 0.000000000000000000e+00 0.000000000000000000e+00 0.000000000000000000e+00 0.000000000000000000e+00
0.000000000000000000e+00 0.000000000000000000e+00 0.000000000000000000e+00 0.000000000000000000e+00 0.000000000000000000e+00
8.240059725020677491e-04 0.000000000000000000e+00 0.000000000000000000e+00 0.000000000000000000e+00 1.450752221153096681e-04
1.070701815524112508e-03 0.000000000000000000e+00 1.456854225267686714e-03 0.000000000000000000e+00 5.628637148856726127e-04
2.130282361930013572e-03 0.000000000000000000e+00 8.812157555804793832e-03 2.112809403095532428e-03 2.457884463222197169e-03
1.635291109169422288e-03 0.000000000000000000e+00 2.177641454099712645e-02 1.066616157892689987e-02 6.396905293482035154e-03
0.000000000000000000e+00 0.000000000000000000e+00 3.763808446630036858e-02 2.992317740953179955e-02 9.639302147457144351e-03
0.000000000000000000e+00 0.000000000000000000e+00 5.126143556537639256e-02 5.694558446124023399e-02 2.163602573792340611e-02
0.000000000000000000e+00 1.698516957060635865e-02 5.299376453315701729e-02 7.593449137483386513e-02 4.664938335596073571e-02
0.000000000000000000e+00 3.540399013529051120e-02 4.034919747286491720e-02 8.840340034650394363e-02 6.729633148515976049e-02
0.000000000000000000e+00 4.345819698839248346e-02 2.195673326949475201e-02 9.646242575442387501e-02 7.399234943581475821e-02
0.000000000000000000e+00 4.446154512156928057e-02 7.188687408476042082e-03 1.013856104099829653e-01 7.484154080271183951e-02
0.000000000000000000e+00 4.732616604612761846e-02 0.000000000000000000e+00 1.008432613549696405e-01 7.553512424882163900e-02
0.000000000000000000e+00 5.769663503388740983e-02 0.000000000000000000e+00 9.102360507606677142e-02 7.816731740942627071e-02
0.000000000000000000e+00 7.946459074081409224e-02 0.000000000000000000e+00 6.882363844920640072e-02 8.025205465418473738e-02
0.000000000000000000e+00 1.087084894077263580e-01 0.000000000000000000e+00 4.076638557316443479e-02 6.763365483096089870e-02
0.000000000000000000e+00 1.271348050386197637e-01 0.000000000000000000e+00 8.453163769344278905e-03 4.132758928511894719e-02
2.745574483244823255e-02 1.091995507757311662e-01 2.675374270457802489e-02 0.000000000000000000e+00 1.545438843745235678e-02
4.720594781309954413e-02 5.774928501376185019e-02 7.740067972892879233e-02 0.000000000000000000e+00 0.000000000000000000e+00
4.638311754645702001e-02 7.286701228684771235e-03 1.011777211361075124e-01 0.000000000000000000e+00 0.000000000000000000e+00
3.271990776732009581e-02 0.000000000000000000e+00 8.382810302352812493e-02 0.000000000000000000e+00 0.000000000000000000e+00
1.682087566197347853e-02 0.000000000000000000e+00 4.900686798247794879e-02 0.000000000000000000e+00 0.000000000000000000e+00
6.091704415673008036e-03 0.000000000000000000e+00 2.068599641300961078e-02 0.000000000000000000e+00 0.000000000000000000e+00
1.355980912979500496e-03 0.000000000000000000e+00 5.925558359110330055e-03 8.725069936021163529e-05 0.000000000000000000e+00
1.526833519379959189e-04 0.000000000000000000e+00 3.487609158283641424e-04 0.000000000000000000e+00 0.000000000000000000e+00
0.000000000000000000e+00 0.000000000000000000e+00 0.000000000000000000e+00 0.000000000000000000e+00 0.000000000000000000e+00
0.000000000000000000e+00 0.000000000000000000e+00 0.000000000000000000e+00 0.000000000000000000e+00 0.000000000000000000e+00
0.000000000000000000e+00 0.000000000000000000e+00 0.000000000000000000e+00 0.000000000000000000e+00 0.000000000000000000e+00
0.000000000000000000e+00 0.000000000000000000e+00 0.000000000000000000e+00 0.000000000000000000e+00 0.000000000000000000e+00
0.000000000000000000e+00 0.000000000000000000e+00 0.000000000000000000e+00 0.000000000000000000e+00 0.000000000000000000e+00
1.625582479219543587e-03 0.000000000000000000e+00 0.000000000000000000e+00 0.000000000000000000e+00 6.207640365907934053e-05
4.289396525557966945e-03 0.000000000000000000e+00 0.000000000000000000e+00 0.000000000000000000e+00 1.528809967291339155e-03
6.946465668702031006e-03 0.000000000000000000e+00 4.198923198984666656e-03 0.000000000000000000e+00 7.308595754724996237e-03
7.072382920604127106e-03 0.000000000000000000e+00 9.188351560760038214e-03 1.476226770787350800e-03 1.909228453964550987e-02
3.190760742041493740e-03 0.000000000000000000e+00 1.414508262414201391e-02 1.307932518784443721e-02 2.107555823742434178e-02
0.000000000000000000e+00 0.000000000000000000e+00 2.184527528634626001e-02 3.005625153116743900e-02 2.029954461438529881e-02
0.000000000000000000e+00 7.216662042211972189e-03 2.572167187866394172e-02 4.635475354296252071e-02 2.625272783410288746e-02
0.000000000000000000e+00 1.124872609835135019e-02 2.178909983848251186e-02 5.950112217099298717e-02 3.043819773686450361e-02
0.000000000000000000e+00 8.653530396892799431e-03 1.319681675522651858e-02 7.152221731657537607e-02 3.079710952989829151e-02
0.000000000000000000e+00 1.298769837120409632e-03 5.059935959731834583e-03 8.272690399664475724e-02 3.582725341291232574e-02
0.000000000000000000e+00 0.000000000000000000e+00 0.000000000000000000e+00 9.181558562060206097e-02 4.745846017194826211e-02
0.000000000000000000e+00 2.934747285000697875e-04 0.000000000000000000e+00 9.616745297829615291e-02 6.521258098753540677e-02
0.000000000000000000e+00 2.021897945306755026e-02 0.000000000000000000e+00 9.196781773940036764e-02 7.665117830544175559e-02
0.000000000000000000e+00 5.795906040619676347e-02 0.000000000000000000e+00 7.469493014954643739e-02 7.278354235219715307e-02
0.000000000000000000e+00 1.114026886256109378e-01 0.000000000000000000e+00 3.985710358939609926e-02 4.699339874893665447e-02
9.316939927426404547e-03 1.311772293782028920e-01 0.000000000000000000e+00 5.592170634002370825e-04 2.185882189696345193e-02
2.722897789804167024e-02 9.186224092154163245e-02 5.487319491897461876e-02 0.000000000000000000e+00 6.138086386616335363e-04
3.357878138893453934e-02 2.981758567519769004e-02 1.012203395683679563e-01 0.000000000000000000e+00 0.000000000000000000e+00
2.852739468407051310e-02 0.000000000000000000e+00 9.887912757607336678e-02 0.000000000000000000e+00 0.000000000000000000e+00
1.865580147737599948e-02 0.000000000000000000e+00 6.366130546482304253e-02 0.000000000000000000e+00 0.000000000000000000e+00
7.774471782229982857e-03 0.000000000000000000e+00 3.000965580832531954e-02 0.000000000000000000e+00 0.000000000000000000e+00
2.368424379443255512e-03 0.000000000000000000e+00 9.613681595070262820e-03 1.419908877106316172e-05 0.000000000000000000e+00
8.177868807016215548e-05 0.000000000000000000e+00 4.164364692266866487e-04 4.181572785679342377e-05 0.000000000000000000e+00
0.000000000000000000e+00 2.335107005031027867e-06 0.000000000000000000e+00 1.177764242636628083e-05 0.000000000000000000e+00
0.000000000000000000e+00 0.000000000000000000e+00 0.000000000000000000e+00 0.000000000000000000e+00 0.000000000000000000e+00
0.000000000000000000e+00 0.000000000000000000e+00 0.000000000000000000e+00 0.000000000000000000e+00 0.000000000000000000e+00
0.000000000000000000e+00 0.000000000000000000e+00 0.000000000000000000e+00 0.000000000000000000e+00 0.000000000000000000e+00
0.000000000000000000e+00 0.000000000000000000e+00 0.000000000000000000e+00 0.000000000000000000e+00 0.000000000000000000e+00
2.067347921740217333e-03 0.000000000000000000e+00 0.000000000000000000e+00 0.000000000000000000e+00 0.000000000000000000e+00
9.635998311311242195e-03 0.000000000000000000e+00 0.000000000000000000e+00 0.000000000000000000e+00 1.772935416940147561e-03
1.985434442767881197e-02 0.000000000000000000e+00 0.000000000000000000e+00 0.000000000000000000e+00 1.793301428769625977e-02
2.475495053608584017e-02 0.000000000000000000e+00 1.082818971681404974e-03 0.000000000000000000e+00 4.213339479425568662e-02
1.684055213287481353e-02 9.309184978606395216e-04 3.744653349991111310e-03 0.000000000000000000e+00 4.442532166517015185e-02
9.564615619267418864e-03 2.424304456151463345e-03 8.213659636391866178e-03 5.063643023546412700e-03 3.216835517930545507e-02
0.000000000000000000e+00 5.837017100893343059e-03 1.272111189338797320e-02 1.297682580220471497e-02 2.563880593661321122e-02
0.000000000000000000e+00 5.727750550481637906e-03 1.285876049468262332e-02 2.096210428763470648e-02 2.057759019257889010e-02
0.000000000000000000e+00 0.000000000000000000e+00 1.010601446109940516e-02 3.044665747040474837e-02 2.036565317598039784e-02
0.000000000000000000e+00 0.000000000000000000e+00 6.298706840652578201e-03 4.115732499979542214e-02 2.690922394613269250e-02
5.637921630002444909e-03 0.000000000000000000e+00 6.451410325532798504e-04 5.492085668249381547e-02 4.420889432281042974e-02
1.404938700844392784e-02 0.000000000000000000e+00 0.000000000000000000e+00 7.107476063503705144e-02 6.849835146012228648e-02
2.230048931537927798e-02 0.000000000000000000e+00 0.000000000000000000e+00 8.464334630699187068e-02 8.302186466132166487e-02
2.827250446678726201e-02 1.857913844125149913e-02 0.000000000000000000e+00 8.792543524520581022e-02 7.483655732099642188e-02
2.030100824676673785e-02 8.715116145432112715e-02 0.000000000000000000e+00 6.170355991300721654e-02 4.382266870740427617e-02
1.003016995877981619e-02 1.337836833865103381e-01 0.000000000000000000e+00 1.817256097058047443e-02 1.732131669218930914e-02
1.343533216798368200e-02 1.087871348195239285e-01 4.160502999506185406e-02 0.000000000000000000e+00 4.218744059111345450e-04
1.928136760661124799e-02 4.425634664273996044e-02 1.021897198065202517e-01 0.000000000000000000e+00 0.000000000000000000e+00
2.006022443241775241e-02 0.000000000000000000e+00 1.093808172010887758e-01 0.000000000000000000e+00 0.000000000000000000e+00
1.582567430154694851e-02 0.000000000000000000e+00 7.352428281738317140e-02 0.000000000000000000e+00 0.000000000000000000e+00
8.370148002447425073e-03 0.000000000000000000e+00 3.708647908423703260e-02 0.000000000000000000e+00 0.000000000000000000e+00
2.607486412382991042e-03 0.000000000000000000e+00 1.183271308986362860e-02 0.000000000000000000e+00 0.000000000000000000e+00
6.111494088975641772e-05 0.000000000000000000e+00 4.851532113322218451e-04 6.473242914952886387e-05 0.000000000000000000e+00
0.000000000000000000e+00 7.524233682877768272e-06 0.000000000000000000e+00 3.795018115162473462e-05 0.000000000000000000e+00
0.000000000000000000e+00 0.000000000000000000e+00 0.000000000000000000e+00 0.000000000000000000e+00 0.000000000000000000e+00
0.000000000000000000e+00 0.000000000000000000e+00 0.000000000000000000e+00 0.000000000000000000e+00 0.000000000000000000e+00
0.000000000000000000e+00 0.000000000000000000e+00 0.000000000000000000e+00 0.000000000000000000e+00 0.000000000000000000e+00
3.852383582382680705e-05 0.000000000000000000e+00 3.745165650482272464e-06 0.000000000000000000e+00 0.000000000000000000e+00
2.789897598691605789e-03 0.000000000000000000e+00 5.309347214431670839e-04 0.000000000000000000e+00 0.000000000000000000e+00
1.765945829357929917e-02 0.000000000000000000e+00 0.000000000000000000e+00 0.000000000000000000e+00 1.648046596579211178e-03
4.349366905630447366e-02 0.000000000000000000e+00 0.000000000000000000e+00 0.000000000000000000e+00 2.535840260765750975e-02
5.779528597814276303e-02 0.000000000000000000e+00 0.000000000000000000e+00 0.000000000000000000e+00 6.949909199555459605e-02
4.982756161703943976e-02 0.000000000000000000e+00 0.000000000000000000e+00 0.000000000000000000e+00 7.446041134516581672e-02
2.794098585190825032e-02 8.396449683459157598e-03 4.809272740638749835e-03 0.000000000000000000e+00 5.901453847754616067e-02
1.133211143968074902e-02 1.097666761252335914e-02 9.378544301296878882e-03 0.000000000000000000e+00 4.621483555754832273e-02
2.227047862440483406e-03 8.586493304926298351e-03 1.047360402542073243e-02 0.000000000000000000e+00 3.968800745288717652e-02
0.000000000000000000e+00 2.844094701544896530e-03 7.542460448258489318e-03 4.437758415513977806e-04 4.129385777466389185e-02
2.206154319996414016e-03 0.000000000000000000e+00 4.397752495182488328e-03 8.566806188120118168e-03 5.293749626055363477e-02
1.313076460696920196e-02 0.000000000000000000e+00 0.000000000000000000e+00 2.194560175409023331e-02 7.568209670227729613e-02
3.248952258197991549e-02 0.000000000000000000e+00 0.000000000000000000e+00 4.347831856007918633e-02 9.791060055155619002e-02
5.773991631120525131e-02 0.000000000000000000e+00 0.000000000000000000e+00 7.321393507239914999e-02 9.614732917795953959e-02
6.697454501423710793e-02 4.897938463045164829e-03 0.000000000000000000e+00 9.103499089613942274e-02 6.617208087983282583e-02
4.472375894644190636e-02 8.151309039591411731e-02 0.000000000000000000e+00 7.006566254235781221e-02 2.900356133571112618e-02
1.243909647778442852e-02 1.342518264225164848e-01 0.000000000000000000e+00 2.787803622842807347e-02 7.444854870504657822e-03
4.201707746727402840e-03 1.121891012575658569e-01 4.278093230678754050e-02 0.000000000000000000e+00 0.000000000000000000e+00
8.273158984381561581e-03 4.801334783904166736e-02 1.067783733248526684e-01 0.000000000000000000e+00 0.000000000000000000e+00
1.086955745892618196e-02 0.000000000000000000e+00 1.147575069051409991e-01 0.000000000000000000e+00 0.000000000000000000e+00
1.052386008799426412e-02 0.000000000000000000e+00 8.076474736860879411e-02 0.000000000000000000e+00 0.000000000000000000e+00
7.637707166350747937e-03 0.000000000000000000e+00 4.005790885946503704e-02 0.000000000000000000e+00 0.000000000000000000e+00
2.641869413913432423e-03 0.000000000000000000e+00 1.175342720367615612e-02 0.000000000000000000e+00 0.000000000000000000e+00
1.331762094996997708e-05 0.000000000000000000e+00 4.621082127173793295e-04 5.387953264847468785e-05 0.000000000000000000e+00
0.000000000000000000e+00 1.725384620384036243e-05 0.000000000000000000e+00 8.702369126148408560e-05 0.000000000000000000e+00
0.000000000000000000e+00 0.000000000000000000e+00 0.000000000000000000e+00 0.000000000000000000e+00 0.000000000000000000e+00
0.000000000000000000e+00 0.000000000000000000e+00 0.000000000000000000e+00 0.000000000000000000e+00 0.000000000000000000e+00
0.000000000000000000e+00 0.000000000000000000e+00 0.000000000000000000e+00 0.000000000000000000e+00 0.000000000000000000e+00
4.450550398072630363e-04 0.000000000000000000e+00 3.062552428932758196e-05 0.000000000000000000e+00 0.000000000000000000e+00
2.735196634825911091e-03 0.000000000000000000e+00 2.937506024862686772e-04 0.000000000000000000e+00 0.000000000000000000e+00
2.253762691844863122e-02 0.000000000000000000e+00 0.000000000000000000e+00 0.000000000000000000e+00 7.605387061965554994e-04
6.668196511312518560e-02 0.000000000000000000e+00 0.000000000000000000e+00 0.000000000000000000e+00 2.451258197740734807e-02
9.875689156192320184e-02 0.000000000000000000e+00 0.000000000000000000e+00 0.000000000000000000e+00 7.470976365891295046e-02
9.448780926837660465e-02 0.000000000000000000e+00 0.000000000000000000e+00 0.000000000000000000e+00 9.577831386892864118e-02
6.595708045319982615e-02 9.572626833842631106e-03 5.788735284271461987e-03 0.000000000000000000e+00 9.149193103941953564e-02
3.549403379605374498e-02 1.764275466512173554e-02 1.366106680690067250e-02 0.000000000000000000e+00 8.592045055604920212e-02
1.793713037371326424e-02 1.685972249376334331e-02 1.453842981840523275e-02 0.000000000000000000e+00 8.561744142245457379e-02
1.372974354622197128e-02 1.046259664791814731e-02 9.498463052274926099e-03 0.000000000000000000e+00 9.192957923559991196e-02
2.068601788839190270e-02 0.000000000000000000e+00 0.000000000000000000e+00 0.000000000000000000e+00 1.047115257952655198e-01
3.985984022944489419e-02 0.000000000000000000e+00 0.000000000000000000e+00 1.911618660220571267e-03 1.192615782018609655e-01
7.146420226843333556e-02 0.000000000000000000e+00 0.000000000000000000e+00 3.213862445519892475e-02 1.184308108087411826e-01
9.818809270116010679e-02 0.000000000000000000e+00 0.000000000000000000e+00 7.294976537557720797e-02 8.690134611188379821e-02
9.194230672181996633e-02 2.354857929304969566e-02 0.000000000000000000e+00 8.980396543393402708e-02 4.120563833824320704e-02
5.017849868059833657e-02 9.693704996885307845e-02 0.000000000000000000e+00 6.849904388141024592e-02 7.919982791648723028e-03
9.168135248598130796e-03 1.353805751390392276e-01 0.000000000000000000e+00 2.625413094093415403e-02 0.000000000000000000e+00
0.000000000000000000e+00 1.010105636352461589e-01 6.660631169417520481e-02 0.000000000000000000e+00 0.000000000000000000e+00
6.371070795559395379e-05 3.902677233367427001e-02 1.185254490243040637e-01 0.000000000000000000e+00 0.000000000000000000e+00
3.654583813304207278e-03 0.000000000000000000e+00 1.161430120117300374e-01 0.000000000000000000e+00 0.000000000000000000e+00
5.807070226477430673e-03 0.000000000000000000e+00 7.866873464790399839e-02 0.000000000000000000e+00 0.000000000000000000e+00
5.958565761552135458e-03 0.000000000000000000e+00 3.566464147831616832e-02 1.527947702478051680e-04 0.000000000000000000e+00
1.956032946448259518e-03 0.000000000000000000e+00 8.599521496345458385e-03 0.000000000000000000e+00 0.000000000000000000e+00
0.000000000000000000e+00 0.000000000000000000e+00 3.886030335316230681e-04 6.111642169364495765e-05 1.176017184960068223e-05
0.000000000000000000e+00 2.010786587665584288e-05 0.000000000000000000e+00 1.014185875603762179e-04 0.000000000000000000e+00
0.000000000000000000e+00 0.000000000000000000e+00 0.000000000000000000e+00 0.000000000000000000e+00 0.000000000000000000e+00
0.000000000000000000e+00 0.000000000000000000e+00 0.000000000000000000e+00 0.000000000000000000e+00 0.000000000000000000e+00
0.000000000000000000e+00 0.000000000000000000e+00 0.000000000000000000e+00 0.000000000000000000e+00 0.000000000000000000e+00
2.445714265930959853e-04 0.000000000000000000e+00 1.282428263312033900e-05 0.000000000000000000e+00 0.000000000000000000e+00
2.866909046288779617e-03 0.000000000000000000e+00 0.000000000000000000e+00 0.000000000000000000e+00 0.000000000000000000e+00
2.019075601171634732e-02 0.000000000000000000e+00 0.000000000000000000e+00 0.000000000000000000e+00 0.000000000000000000e+00
6.857755248675964643e-02 0.000000000000000000e+00 0.000000000000000000e+00 3.679353575803644139e-03 1.259321588712872773e-02
1.193050725370995158e-01 0.000000000000000000e+00 0.000000000000000000e+00 8.231639293422448461e-03 5.293176383979041055e-02
1.359385736638596687e-01 0.000000000000000000e+00 0.000000000000000000e+00 5.195209811389637014e-03 8.396979597310816334e-02
1.212204883944076883e-01 3.496819714064627709e-03 7.143148803577728870e-03 0.000000000000000000e+00 9.759687539022193770e-02
9.225266386685448960e-02 1.814129772999008988e-02 1.714804227264718484e-02 0.000000000000000000e+00 1.106342557861048487e-01
6.808379601800321201e-02 2.259774415409519788e-02 2.134474151671417880e-02 0.000000000000000000e+00 1.212370950157840022e-01
6.351748868613991961e-02 1.356205631439466597e-02 1.466935096569249933e-02 0.000000000000000000e+00 1.294723892068307125e-01
7.707584898144406726e-02 0.000000000000000000e+00 0.000000000000000000e+00 0.000000000000000000e+00 1.284860754036500352e-01
1.019296550886312214e-01 0.000000000000000000e+00 0.000000000000000000e+00 1.319516780972524762e-02 1.177179906489524835e-01
1.239541427181172217e-01 0.000000000000000000e+00 0.000000000000000000e+00 4.852645699630309117e-02 8.922266203691490982e-02
1.243502579761796428e-01 1.158277519435011761e-02 0.000000000000000000e+00 8.081373060311614065e-02 4.500064613221046311e-02
8.848212128332946791e-02 6.875990503637374740e-02 0.000000000000000000e+00 8.166348065067335904e-02 8.028079243975621421e-03
3.252238628861325864e-02 1.225243445682771826e-01 0.000000000000000000e+00 5.419741268137292373e-02 0.000000000000000000e+00
0.000000000000000000e+00 1.261163144057806940e-01 4.665830596311830447e-02 1.756303625605755078e-02 0.000000000000000000e+00
0.000000000000000000e+00 7.510854011905949978e-02 1.083098918124078547e-01 0.000000000000000000e+00 0.000000000000000000e+00
0.000000000000000000e+00 2.064258367519945445e-02 1.304037592312425609e-01 0.000000000000000000e+00 0.000000000000000000e+00
0.000000000000000000e+00 0.000000000000000000e+00 1.063439042732832046e-01 0.000000000000000000e+00 0.000000000000000000e+00
3.299053921855522181e-03 0.000000000000000000e+00 6.473903353297850993e-02 0.000000000000000000e+00 0.000000000000000000e+00
2.764467976120296624e-03 0.000000000000000000e+00 2.604531097030889433e-02 8.152426918619573581e-04 0.000000000000000000e+00
1.171089430754587105e-03 0.000000000000000000e+00 5.543691095007689112e-03 0.000000000000000000e+00 0.000000000000000000e+00
0.000000000000000000e+00 0.000000000000000000e+00 2.207077001079843081e-04 2.895555492813889158e-05 3.201058282307398900e-05
0.000000000000000000e+00 1.709971395987617117e-05 0.000000000000000000e+00 1.133819091626718549e-04 0.000000000000000000e+00
8.329617653914106338e-06 0.000000000000000000e+00 0.000000000000000000e+00 3.518624000675173494e-05 0.000000000000000000e+00
0.000000000000000000e+00 0.000000000000000000e+00 0.000000000000000000e+00 0.000000000000000000e+00 0.000000000000000000e+00
0.000000000000000000e+00 0.000000000000000000e+00 0.000000000000000000e+00 0.000000000000000000e+00 0.000000000000000000e+00
5.758640743887679838e-06 0.000000000000000000e+00 2.329061482217378090e-07 0.000000000000000000e+00 0.000000000000000000e+00
1.949778217981671443e-03 0.000000000000000000e+00 0.000000000000000000e+00 0.000000000000000000e+00 0.000000000000000000e+00
1.420602572878564701e-02 0.000000000000000000e+00 0.000000000000000000e+00 3.377102657182625691e-04 0.000000000000000000e+00
4.847722187445593217e-02 0.000000000000000000e+00 0.000000000000000000e+00 8.147682715075045892e-03 4.751903480337412670e-04
1.037917579349782043e-01 0.000000000000000000e+00 0.000000000000000000e+00 2.500969607428196392e-02 1.492949369250948233e-02
1.444161249207265019e-01 0.000000000000000000e+00 0.000000000000000000e+00 3.460156692378130866e-02 3.652936648525919455e-02
1.561735242864983331e-01 0.000000000000000000e+00 2.607303370114361085e-03 2.904802370954983129e-02 5.545129817542825829e-02
1.469207092274599502e-01 1.680063720394818147e-02 1.945247644799527609e-02 1.507980996233799359e-02 7.211122853789776743e-02
1.332479693375930307e-01 2.592949765363373668e-02 2.867685483952848308e-02 7.861562474484414323e-03 8.440979634675818688e-02
1.286141463601100376e-01 2.424704410483426165e-02 2.607820282404032033e-02 1.010311641980979336e-02 8.872452211986427140e-02
1.367466861044605575e-01 1.587953296623980173e-02 1.397265092693519319e-02 2.359172918899339264e-02 7.955754453905561352e-02
1.416705724782419407e-01 1.875524696681555095e-02 0.000000000000000000e+00 4.615606387253114867e-02 5.791110953674113992e-02
1.303332717511884731e-01 3.844307876023013437e-02 0.000000000000000000e+00 6.944809021976622310e-02 2.764297890446160838e-02
9.471103433934696669e-02 7.411744037605993984e-02 0.000000000000000000e+00 8.059599119067047124e-02 0.000000000000000000e+00
4.121073622320856750e-02 1.134510978221223709e-01 2.021232871372090345e-02 6.660126720857333094e-02 0.000000000000000000e+00
0.000000000000000000e+00 1.265632842076581388e-01 6.505147003234261482e-02 3.602217003507884180e-02 0.000000000000000000e+00
0.000000000000000000e+00 9.200319460891855095e-02 1.127532693409399461e-01 9.320741625025052990e-03 0.000000000000000000e+00
0.000000000000000000e+00 4.013527200749855001e-02 1.367474119034373936e-01 0.000000000000000000e+00 0.000000000000000000e+00
0.000000000000000000e+00 2.164066203558846074e-03 1.240001530619929265e-01 0.000000000000000000e+00 0.000000000000000000e+00
0.000000000000000000e+00 0.000000000000000000e+00 8.407102926937939924e-02 4.592768651679941566e-04 0.000000000000000000e+00
9.993467317904521519e-04 0.000000000000000000e+00 4.245988490966662310e-02 1.497179292120932436e-03 0.000000000000000000e+00
4.409551039206174275e-04 0.000000000000000000e+00 1.496402262810453930e-02 1.020231863699810806e-03 0.000000000000000000e+00
5.230586673922967873e-05 0.000000000000000000e+00 2.069408717501429809e-03 6.539355024516486394e-05 7.132871533527445956e-05
0.000000000000000000e+00 1.222600961792499807e-05 1.403721276250193754e-04 4.221552391014858971e-05 3.137712656993489987e-05
0.000000000000000000e+00 1.777275887162513816e-05 0.000000000000000000e+00 8.964094513401020135e-05 0.000000000000000000e+00
0.000000000000000000e+00 0.000000000000000000e+00 0.000000000000000000e+00 0.000000000000000000e+00 0.000000000000000000e+00
0.000000000000000000e+00 0.000000000000000000e+00 0.000000000000000000e+00 0.000000000000000000e+00 0.000000000000000000e+00
0.000000000000000000e+00 0.000000000000000000e+00 0.000000000000000000e+00 0.000000000000000000e+00 0.000000000000000000e+00
0.000000000000000000e+00 0.000000000000000000e+00 0.000000000000000000e+00 0.000000000000000000e+00 0.000000000000000000e+00
4.948170309874006228e-04 0.000000000000000000e+00 0.000000000000000000e+00 1.000362773643218744e-04 0.000000000000000000e+00
7.046216169536744997e-03 0.000000000000000000e+00 0.000000000000000000e+00 9.468152919958211251e-04 0.000000000000000000e+00
2.292473817122143293e-02 0.000000000000000000e+00 8.278086565437953496e-05 7.374411677315010488e-03 0.000000000000000000e+00
5.604463721430850975e-02 0.000000000000000000e+00 0.000000000000000000e+00 2.779328349860209907e-02 0.000000000000000000e+00
9.546551436097978904e-02 0.000000000000000000e+00 0.000000000000000000e+00 5.050960499326433845e-02 0.000000000000000000e+00
1.225035654761016390e-01 1.790212098639010164e-03 0.000000000000000000e+00 6.610660061730341819e-02 0.000000000000000000e+00
1.314126610283634089e-01 2.190341701682446338e-02 1.714766559811917515e-02 6.718712233099008446e-02 6.345855288825674387e-03
1.267084418347984853e-01 4.237383584736839626e-02 3.473017764553684023e-02 6.128020957461100676e-02 1.461994856149274880e-02
1.189975577303548498e-01 5.628071493837070310e-02 4.515057429047399790e-02 6.015739696994781838e-02 1.691820245427134647e-02
1.089636703685137181e-01 6.505462007567128224e-02 4.882443071432821663e-02 6.726808446321053125e-02 9.936395038896001647e-03
8.957217798574519663e-02 7.743172361487943300e-02 5.141370598509095030e-02 7.719227166650925731e-02 0.000000000000000000e+00
5.755950124003514357e-02 9.572207553536161984e-02 5.829127911135027762e-02 8.155251151847046909e-02 0.000000000000000000e+00
1.488929409038511342e-02 1.158710629034923473e-01 7.643619562564815673e-02 7.125537881850411981e-02 0.000000000000000000e+00
0.000000000000000000e+00 1.184542109060101600e-01 1.023433788025618074e-01 4.745191078564548609e-02 0.000000000000000000e+00
0.000000000000000000e+00 8.955688055241636802e-02 1.310749580702800787e-01 2.425915167305747397e-02 0.000000000000000000e+00
0.000000000000000000e+00 4.592266528640041173e-02 1.422208345401007601e-01 8.168328602010043252e-03 0.000000000000000000e+00
0.000000000000000000e+00 8.171185816276491792e-03 1.238407613613125430e-01 3.005429881367911813e-03 0.000000000000000000e+00
0.000000000000000000e+00 0.000000000000000000e+00 8.637435539474198898e-02 3.047414325668805751e-03 0.000000000000000000e+00
0.000000000000000000e+00 0.000000000000000000e+00 4.778720114561213483e-02 2.596720519044256638e-03 0.000000000000000000e+00
0.000000000000000000e+00 0.000000000000000000e+00 2.142692479845962478e-02 1.934243158183673612e-03 0.000000000000000000e+00
0.000000000000000000e+00 0.000000000000000000e+00 6.150481901235865627e-03 8.347894765633271643e-04 1.385386488250533435e-04
0.000000000000000000e+00 0.000000000000000000e+00 6.026879292144801800e-04 9.881206884669881097e-05 1.345815218001073996e-04
0.000000000000000000e+00 8.519859929488806792e-06 1.429495000326310133e-04 2.373399989376630015e-05 3.727212545067363082e-05
0.000000000000000000e+00 1.037825335569340754e-06 0.000000000000000000e+00 5.234507745051678391e-06 0.000000000000000000e+00
0.000000000000000000e+00 0.000000000000000000e+00 0.000000000000000000e+00 0.000000000000000000e+00 0.000000000000000000e+00
0.000000000000000000e+00 0.000000000000000000e+00 0.000000000000000000e+00 0.000000000000000000e+00 0.000000000000000000e+00
0.000000000000000000e+00 0.000000000000000000e+00 0.000000000000000000e+00 0.000000000000000000e+00 0.000000000000000000e+00
0.000000000000000000e+00 2.476991309313681590e-05 0.000000000000000000e+00 3.896102858867287377e-05 0.000000000000000000e+00
0.000000000000000000e+00 2.200884640052461021e-04 3.444799028585439425e-05 9.587678152215952981e-05 0.000000000000000000e+00
2.472126452720545785e-03 0.000000000000000000e+00 0.000000000000000000e+00 6.951123781937459684e-04 0.000000000000000000e+00
7.303546473543972434e-03 0.000000000000000000e+00 3.008028778278313506e-05 4.668449054116352755e-03 0.000000000000000000e+00
1.681348538486995142e-02 0.000000000000000000e+00 0.000000000000000000e+00 1.937371051364427180e-02 0.000000000000000000e+00
3.198965081723576659e-02 0.000000000000000000e+00 0.000000000000000000e+00 4.315968047308287037e-02 0.000000000000000000e+00
4.734096533475157242e-02 6.286652434973425546e-03 1.143717004965394890e-03 6.969178719251988008e-02 0.000000000000000000e+00
5.409150755748245304e-02 2.437716934259260074e-02 9.153364401814439999e-03 8.934328326688724398e-02 0.000000000000000000e+00
5.172300455708916250e-02 4.781938781011015049e-02 2.629581299872634989e-02 9.786249848015995956e-02 0.000000000000000000e+00
3.684826561232112246e-02 7.158327448924613201e-02 4.713119983272054392e-02 9.869868567583008068e-02 0.000000000000000000e+00
1.613018182650928500e-02 9.051477414248426667e-02 6.711198265267268037e-02 9.671769106060514043e-02 0.000000000000000000e+00
0.000000000000000000e+00 1.021105333884213678e-01 8.502558180298139257e-02 8.920162567746070525e-02 0.000000000000000000e+00
0.000000000000000000e+00 1.050660488847900281e-01 1.015525013138974114e-01 7.592595928424575313e-02 0.000000000000000000e+00
0.000000000000000000e+00 9.445932713586628615e-02 1.183316070622845301e-01 5.636212089483472187e-02 0.000000000000000000e+00
0.000000000000000000e+00 6.850501220919895384e-02 1.289308566451402849e-01 3.405715841077756184e-02 0.000000000000000000e+00
0.000000000000000000e+00 3.532055664106692472e-02 1.216266289101425591e-01 1.916792336212844519e-02 0.000000000000000000e+00
0.000000000000000000e+00 7.074967361704410929e-03 9.760054180042679328e-02 1.189879394941483447e-02 0.000000000000000000e+00
0.000000000000000000e+00 0.000000000000000000e+00 6.769597933936644107e-02 6.662260124650340107e-03 0.000000000000000000e+00
0.000000000000000000e+00 0.000000000000000000e+00 3.941532714285023165e-02 4.102335470552850513e-03 5.022241713252870138e-05
0.000000000000000000e+00 0.000000000000000000e+00 1.794724970834101624e-02 2.463104700569350176e-03 4.047452834223716738e-05
0.000000000000000000e+00 0.000000000000000000e+00 6.581757982858012571e-03 1.040701851512531922e-03 1.968976072275981689e-04
0.000000000000000000e+00 0.000000000000000000e+00 1.663126568792670096e-03 3.884766161176315892e-04 1.257989883784864133e-04
0.000000000000000000e+00 0.000000000000000000e+00 3.191185317749256514e-04 1.732402619320698260e-04 1.106412271968580202e-04
0.000000000000000000e+00 5.702268456744706653e-06 9.567486222656269607e-05 1.588496055882018012e-05 2.494591073470277357e-05
0.000000000000000000e+00 0.000000000000000000e+00 0.000000000000000000e+00 0.000000000000000000e+00 0.000000000000000000e+00
0.000000000000000000e+00 0.000000000000000000e+00 0.000000000000000000e+00 0.000000000000000000e+00 0.000000000000000000e+00
0.000000000000000000e+00 0.000000000000000000e+00 0.000000000000000000e+00 0.000000000000000000e+00 0.000000000000000000e+00
0.000000000000000000e+00 0.000000000000000000e+00 0.000000000000000000e+00 0.000000000000000000e+00 0.000000000000000000e+00
0.000000000000000000e+00 0.000000000000000000e+00 0.000000000000000000e+00 0.000000000000000000e+00 0.000000000000000000e+00
0.000000000000000000e+00 3.585851431755619653e-05 2.327914715140017672e-04 2.094188943164596730e-05 0.000000000000000000e+00
1.931238917498163650e-04 3.290651248100453499e-04 0.000000000000000000e+00 2.270417541104013929e-05 0.000000000000000000e+00
7.060425596138520440e-04 4.665492340963023148e-04 6.670734564310862736e-05 1.204910873907370740e-03 0.000000000000000000e+00
1.132992717224008683e-03 8.942585873935285541e-04 0.000000000000000000e+00 7.292515233006378363e-03 0.000000000000000000e+00
2.397042087863172303e-03 3.701156833531354874e-04 0.000000000000000000e+00 2.115558730343568283e-02 0.000000000000000000e+00
1.319668364065593180e-03 3.352828666548250593e-03 2.785442660913119432e-05 4.134291710836720396e-02 0.000000000000000000e+00
0.000000000000000000e+00 1.102233530525263856e-02 4.157196984668947229e-03 6.322351168255445353e-02 0.000000000000000000e+00
0.000000000000000000e+00 2.183497560004038496e-02 1.162005362913859016e-02 7.995943262469422386e-02 0.000000000000000000e+00
0.000000000000000000e+00 3.478592583295986307e-02 2.407438035385972910e-02 8.853575047687631261e-02 0.000000000000000000e+00
0.000000000000000000e+00 4.654557486049765158e-02 4.009981269285930322e-02 8.676453382202986564e-02 0.000000000000000000e+00
0.000000000000000000e+00 4.989650923754968687e-02 5.546530798544407892e-02 7.565961682973773583e-02 0.000000000000000000e+00
0.000000000000000000e+00 4.286524029923722418e-02 6.661538637960189024e-02 5.833559925128890822e-02 0.000000000000000000e+00
0.000000000000000000e+00 2.772297611523153946e-02 7.108101346446166202e-02 3.895369690953060654e-02 0.000000000000000000e+00
0.000000000000000000e+00 1.192714001900630795e-02 6.370202292482383954e-02 2.373124919470830096e-02 0.000000000000000000e+00
0.000000000000000000e+00 1.386457076404975890e-03 4.935968495942245904e-02 1.465600051179899097e-02 0.000000000000000000e+00
0.000000000000000000e+00 0.000000000000000000e+00 3.344890945150946759e-02 8.103470745785856452e-03 0.000000000000000000e+00
0.000000000000000000e+00 0.000000000000000000e+00 2.029620312776407587e-02 4.077693068275305838e-03 5.023258762478623272e-04
0.000000000000000000e+00 0.000000000000000000e+00 1.004546419234645695e-02 2.321955233004868550e-03 5.065654781003293451e-04
0.000000000000000000e+00 0.000000000000000000e+00 4.461578400899220836e-03 1.212471137038808157e-03 3.657570867979785013e-04
0.000000000000000000e+00 0.000000000000000000e+00 1.645872635397981889e-03 5.496491511906675519e-04 1.373531785290432175e-04
0.000000000000000000e+00 0.000000000000000000e+00 6.763384853226673231e-04 2.934388450778003588e-04 1.067369536632517237e-04
0.000000000000000000e+00 0.000000000000000000e+00 2.313749720248930140e-04 1.580927899287419688e-04 9.426092011397335722e-05
0.000000000000000000e+00 0.000000000000000000e+00 0.000000000000000000e+00 0.000000000000000000e+00 0.000000000000000000e+00
0.000000000000000000e+00 0.000000000000000000e+00 0.000000000000000000e+00 0.000000000000000000e+00 0.000000000000000000e+00
0.000000000000000000e+00 0.000000000000000000e+00 0.000000000000000000e+00 0.000000000000000000e+00 0.000000000000000000e+00
0.000000000000000000e+00 0.000000000000000000e+00 0.000000000000000000e+00 0.000000000000000000e+00 0.000000000000000000e+00
0.000000000000000000e+00 0.000000000000000000e+00 0.000000000000000000e+00 0.000000000000000000e+00 0.000000000000000000e+00
0.000000000000000000e+00 0.000000000000000000e+00 0.000000000000000000e+00 0.000000000000000000e+00 0.000000000000000000e+00
0.000000000000000000e+00 0.000000000000000000e+00 2.538930881866652625e-04 4.301885908065109952e-05 0.000000000000000000e+00
0.000000000000000000e+00 0.000000000000000000e+00 3.213269034965651402e-04 1.603930250390170234e-04 0.000000000000000000e+00
0.000000000000000000e+00 0.000000000000000000e+00 2.628991402344033859e-04 2.291493920135200045e-04 2.163931350835800096e-05
0.000000000000000000e+00 0.000000000000000000e+00 2.665234374249514132e-04 1.610325210244998185e-03 4.725505949598069328e-05
0.000000000000000000e+00 0.000000000000000000e+00 2.506868360842912829e-04 4.994730392174821440e-03 4.416898572815289200e-05
0.000000000000000000e+00 0.000000000000000000e+00 3.232267871482707978e-04 1.085684434042886309e-02 1.451790827183717305e-04
0.000000000000000000e+00 0.000000000000000000e+00 4.322673850573586791e-04 1.691375254420905000e-02 3.590728026013012634e-05
0.000000000000000000e+00 0.000000000000000000e+00 2.118398844558418929e-03 2.288184860405247448e-02 0.000000000000000000e+00
0.000000000000000000e+00 1.864191576907183172e-04 4.147413607082265502e-03 2.624260287231809652e-02 0.000000000000000000e+00
0.000000000000000000e+00 1.079554403142045501e-03 6.601911412295203424e-03 2.573235041185705299e-02 0.000000000000000000e+00
0.000000000000000000e+00 5.122423570720964926e-04 9.484588300447618567e-03 2.243142934471834687e-02 0.000000000000000000e+00
0.000000000000000000e+00 0.000000000000000000e+00 1.035272857753208667e-02 1.624039363668422845e-02 0.000000000000000000e+00
0.000000000000000000e+00 0.000000000000000000e+00 1.057550331179603689e-02 1.062322393238295838e-02 1.794675104598526317e-04
0.000000000000000000e+00 0.000000000000000000e+00 9.182225970501499066e-03 6.804097144958536764e-03 7.641879435649317478e-04
0.000000000000000000e+00 0.000000000000000000e+00 6.988884264538507314e-03 4.909878146302841702e-03 7.297943062807861871e-04
0.000000000000000000e+00 0.000000000000000000e+00 4.277985015536514557e-03 2.648032698919590856e-03 6.957484609100566967e-04
0.000000000000000000e+00 0.000000000000000000e+00 2.245330664791554513e-03 9.764834821031847341e-04 4.675322573650799265e-04
0.000000000000000000e+00 0.000000000000000000e+00 8.021739094030681414e-04 2.294482598750107144e-04 2.213666794350641130e-04
0.000000000000000000e+00 0.000000000000000000e+00 5.073726683452188697e-04 1.241457813167179056e-04 9.094515476977570786e-05
0.000000000000000000e+00 0.000000000000000000e+00 5.630688529731012323e-04 1.935902372122147907e-04 4.138132513329231458e-05
0.000000000000000000e+00 0.000000000000000000e+00 3.812411161082465976e-04 1.697986534381245216e-04 8.607676644274109517e-05
0.000000000000000000e+00 0.000000000000000000e+00 1.755479510315904662e-04 1.430900833999537865e-04 6.394065119778592201e-05
0.000000000000000000e+00 0.000000000000000000e+00 0.000000000000000000e+00 0.000000000000000000e+00 0.000000000000000000e+00
0.000000000000000000e+00 0.000000000000000000e+00 0.000000000000000000e+00 0.000000000000000000e+00 0.000000000000000000e+00
0.000000000000000000e+00 0.000000000000000000e+00 0.000000000000000000e+00 0.000000000000000000e+00 0.000000000000000000e+00
0.000000000000000000e+00 0.000000000000000000e+00 0.000000000000000000e+00 0.000000000000000000e+00 0.000000000000000000e+00
0.000000000000000000e+00 0.000000000000000000e+00 0.000000000000000000e+00 0.000000000000000000e+00 0.000000000000000000e+00
0.000000000000000000e+00 0.000000000000000000e+00 0.000000000000000000e+00 0.000000000000000000e+00 0.000000000000000000e+00
0.000000000000000000e+00 0.000000000000000000e+00 0.000000000000000000e+00 0.000000000000000000e+00 0.000000000000000000e+00
0.000000000000000000e+00 0.000000000000000000e+00 0.000000000000000000e+00 0.000000000000000000e+00 0.000000000000000000e+00
0.000000000000000000e+00 0.000000000000000000e+00 0.000000000000000000e+00 0.000000000000000000e+00 0.000000000000000000e+00
0.000000000000000000e+00 0.000000000000000000e+00 0.000000000000000000e+00 1.070434591732495649e-04 4.563795224286042044e-05
0.000000000000000000e+00 0.000000000000000000e+00 0.000000000000000000e+00 1.070434591732495649e-04 4.563795224286042044e-05
0.000000000000000000e+00 0.000000000000000000e+00 0.000000000000000000e+00 2.794858879260047474e-04 1.888779467495013882e-04
0.000000000000000000e+00 0.000000000000000000e+00 0.000000000000000000e+00 5.706505658121273144e-04 5.666022922884100897e-04
0.000000000000000000e+00 0.000000000000000000e+00 9.413197806425249649e-05 1.133564354764663275e-03 4.938283861009668202e-04
0.000000000000000000e+00 0.000000000000000000e+00 1.648541074254893525e-04 1.253872212897717093e-03 4.935456680309061647e-04
0.000000000000000000e+00 0.000000000000000000e+00 1.448676217121437019e-04 1.253476652643869833e-03 6.250351736186103959e-04
0.000000000000000000e+00 0.000000000000000000e+00 2.897846134817438283e-04 9.476764866898848430e-04 7.762375957601816813e-04
0.000000000000000000e+00 6.303395384503459123e-05 2.985442050530664657e-04 6.009583530547379666e-04 7.583402540096476595e-04
0.000000000000000000e+00 2.511231273300208500e-05 5.756751953993196561e-04 7.944394890001056815e-04 8.068052112916592562e-04
0.000000000000000000e+00 0.000000000000000000e+00 5.198107604197346656e-04 7.067570193049557692e-04 5.695793351531311215e-04
0.000000000000000000e+00 0.000000000000000000e+00 5.388368016599155361e-04 5.864337639343853966e-04 3.680985744215684420e-04
0.000000000000000000e+00 0.000000000000000000e+00 4.244809178009026351e-04 3.111974655033250504e-04 2.274424320804804259e-04
0.000000000000000000e+00 6.383465331539269113e-06 3.089411734580954573e-04 6.243446359558366685e-05 1.794383441607096954e-04
0.000000000000000000e+00 2.910588769039024957e-05 3.069750512996719969e-04 4.104096889862733145e-05 1.485331578387984641e-04
0.000000000000000000e+00 7.008346153829359936e-05 2.055337108778353150e-04 2.031770074081715389e-05 4.538789768269339500e-05
0.000000000000000000e+00 3.149499021805098194e-05 7.850205692265939091e-05 0.000000000000000000e+00 1.943495419159961188e-05
0.000000000000000000e+00 8.887714864213759958e-07 2.119227032806134159e-06 0.000000000000000000e+00 6.117037596165310182e-07
0.000000000000000000e+00 0.000000000000000000e+00 0.000000000000000000e+00 0.000000000000000000e+00 0.000000000000000000e+00
0.000000000000000000e+00 0.000000000000000000e+00 0.000000000000000000e+00 0.000000000000000000e+00 0.000000000000000000e+00
0.000000000000000000e+00 0.000000000000000000e+00 0.000000000000000000e+00 0.000000000000000000e+00 0.000000000000000000e+00
0.000000000000000000e+00 0.000000000000000000e+00 0.000000000000000000e+00 0.000000000000000000e+00 0.000000000000000000e+00
0.000000000000000000e+00 0.000000000000000000e+00 0.000000000000000000e+00 0.000000000000000000e+00 0.000000000000000000e+00
0.000000000000000000e+00 0.000000000000000000e+00 0.000000000000000000e+00 0.000000000000000000e+00 0.000000000000000000e+00
0.000000000000000000e+00 0.000000000000000000e+00 0.000000000000000000e+00 0.000000000000000000e+00 0.000000000000000000e+00
0.000000000000000000e+00 0.000000000000000000e+00 0.000000000000000000e+00 0.000000000000000000e+00 0.000000000000000000e+00
0.000000000000000000e+00 0.000000000000000000e+00 0.000000000000000000e+00 0.000000000000000000e+00 0.000000000000000000e+00
0.000000000000000000e+00 0.000000000000000000e+00 0.000000000000000000e+00 0.000000000000000000e+00 0.000000000000000000e+00
0.000000000000000000e+00 0.000000000000000000e+00 0.000000000000000000e+00 0.000000000000000000e+00 0.000000000000000000e+00
0.000000000000000000e+00 0.000000000000000000e+00 0.000000000000000000e+00 0.000000000000000000e+00 0.000000000000000000e+00
0.000000000000000000e+00 0.000000000000000000e+00 0.000000000000000000e+00 0.000000000000000000e+00 0.000000000000000000e+00
0.000000000000000000e+00 0.000000000000000000e+00 0.000000000000000000e+00 0.000000000000000000e+00 0.000000000000000000e+00
0.000000000000000000e+00 0.000000000000000000e+00 0.000000000000000000e+00 0.000000000000000000e+00 0.000000000000000000e+00
0.000000000000000000e+00 0.000000000000000000e+00 0.000000000000000000e+00 0.000000000000000000e+00 0.000000000000000000e+00
0.000000000000000000e+00 0.000000000000000000e+00 0.000000000000000000e+00 0.000000000000000000e+00 0.000000000000000000e+00
0.000000000000000000e+00 0.000000000000000000e+00 0.000000000000000000e+00 0.000000000000000000e+00 0.000000000000000000e+00
0.000000000000000000e+00 0.000000000000000000e+00 0.000000000000000000e+00 0.000000000000000000e+00 0.000000000000000000e+00
0.000000000000000000e+00 0.000000000000000000e+00 0.000000000000000000e+00 0.000000000000000000e+00 0.000000000000000000e+00
0.000000000000000000e+00 0.000000000000000000e+00 0.000000000000000000e+00 0.000000000000000000e+00 0.000000000000000000e+00
0.000000000000000000e+00 0.000000000000000000e+00 0.000000000000000000e+00 0.000000000000000000e+00 0.000000000000000000e+00
0.000000000000000000e+00 0.000000000000000000e+00 0.000000000000000000e+00 0.000000000000000000e+00 0.000000000000000000e+00
0.000000000000000000e+00 0.000000000000000000e+00 0.000000000000000000e+00 0.000000000000000000e+00 0.000000000000000000e+00
0.000000000000000000e+00 0.000000000000000000e+00 0.000000000000000000e+00 0.000000000000000000e+00 0.000000000000000000e+00
0.000000000000000000e+00 0.000000000000000000e+00 0.000000000000000000e+00 0.000000000000000000e+00 0.000000000000000000e+00
0.000000000000000000e+00 0.000000000000000000e+00 0.000000000000000000e+00 0.000000000000000000e+00 0.000000000000000000e+00
0.000000000000000000e+00 0.000000000000000000e+00 0.000000000000000000e+00 0.000000000000000000e+00 0.000000000000000000e+00
0.000000000000000000e+00 0.000000000000000000e+00 0.000000000000000000e+00 0.000000000000000000e+00 0.000000000000000000e+00
0.000000000000000000e+00 0.000000000000000000e+00 0.000000000000000000e+00 0.000000000000000000e+00 0.000000000000000000e+00
0.000000000000000000e+00 0.000000000000000000e+00 0.000000000000000000e+00 0.000000000000000000e+00 0.000000000000000000e+00
0.000000000000000000e+00 0.000000000000000000e+00 0.000000000000000000e+00 0.000000000000000000e+00 0.000000000000000000e+00
