109.99685859680176
0.000000000000000000e+00 0.000000000000000000e+00 0.000000000000000000e+00 0.000000000000000000e+00 0.000000000000000000e+00
0.000000000000000000e+00 0.000000000000000000e+00 0.000000000000000000e+00 0.000000000000000000e+00 0.000000000000000000e+00
0.000000000000000000e+00 0.000000000000000000e+00 0.000000000000000000e+00 0.000000000000000000e+00 0.000000000000000000e+00
0.000000000000000000e+00 0.000000000000000000e+00 0.000000000000000000e+00 0.000000000000000000e+00 0.000000000000000000e+00
0.000000000000000000e+00 0.000000000000000000e+00 0.000000000000000000e+00 0.000000000000000000e+00 0.000000000000000000e+00
0.000000000000000000e+00 0.000000000000000000e+00 0.000000000000000000e+00 0.000000000000000000e+00 0.000000000000000000e+00
0.000000000000000000e+00 0.000000000000000000e+00 0.000000000000000000e+00 0.000000000000000000e+00 0.000000000000000000e+00
0.000000000000000000e+00 0.000000000000000000e+00 0.000000000000000000e+00 0.000000000000000000e+00 0.000000000000000000e+00
0.000000000000000000e+00 0.000000000000000000e+00 0.000000000000000000e+00 0.000000000000000000e+00 0.000000000000000000e+00
0.000000000000000000e+00 0.000000000000000000e+00 0.000000000000000000e+00 0.000000000000000000e+00 0.000000000000000000e+00
0.000000000000000000e+00 0.000000000000000000e+00 0.000000000000000000e+00 0.000000000000000000e+00 0.000000000000000000e+00
0.000000000000000000e+00 0.000000000000000000e+00 0.000000000000000000e+00 0.000000000000000000e+00 0.000000000000000000e+00
0.000000000000000000e+00 0.000000000000000000e+00 0.000000000000000000e+00 0.000000000000000000e+00 0.000000000000000000e+00
0.000000000000000000e+00 0.000000000000000000e+00 0.000000000000000000e+00 0.000000000000000000e+00 0.000000000000000000e+00
0.000000000000000000e+00 0.000000000000000000e+00 0.000000000000000000e+00 0.000000000000000000e+00 0.000000000000000000e+00
0.000000000000000000e+00 0.000000000000000000e+00 0.000000000000000000e+00 0.000000000000000000e+00 0.000000000000000000e+00
0.000000000000000000e+00 0.000000000000000000e+00 0.000000000000000000e+00 0.000000000000000000e+00 0.000000000000000000e+00
0.000000000000000000e+00 0.000000000000000000e+00 0.000000000000000000e+00 0.000000000000000000e+00 0.000000000000000000e+00
0.000000000000000000e+00 0.000000000000000000e+00 0.000000000000000000e+00 0.000000000000000000e+00 0.000000000000000000e+00
0.000000000000000000e+00 0.000000000000000000e+00 0.000000000000000000e+00 0.000000000000000000e+00 0.000000000000000000e+00
0.000000000000000000e+00 0.000000000000000000e+00 0.000000000000000000e+00 0.000000000000000000e+00 0.000000000000000000e+00
0.000000000000000000e+00 0.000000000000000000e+00 0.000000000000000000e+00 0.000000000000000000e+00 0.000000000000000000e+00
0.000000000000000000e+00 0.000000000000000000e+00 0.000000000000000000e+00 0.000000000000000000e+00 0.000000000000000000e+00
0.000000000000000000e+00 0.000000000000000000e+00 0.000000000000000000e+00 0.000000000000000000e+00 0.000000000000000000e+00
0.000000000000000000e+00 0.000000000000000000e+00 0.000000000000000000e+00 0.000000000000000000e+00 0.000000000000000000e+00
0.000000000000000000e+00 0.000000000000000000e+00 0.000000000000000000e+00 0.000000000000000000e+00 0.000000000000000000e+00
0.000000000000000000e+00 0.000000000000000000e+00 0.000000000000000000e+00 0.000000000000000000e+00 0.000000000000000000e+00
0.000000000000000000e+00 0.000000000000000000e+00 0.000000000000000000e+00 0.000000000000000000e+00 0.000000000000000000e+00
0.000000000000000000e+00 0.000000000000000000e+00 0.000000000000000000e+00 0.000000000000000000e+00 0.000000000000000000e+00
0.000000000000000000e+00 0.000000000000000000e+00 0.000000000000000000e+00 0.000000000000000000e+00 0.000000000000000000e+00
0.000000000000000000e+00 0.000000000000000000e+00 0.000000000000000000e+00 0.000000000000000000e+00 0.000000000000000000e+00
0.000000000000000000e+00 0.000000000000000000e+00 0.000000000000000000e+00 0.000000000000000000e+00 0.000000000000000000e+00
0.000000000000000000e+00 0.000000000000000000e+00 0.000000000000000000e+00 0.000000000000000000e+00 0.000000000000000000e+00
0.000000000000000000e+00 0.000000000000000000e+00 0.000000000000000000e+00 0.000000000000000000e+00 0.000000000000000000e+00
0.000000000000000000e+00 0.000000000000000000e+00 0.000000000000000000e+00 0.000000000000000000e+00 0.000000000000000000e+00
7.614329061120324489e-04 1.644920634845778884e-05 0.000000000000000000e+00 0.000000000000000000e+00 0.000000000000000000e+00
2.498373207617243623e-03 1.440413934844995225e-05 0.000000000000000000e+00 0.000000000000000000e+00 0.000000000000000000e+00
3.300392010884624881e-03 0.000000000000000000e+00 0.000000000000000000e+00 0.000000000000000000e+00 0.000000000000000000e+00
2.288903025050051995e-03 6.685522032150735853e-05 0.000000000000000000e+00 0.000000000000000000e+00 0.000000000000000000e+00
2.919711244402949449e-03 7.036245677945734273e-04 0.000000000000000000e+00 0.000000000000000000e+00 0.000000000000000000e+00
2.502832700512264488e-03 7.429640204185224877e-04 0.000000000000000000e+00 0.000000000000000000e+00 0.000000000000000000e+00
1.697142018315426657e-03 8.933424793202718274e-04 0.000000000000000000e+00 8.210479639950810137e-04 0.000000000000000000e+00
1.955429376038779823e-03 8.566104517354283061e-04 0.000000000000000000e+00 1.555182139658170938e-04 0.000000000000000000e+00
1.098399602632941716e-03 1.014380409043057511e-03 0.000000000000000000e+00 1.845622945862693449e-04 0.000000000000000000e+00
7.814896363434065824e-04 6.723152391256495553e-04 0.000000000000000000e+00 2.723525469360638053e-05 5.478330299147472857e-04
1.509258073346545935e-03 1.055268988876943703e-03 0.000000000000000000e+00 0.000000000000000000e+00 2.242952357637988440e-04
1.857888754070820356e-03 1.427675302452704369e-03 0.000000000000000000e+00 0.000000000000000000e+00 6.386120624229656585e-04
4.729312408950205678e-04 2.036303554992397466e-04 3.174853609454618333e-04 0.000000000000000000e+00 5.058484340496958564e-04
2.683429110997549672e-04 0.000000000000000000e+00 8.631695151090236886e-04 0.000000000000000000e+00 6.123662869302261454e-04
1.984946562612367466e-04 0.000000000000000000e+00 3.598421920268913784e-04 0.000000000000000000e+00 2.955597539052616583e-04
1.741953053763833957e-04 8.300247252677216191e-05 1.407868030446784199e-04 8.595370713299892043e-05 0.000000000000000000e+00
9.806395119616877253e-05 1.032690791351047768e-04 0.000000000000000000e+00 2.903002582067029354e-04 0.000000000000000000e+00
0.000000000000000000e+00 0.000000000000000000e+00 0.000000000000000000e+00 0.000000000000000000e+00 0.000000000000000000e+00
0.000000000000000000e+00 0.000000000000000000e+00 0.000000000000000000e+00 0.000000000000000000e+00 0.000000000000000000e+00
0.000000000000000000e+00 0.000000000000000000e+00 0.000000000000000000e+00 0.000000000000000000e+00 0.000000000000000000e+00
0.000000000000000000e+00 0.000000000000000000e+00 0.000000000000000000e+00 0.000000000000000000e+00 0.000000000000000000e+00
0.000000000000000000e+00 0.000000000000000000e+00 0.000000000000000000e+00 0.000000000000000000e+00 0.000000000000000000e+00
0.000000000000000000e+00 0.000000000000000000e+00 0.000000000000000000e+00 0.000000000000000000e+00 0.000000000000000000e+00
0.000000000000000000e+00 0.000000000000000000e+00 0.000000000000000000e+00 0.000000000000000000e+00 0.000000000000000000e+00
0.000000000000000000e+00 0.000000000000000000e+00 0.000000000000000000e+00 0.000000000000000000e+00 0.000000000000000000e+00
1.283937356983905262e-05 1.792704884165337420e-05 0.000000000000000000e+00 0.000000000000000000e+00 2.382582775221912710e-04
3.425267265475046610e-05 0.000000000000000000e+00 0.000000000000000000e+00 0.000000000000000000e+00 3.476667661047676521e-05
1.526497764896253193e-04 0.000000000000000000e+00 0.000000000000000000e+00 3.119761956922153579e-05 4.691660892163026402e-05
1.036673333375592214e-03 0.000000000000000000e+00 0.000000000000000000e+00 0.000000000000000000e+00 0.000000000000000000e+00
8.441576508941296339e-03 2.777486378547355263e-04 0.000000000000000000e+00 0.000000000000000000e+00 0.000000000000000000e+00
1.412326739271477921e-02 0.000000000000000000e+00 2.607421933597411467e-04 0.000000000000000000e+00 0.000000000000000000e+00
1.775247003301452797e-02 0.000000000000000000e+00 5.169627035970537085e-04 0.000000000000000000e+00 0.000000000000000000e+00
2.387311521613748322e-02 0.000000000000000000e+00 0.000000000000000000e+00 2.108345671456077122e-03 0.000000000000000000e+00
2.526852027949105794e-02 0.000000000000000000e+00 0.000000000000000000e+00 1.323185276712984977e-02 0.000000000000000000e+00
2.052220948176784396e-02 2.518509132959294121e-03 0.000000000000000000e+00 2.811496637805689647e-02 0.000000000000000000e+00
1.257922028287580818e-02 1.289509992550463315e-02 0.000000000000000000e+00 3.592745264566071794e-02 0.000000000000000000e+00
6.963150471190275581e-03 3.391966037030499925e-02 0.000000000000000000e+00 2.608065256802449480e-02 0.000000000000000000e+00
7.386675984725352140e-03 5.394556708736451822e-02 0.000000000000000000e+00 4.446771446394289992e-03 0.000000000000000000e+00
8.311234232301529384e-03 5.098620962302133353e-02 0.000000000000000000e+00 0.000000000000000000e+00 1.445959847442871565e-02
1.003168502438471672e-02 2.888332765950337583e-02 0.000000000000000000e+00 0.000000000000000000e+00 3.547009359768764358e-02
7.252293038599582665e-03 7.574350834949800798e-03 8.005169734580187824e-03 0.000000000000000000e+00 3.501428111486732525e-02
1.334025333289205880e-03 0.000000000000000000e+00 1.429174628574671722e-02 0.000000000000000000e+00 1.895309581092595799e-02
7.619922843140555530e-04 0.000000000000000000e+00 9.382064220818468400e-03 0.000000000000000000e+00 9.668724492280136862e-03
1.648431024409054970e-04 0.000000000000000000e+00 3.210761114322148446e-03 0.000000000000000000e+00 3.497312865168864318e-03
0.000000000000000000e+00 0.000000000000000000e+00 6.738975623136176686e-04 1.477050822430236532e-04 3.584360573437135535e-04
0.000000000000000000e+00 0.000000000000000000e+00 7.505474657689690566e-05 0.000000000000000000e+00 9.824376476614959258e-05
0.000000000000000000e+00 0.000000000000000000e+00 0.000000000000000000e+00 0.000000000000000000e+00 0.000000000000000000e+00
0.000000000000000000e+00 0.000000000000000000e+00 0.000000000000000000e+00 0.000000000000000000e+00 0.000000000000000000e+00
0.000000000000000000e+00 0.000000000000000000e+00 0.000000000000000000e+00 0.000000000000000000e+00 0.000000000000000000e+00
0.000000000000000000e+00 0.000000000000000000e+00 0.000000000000000000e+00 0.000000000000000000e+00 0.000000000000000000e+00
0.000000000000000000e+00 0.000000000000000000e+00 0.000000000000000000e+00 0.000000000000000000e+00 0.000000000000000000e+00
0.000000000000000000e+00 0.000000000000000000e+00 0.000000000000000000e+00 0.000000000000000000e+00 0.000000000000000000e+00
0.000000000000000000e+00 0.000000000000000000e+00 0.000000000000000000e+00 0.000000000000000000e+00 0.000000000000000000e+00
8.907939471880675837e-06 3.133299807525321225e-07 0.000000000000000000e+00 0.000000000000000000e+00 6.987693649592985584e-05
9.758140657857241771e-04 0.000000000000000000e+00 0.000000000000000000e+00 2.509309603365314457e-04 2.663435584722752551e-04
1.179213496568640726e-03 0.000000000000000000e+00 0.000000000000000000e+00 3.136992094935301008e-05 6.058175783934223804e-04
4.513320663301052457e-03 4.367711280382286431e-05 1.157342545135146069e-04 0.000000000000000000e+00 0.000000000000000000e+00
1.764042392916278026e-02 3.646230610060847413e-04 3.051761653300897811e-04 0.000000000000000000e+00 0.000000000000000000e+00
2.417693151069600158e-02 0.000000000000000000e+00 1.129851953674845984e-03 0.000000000000000000e+00 0.000000000000000000e+00
3.624886802728412988e-02 0.000000000000000000e+00 2.312789837487777903e-03 6.680045680935897852e-04 0.000000000000000000e+00
4.655728901201507813e-02 0.000000000000000000e+00 1.701006293593170958e-03 1.421956518137317341e-02 0.000000000000000000e+00
4.293846239632519851e-02 0.000000000000000000e+00 0.000000000000000000e+00 4.268522943084283872e-02 0.000000000000000000e+00
3.020291077447812694e-02 9.747412522035805646e-03 0.000000000000000000e+00 7.273300715132297034e-02 0.000000000000000000e+00
1.119597309780795240e-02 4.137952699273304141e-02 0.000000000000000000e+00 8.858997568888155039e-02 0.000000000000000000e+00
0.000000000000000000e+00 8.481707740829159958e-02 0.000000000000000000e+00 7.070990908309893186e-02 0.000000000000000000e+00
0.000000000000000000e+00 9.675708398835768109e-02 0.000000000000000000e+00 2.945070782878294116e-02 5.506833102686381140e-03
0.000000000000000000e+00 6.944817434833322478e-02 1.846723657896203949e-02 0.000000000000000000e+00 5.761576963582098337e-02
0.000000000000000000e+00 1.948139784140187625e-02 5.108418962256147666e-02 0.000000000000000000e+00 9.546046055984895584e-02
0.000000000000000000e+00 0.000000000000000000e+00 6.643685536996098151e-02 0.000000000000000000e+00 8.546546205018380749e-02
0.000000000000000000e+00 0.000000000000000000e+00 4.829158688805613303e-02 0.000000000000000000e+00 4.929724551769621571e-02
0.000000000000000000e+00 0.000000000000000000e+00 2.827387222005376885e-02 0.000000000000000000e+00 2.699979921888114726e-02
0.000000000000000000e+00 0.000000000000000000e+00 1.163462222521001281e-02 0.000000000000000000e+00 1.424943806555031139e-02
0.000000000000000000e+00 0.000000000000000000e+00 2.068457574147323976e-03 0.000000000000000000e+00 4.065273218230386343e-03
2.540654670671693249e-05 0.000000000000000000e+00 2.244174986647436967e-04 0.000000000000000000e+00 9.915730977904145885e-04
0.000000000000000000e+00 0.000000000000000000e+00 0.000000000000000000e+00 0.000000000000000000e+00 0.000000000000000000e+00
0.000000000000000000e+00 0.000000000000000000e+00 0.000000000000000000e+00 0.000000000000000000e+00 0.000000000000000000e+00
0.000000000000000000e+00 0.000000000000000000e+00 0.000000000000000000e+00 0.000000000000000000e+00 0.000000000000000000e+00
0.000000000000000000e+00 0.000000000000000000e+00 0.000000000000000000e+00 0.000000000000000000e+00 0.000000000000000000e+00
0.000000000000000000e+00 0.000000000000000000e+00 0.000000000000000000e+00 0.000000000000000000e+00 0.000000000000000000e+00
0.000000000000000000e+00 0.000000000000000000e+00 0.000000000000000000e+00 0.000000000000000000e+00 0.000000000000000000e+00
0.000000000000000000e+00 0.000000000000000000e+00 0.000000000000000000e+00 0.000000000000000000e+00 0.000000000000000000e+00
8.201652318218394537e-06 5.218081061577667868e-06 0.000000000000000000e+00 0.000000000000000000e+00 2.448920998795362273e-05
2.218149803534952974e-03 0.000000000000000000e+00 0.000000000000000000e+00 0.000000000000000000e+00 3.876961925726939932e-04
4.002796688094502689e-03 1.135608843314942130e-04 0.000000000000000000e+00 0.000000000000000000e+00 0.000000000000000000e+00
1.008690655191529610e-02 2.793253601569262276e-04 5.628375616662778915e-04 0.000000000000000000e+00 0.000000000000000000e+00
2.429976960685386114e-02 3.414327404702590220e-04 1.156223631687206942e-03 0.000000000000000000e+00 0.000000000000000000e+00
4.450154858592784285e-02 0.000000000000000000e+00 2.403949252246872104e-03 0.000000000000000000e+00 0.000000000000000000e+00
5.815642105980654841e-02 0.000000000000000000e+00 3.608404219379256900e-03 6.532675497962667568e-03 0.000000000000000000e+00
6.506139066337694732e-02 0.000000000000000000e+00 2.173303323986343957e-03 3.627831153075749410e-02 0.000000000000000000e+00
4.730181970649668943e-02 0.000000000000000000e+00 0.000000000000000000e+00 7.810148219147942938e-02 0.000000000000000000e+00
2.473100266340360828e-02 2.475244849547456397e-02 0.000000000000000000e+00 1.120756181305185839e-01 0.000000000000000000e+00
0.000000000000000000e+00 7.295043420731554817e-02 0.000000000000000000e+00 1.128595033882150572e-01 0.000000000000000000e+00
0.000000000000000000e+00 1.092383800434820335e-01 0.000000000000000000e+00 7.293641136159463578e-02 0.000000000000000000e+00
0.000000000000000000e+00 9.621972155008418071e-02 1.788671174144916901e-02 2.484306722387172317e-02 5.170221479060668757e-02
0.000000000000000000e+00 4.014549961555397700e-02 7.313230833217169991e-02 0.000000000000000000e+00 1.091432696320104451e-01
0.000000000000000000e+00 0.000000000000000000e+00 9.777431229214736397e-02 0.000000000000000000e+00 1.256478566056093704e-01
0.000000000000000000e+00 0.000000000000000000e+00 9.481190166879299719e-02 2.357149229617498416e-03 9.373246576786392614e-02
0.000000000000000000e+00 0.000000000000000000e+00 6.185750852337097011e-02 3.472712291300056320e-03 5.413970903643195581e-02
0.000000000000000000e+00 0.000000000000000000e+00 3.114888651972545081e-02 2.332596900078298934e-03 2.791129802819567948e-02
0.000000000000000000e+00 0.000000000000000000e+00 1.444514367436909065e-02 1.548172968571426625e-03 1.669164577229409821e-02
0.000000000000000000e+00 0.000000000000000000e+00 5.443292274318953586e-03 5.945509124618170464e-04 7.895631929227101692e-03
0.000000000000000000e+00 0.000000000000000000e+00 5.228103390096920265e-04 2.103186204943296094e-06 6.838789421036019049e-04
0.000000000000000000e+00 0.000000000000000000e+00 0.000000000000000000e+00 0.000000000000000000e+00 0.000000000000000000e+00
0.000000000000000000e+00 0.000000000000000000e+00 0.000000000000000000e+00 0.000000000000000000e+00 0.000000000000000000e+00
0.000000000000000000e+00 0.000000000000000000e+00 0.000000000000000000e+00 0.000000000000000000e+00 0.000000000000000000e+00
0.000000000000000000e+00 0.000000000000000000e+00 0.000000000000000000e+00 0.000000000000000000e+00 0.000000000000000000e+00
0.000000000000000000e+00 0.000000000000000000e+00 0.000000000000000000e+00 0.000000000000000000e+00 0.000000000000000000e+00
0.000000000000000000e+00 0.000000000000000000e+00 0.000000000000000000e+00 0.000000000000000000e+00 0.000000000000000000e+00
0.000000000000000000e+00 0.000000000000000000e+00 0.000000000000000000e+00 0.000000000000000000e+00 0.000000000000000000e+00
5.510872288567731769e-04 2.000065421815875721e-04 0.000000000000000000e+00 0.000000000000000000e+00 0.000000000000000000e+00
3.525219887663303981e-03 3.607375005564591010e-04 0.000000000000000000e+00 0.000000000000000000e+00 0.000000000000000000e+00
7.399782673954709462e-03 3.332626786291748499e-04 0.000000000000000000e+00 0.000000000000000000e+00 0.000000000000000000e+00
1.635600068473247806e-02 2.339593583548055201e-04 8.380472038013778678e-04 0.000000000000000000e+00 0.000000000000000000e+00
3.943722282554783243e-02 0.000000000000000000e+00 1.818829963733822885e-03 0.000000000000000000e+00 0.000000000000000000e+00
5.895056622960782866e-02 0.000000000000000000e+00 2.722090039158673626e-03 0.000000000000000000e+00 0.000000000000000000e+00
7.415861538942550291e-02 0.000000000000000000e+00 3.083439999998302365e-03 2.450073795233519147e-02 0.000000000000000000e+00
6.674914045879713764e-02 0.000000000000000000e+00 0.000000000000000000e+00 6.718684975424765726e-02 0.000000000000000000e+00
3.647692827339093363e-02 6.850307966987240205e-03 0.000000000000000000e+00 1.169609802140644111e-01 0.000000000000000000e+00
2.429210735551576468e-03 5.292599384725173162e-02 0.000000000000000000e+00 1.319815031532079463e-01 0.000000000000000000e+00
0.000000000000000000e+00 1.081586430239715180e-01 0.000000000000000000e+00 8.563400185320806102e-02 0.000000000000000000e+00
0.000000000000000000e+00 1.125674015601749733e-01 2.359245911735158557e-03 2.704316927977907375e-02 4.624157322637482276e-02
0.000000000000000000e+00 5.971101285170365286e-02 7.006450408117108342e-02 0.000000000000000000e+00 1.096160188825688192e-01
0.000000000000000000e+00 0.000000000000000000e+00 1.159830898897455803e-01 4.377435035531181129e-03 1.295817876747476782e-01
0.000000000000000000e+00 0.000000000000000000e+00 1.093434148717322973e-01 8.911014549468609589e-03 1.112461942860321629e-01
0.000000000000000000e+00 0.000000000000000000e+00 8.255192963107008119e-02 1.027604213005414366e-02 7.282634730381272459e-02
0.000000000000000000e+00 0.000000000000000000e+00 4.684057223161549460e-02 6.490825589516639044e-03 3.963521990893754260e-02
0.000000000000000000e+00 0.000000000000000000e+00 2.156240280853292599e-02 4.017362088838435756e-03 2.047329153890988310e-02
0.000000000000000000e+00 0.000000000000000000e+00 1.126266972911452516e-02 2.071037686199969641e-03 1.355119335097037213e-02
0.000000000000000000e+00 0.000000000000000000e+00 5.887034544335099755e-03 1.067918337732655159e-03 6.584618780008461014e-03
0.000000000000000000e+00 0.000000000000000000e+00 2.411341414927650403e-03 1.761584788258264988e-04 1.646093242931851016e-03
1.376864559776530246e-04 0.000000000000000000e+00 4.817553816830043192e-04 0.000000000000000000e+00 0.000000000000000000e+00
5.485406248427534284e-05 0.000000000000000000e+00 1.601004527231686479e-04 0.000000000000000000e+00 0.000000000000000000e+00
0.000000000000000000e+00 0.000000000000000000e+00 0.000000000000000000e+00 0.000000000000000000e+00 0.000000000000000000e+00
0.000000000000000000e+00 0.000000000000000000e+00 0.000000000000000000e+00 0.000000000000000000e+00 0.000000000000000000e+00
0.000000000000000000e+00 0.000000000000000000e+00 0.000000000000000000e+00 0.000000000000000000e+00 0.000000000000000000e+00
1.152232289189790464e-04 1.003748379467204321e-04 1.303987161604860342e-05 0.000000000000000000e+00 4.357669253212144959e-05
1.400597363331898307e-05 0.000000000000000000e+00 4.617117041924841754e-05 0.000000000000000000e+00 0.000000000000000000e+00
5.013363766260335412e-04 3.218050152782223040e-04 0.000000000000000000e+00 0.000000000000000000e+00 0.000000000000000000e+00
4.053068924329824435e-03 5.807592774649776709e-04 0.000000000000000000e+00 0.000000000000000000e+00 0.000000000000000000e+00
1.104075722334677857e-02 9.369019478532900720e-04 2.847042957579629780e-04 0.000000000000000000e+00 0.000000000000000000e+00
2.548774143875003409e-02 1.024008223877860801e-04 1.476179925998385599e-03 0.000000000000000000e+00 0.000000000000000000e+00
4.945461422159173892e-02 0.000000000000000000e+00 2.148305120281525284e-03 0.000000000000000000e+00 0.000000000000000000e+00
7.378777453426138555e-02 0.000000000000000000e+00 2.585499943523039430e-03 7.042081606758935144e-03 0.000000000000000000e+00
7.470342317091824280e-02 0.000000000000000000e+00 2.612422123848748626e-03 5.098145407347887820e-02 0.000000000000000000e+00
5.608088440475705178e-02 0.000000000000000000e+00 0.000000000000000000e+00 1.054405685207297910e-01 0.000000000000000000e+00
1.299265550276664308e-02 2.444544585032414064e-02 0.000000000000000000e+00 1.429986610057020768e-01 0.000000000000000000e+00
0.000000000000000000e+00 9.330573058048530211e-02 0.000000000000000000e+00 1.066556743053299339e-01 0.000000000000000000e+00
0.000000000000000000e+00 1.227843602415135821e-01 0.000000000000000000e+00 3.167506335003863333e-02 4.208648229066337676e-02
0.000000000000000000e+00 8.472446057243518402e-02 5.605321074498803569e-02 0.000000000000000000e+00 9.926409079707185223e-02
0.000000000000000000e+00 1.597345409778553119e-02 1.173762611166333236e-01 0.000000000000000000e+00 1.219128829797154895e-01
0.000000000000000000e+00 0.000000000000000000e+00 1.251569030705343977e-01 0.000000000000000000e+00 1.015060521224162016e-01
0.000000000000000000e+00 0.000000000000000000e+00 8.917210742550257807e-02 7.906655977669452620e-03 6.721239682151676498e-02
0.000000000000000000e+00 0.000000000000000000e+00 4.797611015563633952e-02 9.287000598422240696e-03 3.834655620573555052e-02
0.000000000000000000e+00 0.000000000000000000e+00 1.996231057640182951e-02 6.088946669797745508e-03 2.154835009896044831e-02
0.000000000000000000e+00 0.000000000000000000e+00 1.004082902810269837e-02 4.185000575816943090e-03 1.113156166591464623e-02
0.000000000000000000e+00 0.000000000000000000e+00 7.591539468673086030e-03 2.711851135618506374e-03 9.347363811956955690e-03
0.000000000000000000e+00 0.000000000000000000e+00 4.682383280701164600e-03 1.580791583402037194e-03 6.815895665521720832e-03
0.000000000000000000e+00 0.000000000000000000e+00 2.431057049841347118e-03 5.760578914198609315e-04 1.416991237053185282e-03
2.960430733316450212e-04 0.000000000000000000e+00 1.028278594055409339e-03 0.000000000000000000e+00 0.000000000000000000e+00
3.004506604252356154e-04 0.000000000000000000e+00 8.769138433246279020e-04 0.000000000000000000e+00 0.000000000000000000e+00
1.982226348863585879e-04 0.000000000000000000e+00 5.785448177950868126e-04 0.000000000000000000e+00 0.000000000000000000e+00
0.000000000000000000e+00 0.000000000000000000e+00 0.000000000000000000e+00 0.000000000000000000e+00 0.000000000000000000e+00
0.000000000000000000e+00 0.000000000000000000e+00 0.000000000000000000e+00 0.000000000000000000e+00 0.000000000000000000e+00
0.000000000000000000e+00 0.000000000000000000e+00 0.000000000000000000e+00 0.000000000000000000e+00 0.000000000000000000e+00
2.047026915638925298e-05 0.000000000000000000e+00 6.748094138197883692e-05 0.000000000000000000e+00 0.000000000000000000e+00
3.099167427912873866e-04 2.647268813299460477e-04 0.000000000000000000e+00 6.938423639264375308e-05 0.000000000000000000e+00
4.798083363812841694e-03 7.405313340136640598e-04 0.000000000000000000e+00 0.000000000000000000e+00 0.000000000000000000e+00
1.524994254767201955e-02 8.529221219813989301e-04 5.695624606256772691e-04 0.000000000000000000e+00 0.000000000000000000e+00
3.849216629986011717e-02 0.000000000000000000e+00 1.664307195061497839e-03 0.000000000000000000e+00 0.000000000000000000e+00
6.233733507274073077e-02 0.000000000000000000e+00 1.762762731355395698e-03 0.000000000000000000e+00 0.000000000000000000e+00
8.476109616315827266e-02 0.000000000000000000e+00 2.057927572635131781e-03 2.334385885647364059e-02 0.000000000000000000e+00
7.136253476396509088e-02 0.000000000000000000e+00 0.000000000000000000e+00 8.488206099474467081e-02 0.000000000000000000e+00
3.581388649399055990e-02 1.755476732063384259e-03 0.000000000000000000e+00 1.363043399060628325e-01 2.126413986029777317e-04
0.000000000000000000e+00 6.094621754124317226e-02 0.000000000000000000e+00 1.288284940577806292e-01 8.000069238251880308e-03
0.000000000000000000e+00 1.229175503328547164e-01 0.000000000000000000e+00 5.193117459367346117e-02 3.841523793970135631e-02
0.000000000000000000e+00 1.074438499020841653e-01 3.804244881110376009e-02 0.000000000000000000e+00 8.586031515193623398e-02
0.000000000000000000e+00 4.226102900795669637e-02 1.123751536781320420e-01 0.000000000000000000e+00 1.100436623809451092e-01
0.000000000000000000e+00 0.000000000000000000e+00 1.358886275465790716e-01 0.000000000000000000e+00 9.211663072548682829e-02
0.000000000000000000e+00 0.000000000000000000e+00 1.003162854680031968e-01 1.876993704708526754e-03 5.580314242184285234e-02
0.000000000000000000e+00 0.000000000000000000e+00 4.908259998891232462e-02 5.805744718320852288e-03 3.124945214321839942e-02
0.000000000000000000e+00 0.000000000000000000e+00 1.740706671142663864e-02 6.035586612386486909e-03 1.990324655878702650e-02
0.000000000000000000e+00 0.000000000000000000e+00 6.226839689391412518e-03 4.702334608690125935e-03 1.189264803626342501e-02
0.000000000000000000e+00 0.000000000000000000e+00 4.318250755949888664e-03 4.309371192875497032e-03 7.965512742097311666e-03
0.000000000000000000e+00 0.000000000000000000e+00 4.657303027044354393e-03 3.564999361459824864e-03 7.332322910296112418e-03
0.000000000000000000e+00 0.000000000000000000e+00 2.801170609221254569e-03 1.938191963118938684e-03 5.686851037120479145e-03
0.000000000000000000e+00 0.000000000000000000e+00 1.324103316253808383e-03 8.694086401945935261e-04 1.781915127915185190e-03
2.206629331753803076e-04 0.000000000000000000e+00 6.440404575454738599e-04 0.000000000000000000e+00 0.000000000000000000e+00
2.730236291830977170e-04 0.000000000000000000e+00 7.968636169630445402e-04 0.000000000000000000e+00 0.000000000000000000e+00
1.284083735427355290e-04 0.000000000000000000e+00 3.747806052383256706e-04 0.000000000000000000e+00 0.000000000000000000e+00
0.000000000000000000e+00 0.000000000000000000e+00 0.000000000000000000e+00 0.000000000000000000e+00 0.000000000000000000e+00
0.000000000000000000e+00 0.000000000000000000e+00 0.000000000000000000e+00 0.000000000000000000e+00 0.000000000000000000e+00
0.000000000000000000e+00 0.000000000000000000e+00 0.000000000000000000e+00 0.000000000000000000e+00 0.000000000000000000e+00
0.000000000000000000e+00 0.000000000000000000e+00 0.000000000000000000e+00 0.000000000000000000e+00 0.000000000000000000e+00
9.910991015993869495e-04 2.410794831570250768e-04 0.000000000000000000e+00 0.000000000000000000e+00 0.000000000000000000e+00
6.784447268867248651e-03 8.352133113953706580e-04 0.000000000000000000e+00 0.000000000000000000e+00 0.000000000000000000e+00
2.254972956327440034e-02 7.213467432705186885e-04 9.512518657576582350e-04 0.000000000000000000e+00 0.000000000000000000e+00
5.052006617011401551e-02 0.000000000000000000e+00 1.547701848119042295e-03 0.000000000000000000e+00 0.000000000000000000e+00
8.055580559945774155e-02 0.000000000000000000e+00 1.194301750357111992e-03 0.000000000000000000e+00 0.000000000000000000e+00
8.975886953388774459e-02 0.000000000000000000e+00 0.000000000000000000e+00 4.994038383298927963e-02 0.000000000000000000e+00
5.549997318076600739e-02 0.000000000000000000e+00 0.000000000000000000e+00 1.185352607146890336e-01 4.413485248107312450e-03
0.000000000000000000e+00 2.436508682644537155e-02 0.000000000000000000e+00 1.450384224705490721e-01 2.460821868593767586e-02
0.000000000000000000e+00 9.892732648228343140e-02 0.000000000000000000e+00 8.681278378934223494e-02 4.400165868227257082e-02
0.000000000000000000e+00 1.229842959877981978e-01 1.320366427397065730e-02 1.890767683112207220e-03 7.527747346005761453e-02
0.000000000000000000e+00 7.491853876996579231e-02 9.817391982122188054e-02 0.000000000000000000e+00 9.163609305593424514e-02
0.000000000000000000e+00 2.565470631634533556e-03 1.450091493632396922e-01 0.000000000000000000e+00 8.278413692519887013e-02
0.000000000000000000e+00 0.000000000000000000e+00 1.135264597899922484e-01 0.000000000000000000e+00 4.893178077647366425e-02
2.501545497519799864e-04 0.000000000000000000e+00 5.478513955810947189e-02 2.262934107597653309e-03 1.927760222122510206e-02
1.575246142730696384e-03 0.000000000000000000e+00 1.762743451584331683e-02 2.454022063621378279e-03 9.521935228736641207e-03
2.004899663204706521e-03 0.000000000000000000e+00 4.808001484205288827e-03 1.814854354583415224e-03 4.471125907965906726e-03
2.664188520500963137e-03 0.000000000000000000e+00 2.695622980874832261e-03 2.600768898000422550e-03 4.452993123811535385e-03
2.531865776655109913e-03 0.000000000000000000e+00 1.873872055198060049e-03 2.234130101219564384e-03 5.123001424688257942e-03
1.648575000482844447e-03 0.000000000000000000e+00 9.750555895891098012e-04 1.716963308246126927e-03 4.854810252469842977e-03
2.462123896615958435e-04 0.000000000000000000e+00 4.268187554438403284e-04 1.413679315646238681e-03 4.090550712646881699e-03
0.000000000000000000e+00 0.000000000000000000e+00 4.022452741654551720e-04 7.482192578403728048e-04 1.604740659783015447e-03
0.000000000000000000e+00 0.000000000000000000e+00 0.000000000000000000e+00 0.000000000000000000e+00 0.000000000000000000e+00
4.114054686320649528e-05 0.000000000000000000e+00 1.200753395423767095e-04 0.000000000000000000e+00 0.000000000000000000e+00
0.000000000000000000e+00 0.000000000000000000e+00 0.000000000000000000e+00 0.000000000000000000e+00 0.000000000000000000e+00
0.000000000000000000e+00 0.000000000000000000e+00 0.000000000000000000e+00 0.000000000000000000e+00 0.000000000000000000e+00
0.000000000000000000e+00 0.000000000000000000e+00 0.000000000000000000e+00 0.000000000000000000e+00 0.000000000000000000e+00
0.000000000000000000e+00 0.000000000000000000e+00 0.000000000000000000e+00 0.000000000000000000e+00 0.000000000000000000e+00
0.000000000000000000e+00 0.000000000000000000e+00 0.000000000000000000e+00 0.000000000000000000e+00 0.000000000000000000e+00
1.254596581041669389e-03 3.193635812663098497e-04 0.000000000000000000e+00 0.000000000000000000e+00 0.000000000000000000e+00
7.680363193794604443e-03 1.030046101352097895e-03 0.000000000000000000e+00 0.000000000000000000e+00 0.000000000000000000e+00
3.117383421320303952e-02 3.300799965861459049e-04 1.568003584936706165e-03 0.000000000000000000e+00 0.000000000000000000e+00
6.980323634747112593e-02 0.000000000000000000e+00 2.125865190023441809e-04 0.000000000000000000e+00 0.000000000000000000e+00
9.878549379009088360e-02 0.000000000000000000e+00 0.000000000000000000e+00 9.063200206724486910e-03 0.000000000000000000e+00
8.440994401647705647e-02 0.000000000000000000e+00 0.000000000000000000e+00 7.960342060636246830e-02 4.648473397440120933e-03
2.959500401799594269e-02 0.000000000000000000e+00 0.000000000000000000e+00 1.393405731850997364e-01 3.654509221177053291e-02
0.000000000000000000e+00 5.856853365992760463e-02 0.000000000000000000e+00 1.238506273867992641e-01 5.915765071667784120e-02
0.000000000000000000e+00 1.197000909543618485e-01 0.000000000000000000e+00 3.713777693795637658e-02 7.627219791389293346e-02
0.000000000000000000e+00 1.080703825610841995e-01 6.583257395903792386e-02 0.000000000000000000e+00 7.554166531457923162e-02
0.000000000000000000e+00 3.430095191296120283e-02 1.426511853444321909e-01 0.000000000000000000e+00 6.689298713595369372e-02
0.000000000000000000e+00 0.000000000000000000e+00 1.334027646922910371e-01 0.000000000000000000e+00 4.006394377919556687e-02
4.627022772265445769e-03 0.000000000000000000e+00 6.712886993689093362e-02 7.600197131389141479e-04 1.394415187182029316e-02
1.186495279200862167e-02 0.000000000000000000e+00 1.897661536735972473e-02 0.000000000000000000e+00 7.735376197726470801e-04
1.761348883426977138e-02 0.000000000000000000e+00 5.516068800470843095e-03 0.000000000000000000e+00 0.000000000000000000e+00
2.025683863451179997e-02 0.000000000000000000e+00 3.922792764514098328e-03 0.000000000000000000e+00 0.000000000000000000e+00
2.130386258036394767e-02 0.000000000000000000e+00 2.750991710482383803e-03 0.000000000000000000e+00 0.000000000000000000e+00
1.863818068593496927e-02 0.000000000000000000e+00 1.221371546677889547e-03 0.000000000000000000e+00 1.277104468146337928e-03
1.261014016203048163e-02 0.000000000000000000e+00 7.107176488909788510e-04 0.000000000000000000e+00 2.083631885728972222e-03
6.812716311683987558e-03 0.000000000000000000e+00 1.780935851105973876e-04 0.000000000000000000e+00 3.896823684950020093e-05
1.697660908688480722e-03 0.000000000000000000e+00 1.359996303680961380e-04 0.000000000000000000e+00 1.574460611962111539e-04
3.141238182617469080e-04 1.699181983477804491e-05 1.839624220088264129e-06 0.000000000000000000e+00 0.000000000000000000e+00
0.000000000000000000e+00 0.000000000000000000e+00 0.000000000000000000e+00 0.000000000000000000e+00 0.000000000000000000e+00
0.000000000000000000e+00 0.000000000000000000e+00 0.000000000000000000e+00 0.000000000000000000e+00 0.000000000000000000e+00
0.000000000000000000e+00 0.000000000000000000e+00 0.000000000000000000e+00 0.000000000000000000e+00 0.000000000000000000e+00
0.000000000000000000e+00 0.000000000000000000e+00 0.000000000000000000e+00 0.000000000000000000e+00 0.000000000000000000e+00
0.000000000000000000e+00 0.000000000000000000e+00 0.000000000000000000e+00 0.000000000000000000e+00 0.000000000000000000e+00
0.000000000000000000e+00 0.000000000000000000e+00 0.000000000000000000e+00 0.000000000000000000e+00 0.000000000000000000e+00
1.271286447128837154e-03 3.007049030117463781e-04 0.000000000000000000e+00 0.000000000000000000e+00 0.000000000000000000e+00
9.371192772286316905e-03 9.605004651161401378e-04 0.000000000000000000e+00 0.000000000000000000e+00 0.000000000000000000e+00
4.224685178033744937e-02 3.159765248336261691e-05 1.115446076923232079e-03 0.000000000000000000e+00 0.000000000000000000e+00
8.819125149490274207e-02 0.000000000000000000e+00 0.000000000000000000e+00 0.000000000000000000e+00 0.000000000000000000e+00
1.049733537542166251e-01 0.000000000000000000e+00 0.000000000000000000e+00 2.788373331551888615e-02 0.000000000000000000e+00
6.904008196931984975e-02 0.000000000000000000e+00 0.000000000000000000e+00 1.034966278647573845e-01 3.135086902559961614e-02
1.377310791925201059e-03 1.428713162757534565e-02 0.000000000000000000e+00 1.419802016165100378e-01 7.310942637585746140e-02
0.000000000000000000e+00 9.115062774862014994e-02 0.000000000000000000e+00 8.547361939253506069e-02 9.041551992691311546e-02
0.000000000000000000e+00 1.242396812880878082e-01 3.555499947573260988e-02 0.000000000000000000e+00 7.119933291119194541e-02
0.000000000000000000e+00 7.435491344259943791e-02 1.258470551471780052e-01 0.000000000000000000e+00 5.098977952374702388e-02
1.258834050796700575e-05 2.143517423647526513e-03 1.505876422737767728e-01 0.000000000000000000e+00 2.994640483366654143e-02
8.045375498869741099e-03 0.000000000000000000e+00 8.989957036265980306e-02 1.106800933168866847e-03 6.664209412187625976e-03
1.724327899812725870e-02 0.000000000000000000e+00 2.950990675040182296e-02 2.463116485031797281e-03 0.000000000000000000e+00
2.696112578420011355e-02 0.000000000000000000e+00 6.404420422818448734e-03 0.000000000000000000e+00 0.000000000000000000e+00
3.679204394001527739e-02 1.932031329987359339e-03 3.467056231091045649e-03 0.000000000000000000e+00 0.000000000000000000e+00
4.504428435365794708e-02 2.892510734400734283e-03 1.416639753608632882e-03 0.000000000000000000e+00 0.000000000000000000e+00
4.767025092787865320e-02 2.897702136945763587e-03 0.000000000000000000e+00 0.000000000000000000e+00 0.000000000000000000e+00
4.605490942318066216e-02 1.605385923031382419e-03 0.000000000000000000e+00 0.000000000000000000e+00 0.000000000000000000e+00
3.553745291078051760e-02 1.205004124288035997e-03 0.000000000000000000e+00 0.000000000000000000e+00 0.000000000000000000e+00
1.878709220140715661e-02 2.968724447417722671e-06 4.330276509830290380e-04 0.000000000000000000e+00 0.000000000000000000e+00
6.412712843488309680e-03 2.111270569736184227e-04 1.533067587360541543e-04 0.000000000000000000e+00 0.000000000000000000e+00
1.343847385976233624e-03 1.266638038295651594e-05 1.251419346539342720e-04 0.000000000000000000e+00 0.000000000000000000e+00
0.000000000000000000e+00 0.000000000000000000e+00 0.000000000000000000e+00 0.000000000000000000e+00 0.000000000000000000e+00
0.000000000000000000e+00 0.000000000000000000e+00 0.000000000000000000e+00 0.000000000000000000e+00 0.000000000000000000e+00
0.000000000000000000e+00 0.000000000000000000e+00 0.000000000000000000e+00 0.000000000000000000e+00 0.000000000000000000e+00
0.000000000000000000e+00 0.000000000000000000e+00 0.000000000000000000e+00 0.000000000000000000e+00 0.000000000000000000e+00
0.000000000000000000e+00 0.000000000000000000e+00 0.000000000000000000e+00 0.000000000000000000e+00 0.000000000000000000e+00
0.000000000000000000e+00 0.000000000000000000e+00 0.000000000000000000e+00 0.000000000000000000e+00 0.000000000000000000e+00
1.271286447128837154e-03 3.007049030117463781e-04 0.000000000000000000e+00 0.000000000000000000e+00 0.000000000000000000e+00
1.303021401259861663e-02 9.606462565420333891e-04 0.000000000000000000e+00 0.000000000000000000e+00 0.000000000000000000e+00
5.517644032078054817e-02 0.000000000000000000e+00 9.356307051246626639e-05 0.000000000000000000e+00 0.000000000000000000e+00
9.916749487117337836e-02 0.000000000000000000e+00 0.000000000000000000e+00 0.000000000000000000e+00 0.000000000000000000e+00
1.017903319987031735e-01 0.000000000000000000e+00 0.000000000000000000e+00 4.627799580225418902e-02 2.016392365427912767e-02
4.663589923761449901e-02 0.000000000000000000e+00 0.000000000000000000e+00 1.207422251770401550e-01 6.773389459039975968e-02
0.000000000000000000e+00 4.564664923553357623e-02 0.000000000000000000e+00 1.255347927191827473e-01 1.025432840254614369e-01
0.000000000000000000e+00 1.128513022540261201e-01 3.119055979700199790e-03 4.933569956454823824e-02 8.631655038929512969e-02
0.000000000000000000e+00 1.087469266500549897e-01 9.197369102106747740e-02 0.000000000000000000e+00 4.563616687390128351e-02
0.000000000000000000e+00 3.765446816298938237e-02 1.587109140311309396e-01 0.000000000000000000e+00 1.528161806717745139e-02
7.364544770312042229e-03 0.000000000000000000e+00 1.233488071430315497e-01 5.416158870658691754e-03 0.000000000000000000e+00
1.571515827097303558e-02 0.000000000000000000e+00 4.726777995897308432e-02 1.611722609716342500e-02 0.000000000000000000e+00
3.307404716821305685e-02 1.758758662983919739e-03 1.509886088115555865e-02 1.812754078531064045e-02 0.000000000000000000e+00
5.456535304348680837e-02 9.921250124202155019e-03 5.293855045952419042e-03 1.358860439393223644e-02 0.000000000000000000e+00
7.425655091458871482e-02 1.727167636385858532e-02 0.000000000000000000e+00 4.764895730854087214e-03 0.000000000000000000e+00
9.227351508994317830e-02 1.709353850060570459e-02 0.000000000000000000e+00 0.000000000000000000e+00 4.046687972708721062e-04
9.329645989003794437e-02 1.169721342211208631e-02 0.000000000000000000e+00 0.000000000000000000e+00 4.887720579926746294e-03
9.037750621239624971e-02 6.675876349452122480e-03 0.000000000000000000e+00 0.000000000000000000e+00 3.374742993266869381e-03
6.966454894286915056e-02 3.992078917258615016e-03 0.000000000000000000e+00 0.000000000000000000e+00 0.000000000000000000e+00
4.610680940365986108e-02 2.066248081371790512e-03 0.000000000000000000e+00 0.000000000000000000e+00 0.000000000000000000e+00
1.863259907064275175e-02 1.299952672609593074e-03 0.000000000000000000e+00 0.000000000000000000e+00 0.000000000000000000e+00
3.135029476357771919e-03 7.796018257168662929e-05 3.223249982212768772e-04 0.000000000000000000e+00 0.000000000000000000e+00
3.887234144313328504e-05 0.000000000000000000e+00 2.141120280101645401e-05 0.000000000000000000e+00 0.000000000000000000e+00
0.000000000000000000e+00 0.000000000000000000e+00 0.000000000000000000e+00 0.000000000000000000e+00 0.000000000000000000e+00
0.000000000000000000e+00 0.000000000000000000e+00 0.000000000000000000e+00 0.000000000000000000e+00 0.000000000000000000e+00
0.000000000000000000e+00 0.000000000000000000e+00 0.000000000000000000e+00 0.000000000000000000e+00 0.000000000000000000e+00
0.000000000000000000e+00 0.000000000000000000e+00 0.000000000000000000e+00 0.000000000000000000e+00 0.000000000000000000e+00
0.000000000000000000e+00 0.000000000000000000e+00 0.000000000000000000e+00 0.000000000000000000e+00 0.000000000000000000e+00
1.352293984652764127e-03 2.702780385344599550e-04 0.000000000000000000e+00 0.000000000000000000e+00 0.000000000000000000e+00
1.921010821063755258e-02 1.156543442353588332e-03 1.626752974283629007e-04 0.000000000000000000e+00 0.000000000000000000e+00
6.745360064862183924e-02 0.000000000000000000e+00 0.000000000000000000e+00 0.000000000000000000e+00 0.000000000000000000e+00
1.094682064696862051e-01 0.000000000000000000e+00 0.000000000000000000e+00 3.469845389208019160e-04 6.781516187732123703e-03
9.817818984865024634e-02 0.000000000000000000e+00 0.000000000000000000e+00 5.810137261297630695e-02 4.588790189966311661e-02
2.539928168514831233e-02 1.305015229559653919e-03 0.000000000000000000e+00 1.235748821869013941e-01 1.078904377824045496e-01
0.000000000000000000e+00 7.323760049136937567e-02 0.000000000000000000e+00 1.013198694353526080e-01 1.106654809037455195e-01
0.000000000000000000e+00 1.182548100790909579e-01 4.919214059480001705e-02 2.844527273366345352e-02 6.082773962461739126e-02
0.000000000000000000e+00 7.961135097618932122e-02 1.425154588730473126e-01 0.000000000000000000e+00 6.989632663593457057e-03
0.000000000000000000e+00 9.544992810965061136e-03 1.536826799358392559e-01 1.348983248554986442e-02 0.000000000000000000e+00
9.046449555778131660e-03 0.000000000000000000e+00 8.558892943830029298e-02 3.587847889437492666e-02 0.000000000000000000e+00
2.723894114475240019e-02 1.128798861135778871e-03 3.653957920961374561e-02 4.779545922366190691e-02 0.000000000000000000e+00
5.739809095222635910e-02 1.840000464809142186e-02 1.874522497785459374e-02 4.891627543813803491e-02 0.000000000000000000e+00
8.164387166992648215e-02 3.685191504593535866e-02 3.494657030104357347e-03 3.941159349234030218e-02 0.000000000000000000e+00
1.010410805880092716e-01 4.631383590214265683e-02 0.000000000000000000e+00 2.609507159081993211e-02 3.313186711120622973e-03
1.116215980797115592e-01 4.513267035743840500e-02 0.000000000000000000e+00 1.327154802519063016e-02 1.302185045184081451e-02
1.217984803579392344e-01 3.059647057872432602e-02 0.000000000000000000e+00 0.000000000000000000e+00 2.392434011834174493e-02
1.202489892583621239e-01 1.038188705261315278e-02 0.000000000000000000e+00 0.000000000000000000e+00 2.364353611003156344e-02
1.031962127309070804e-01 5.014560085156742272e-03 0.000000000000000000e+00 0.000000000000000000e+00 8.810199457385523014e-03
7.195619571211192556e-02 2.956059230075482134e-03 0.000000000000000000e+00 0.000000000000000000e+00 0.000000000000000000e+00
4.001471187758792736e-02 2.764723599668811749e-03 0.000000000000000000e+00 0.000000000000000000e+00 0.000000000000000000e+00
8.234565618524715067e-03 4.292296545677458104e-04 1.497885182520464036e-04 0.000000000000000000e+00 0.000000000000000000e+00
3.887234144313328504e-05 0.000000000000000000e+00 2.141120280101645401e-05 0.000000000000000000e+00 0.000000000000000000e+00
0.000000000000000000e+00 0.000000000000000000e+00 0.000000000000000000e+00 0.000000000000000000e+00 0.000000000000000000e+00
0.000000000000000000e+00 0.000000000000000000e+00 0.000000000000000000e+00 0.000000000000000000e+00 0.000000000000000000e+00
0.000000000000000000e+00 0.000000000000000000e+00 0.000000000000000000e+00 0.000000000000000000e+00 0.000000000000000000e+00
0.000000000000000000e+00 0.000000000000000000e+00 0.000000000000000000e+00 0.000000000000000000e+00 0.000000000000000000e+00
0.000000000000000000e+00 0.000000000000000000e+00 0.000000000000000000e+00 0.000000000000000000e+00 0.000000000000000000e+00
1.541988248482867524e-03 2.038376052521952391e-04 0.000000000000000000e+00 0.000000000000000000e+00 2.835702660406837089e-05
2.276095397167710380e-02 1.243234792952413112e-03 0.000000000000000000e+00 0.000000000000000000e+00 0.000000000000000000e+00
7.703204022312890031e-02 0.000000000000000000e+00 0.000000000000000000e+00 0.000000000000000000e+00 0.000000000000000000e+00
1.151931794398870085e-01 0.000000000000000000e+00 0.000000000000000000e+00 4.364353174494865241e-03 2.357790316928602345e-02
8.989827817803079657e-02 0.000000000000000000e+00 0.000000000000000000e+00 6.534655123154700651e-02 8.279206709706878053e-02
1.502824608213326404e-02 1.934157182111157294e-02 0.000000000000000000e+00 1.136252822512541921e-01 1.355299162741560870e-01
0.000000000000000000e+00 8.814312837158524983e-02 1.829338852741636476e-02 8.799404203758176557e-02 9.916584196440859922e-02
0.000000000000000000e+00 1.073057428744633723e-01 9.982527694316370437e-02 3.047236962360088536e-02 2.254888332508760834e-02
0.000000000000000000e+00 4.920600052440518568e-02 1.635569299540420019e-01 2.449300752206535342e-02 0.000000000000000000e+00
0.000000000000000000e+00 0.000000000000000000e+00 1.320699518432796038e-01 5.588349557332476791e-02 0.000000000000000000e+00
1.271362406101370426e-02 0.000000000000000000e+00 8.054790983653511982e-02 7.611569996532328852e-02 0.000000000000000000e+00
4.547208791323808369e-02 2.332921363849151802e-02 5.410398958395486874e-02 7.576646146790627645e-02 0.000000000000000000e+00
6.913257010479294251e-02 4.828603455584595111e-02 3.437879386671712639e-02 6.627018449867681793e-02 3.154221961990825128e-03
8.048749849311881421e-02 6.348621399755326189e-02 1.371260841799840438e-02 5.484305695113176476e-02 2.142343188736651680e-02
7.954813198182283940e-02 7.010990404479554294e-02 0.000000000000000000e+00 4.508201392456551854e-02 3.907164146202773969e-02
7.784872736926286285e-02 6.315444090255169229e-02 0.000000000000000000e+00 4.161020775935427712e-02 5.086930982865371653e-02
9.395203814446087542e-02 4.261206867213208904e-02 0.000000000000000000e+00 3.213359826096072458e-02 5.942749149316089302e-02
1.120086446143019610e-01 1.306676062661965391e-02 0.000000000000000000e+00 1.914500372438548287e-02 5.635484174389446266e-02
1.139762908067091934e-01 1.931546833324449507e-03 0.000000000000000000e+00 0.000000000000000000e+00 3.023689767223538064e-02
9.433475203294991451e-02 2.255582848273545923e-03 0.000000000000000000e+00 0.000000000000000000e+00 3.771354153225749128e-03
5.748351044283010053e-02 2.794576573813517539e-03 0.000000000000000000e+00 0.000000000000000000e+00 0.000000000000000000e+00
1.537418598806892037e-02 9.541324885336452920e-04 0.000000000000000000e+00 0.000000000000000000e+00 0.000000000000000000e+00
2.862417869903448125e-04 0.000000000000000000e+00 1.576643115347583178e-04 0.000000000000000000e+00 0.000000000000000000e+00
0.000000000000000000e+00 0.000000000000000000e+00 0.000000000000000000e+00 0.000000000000000000e+00 0.000000000000000000e+00
0.000000000000000000e+00 0.000000000000000000e+00 0.000000000000000000e+00 0.000000000000000000e+00 0.000000000000000000e+00
0.000000000000000000e+00 0.000000000000000000e+00 0.000000000000000000e+00 0.000000000000000000e+00 0.000000000000000000e+00
0.000000000000000000e+00 0.000000000000000000e+00 0.000000000000000000e+00 0.000000000000000000e+00 0.000000000000000000e+00
0.000000000000000000e+00 0.000000000000000000e+00 0.000000000000000000e+00 0.000000000000000000e+00 0.000000000000000000e+00
9.717200132331379201e-04 1.158028325571562595e-04 0.000000000000000000e+00 0.000000000000000000e+00 7.744716383533839521e-05
2.215741728635783891e-02 2.794127155546263894e-04 0.000000000000000000e+00 0.000000000000000000e+00 1.028882417579739727e-04
8.245351021955835136e-02 0.000000000000000000e+00 0.000000000000000000e+00 0.000000000000000000e+00 5.997284079608987233e-03
1.205245161502009749e-01 0.000000000000000000e+00 0.000000000000000000e+00 4.287372016312924333e-03 4.831362835726162736e-02
8.983417130586796029e-02 0.000000000000000000e+00 0.000000000000000000e+00 5.821993336263009411e-02 1.220677989914137757e-01
1.195554308179885145e-02 3.956495879644424812e-02 0.000000000000000000e+00 1.004653639727176584e-01 1.388877076413381761e-01
0.000000000000000000e+00 9.560814203185005744e-02 5.290229788577803516e-02 8.342274581554928736e-02 6.736850893215584613e-02
0.000000000000000000e+00 8.992377732468688489e-02 1.388487291202982477e-01 5.397427307268849728e-02 0.000000000000000000e+00
0.000000000000000000e+00 2.975750613105753242e-02 1.555339851568275922e-01 6.440154598100948646e-02 0.000000000000000000e+00
6.267739812290993402e-04 3.229746148429489105e-03 1.069469230412295330e-01 8.663379227880835254e-02 0.000000000000000000e+00
3.231185942751731155e-02 2.750596833111779507e-02 8.092858403578358228e-02 8.659118485488229156e-02 2.987409326571220918e-03
6.505332747645750646e-02 6.321683102515424091e-02 6.899106670768452576e-02 6.379147552270393595e-02 9.577853987748014344e-03
6.830535524522754476e-02 8.322733778728526322e-02 5.574276825760903636e-02 4.442258095128438777e-02 2.612725549118101800e-02
4.939747130729527785e-02 8.370262320154225888e-02 3.950618507102104243e-02 4.303018580581986080e-02 5.022154525230426020e-02
2.767080048900418324e-02 8.234068967239865922e-02 1.590625624893690984e-02 5.175160256635999434e-02 5.839213108256392781e-02
2.143610164761165782e-02 7.704237322880125305e-02 0.000000000000000000e+00 5.637538501913027383e-02 6.722962771254253900e-02
4.041912296770570900e-02 5.224114627693863394e-02 0.000000000000000000e+00 6.007281666691846600e-02 8.658074480750786728e-02
7.766603722231206486e-02 1.298853501252123302e-02 0.000000000000000000e+00 5.033069782793164054e-02 8.504412973806282916e-02
1.030079017952159753e-01 0.000000000000000000e+00 0.000000000000000000e+00 2.333521280779373916e-02 4.679975631659256952e-02
9.757787391319570902e-02 0.000000000000000000e+00 0.000000000000000000e+00 0.000000000000000000e+00 1.152256753367495931e-02
6.255333639986621064e-02 1.128612471351398642e-03 0.000000000000000000e+00 0.000000000000000000e+00 0.000000000000000000e+00
1.873152580789341770e-02 5.518119143539722358e-04 0.000000000000000000e+00 0.000000000000000000e+00 0.000000000000000000e+00
4.629342480954972945e-04 0.000000000000000000e+00 2.549879606302868818e-04 0.000000000000000000e+00 0.000000000000000000e+00
0.000000000000000000e+00 0.000000000000000000e+00 0.000000000000000000e+00 0.000000000000000000e+00 0.000000000000000000e+00
0.000000000000000000e+00 0.000000000000000000e+00 0.000000000000000000e+00 0.000000000000000000e+00 0.000000000000000000e+00
0.000000000000000000e+00 0.000000000000000000e+00 0.000000000000000000e+00 0.000000000000000000e+00 0.000000000000000000e+00
0.000000000000000000e+00 0.000000000000000000e+00 0.000000000000000000e+00 0.000000000000000000e+00 0.000000000000000000e+00
0.000000000000000000e+00 0.000000000000000000e+00 0.000000000000000000e+00 0.000000000000000000e+00 0.000000000000000000e+00
6.418622731388527779e-04 7.329809579620349123e-05 0.000000000000000000e+00 0.000000000000000000e+00 1.013252156499719158e-04
1.941345381106690873e-02 4.353189284590837940e-05 0.000000000000000000e+00 0.000000000000000000e+00 2.475782916789938826e-03
8.560645125346733053e-02 0.000000000000000000e+00 0.000000000000000000e+00 0.000000000000000000e+00 1.734620878988531872e-02
1.220681902499212990e-01 0.000000000000000000e+00 0.000000000000000000e+00 0.000000000000000000e+00 7.522769413960446461e-02
9.727082982107694564e-02 0.000000000000000000e+00 0.000000000000000000e+00 4.693012285008286988e-02 1.482114770327757347e-01
1.627668121492881551e-02 5.047652722019934507e-02 1.205566206506856509e-02 9.195235686068475855e-02 1.293064829082003764e-01
0.000000000000000000e+00 9.293346428140238091e-02 8.820968429096613661e-02 8.924844419972283172e-02 3.142836122459109760e-02
0.000000000000000000e+00 7.417281159623599629e-02 1.490530142019234616e-01 7.809894810739528848e-02 0.000000000000000000e+00
0.000000000000000000e+00 2.832502225374068650e-02 1.341738274615107973e-01 8.692259451380303370e-02 0.000000000000000000e+00
2.143507573666812369e-02 3.058192448967154281e-02 9.144790641380361185e-02 7.914435269610005375e-02 1.072960748718607832e-02
6.487399637778373807e-02 6.630237371030825444e-02 6.843158353577205588e-02 4.816070309097784941e-02 2.148358212863736572e-02
7.924342648733179173e-02 8.524015033133934549e-02 6.241541752886009542e-02 2.172819139263965776e-02 3.721158339161988182e-02
5.237074780914708488e-02 8.352667550209456893e-02 6.653925088969524226e-02 1.886162765800369207e-02 4.886440448180075224e-02
2.071776451290771245e-02 7.339412041732867875e-02 6.673650935442354548e-02 3.418368442209390040e-02 5.103966984231725346e-02
0.000000000000000000e+00 7.957355641445616745e-02 4.890700784054881345e-02 4.248901184783084733e-02 4.717588028747348589e-02
0.000000000000000000e+00 9.126684073063551228e-02 1.340209285717680610e-02 5.010087438457048320e-02 5.415364335180689048e-02
1.225668097502942942e-02 6.412766531262729941e-02 0.000000000000000000e+00 6.863142926471851868e-02 8.701076987686576225e-02
5.220960809175118761e-02 1.386021484533008462e-02 0.000000000000000000e+00 7.013825505149268169e-02 1.001193947448083543e-01
9.217503619246029956e-02 0.000000000000000000e+00 0.000000000000000000e+00 4.492995674769034720e-02 5.767149859589976169e-02
9.216357498285955574e-02 0.000000000000000000e+00 0.000000000000000000e+00 9.466273923495388543e-03 1.386493616948358473e-02
6.405058550668152328e-02 0.000000000000000000e+00 0.000000000000000000e+00 0.000000000000000000e+00 0.000000000000000000e+00
1.796420706037415993e-02 3.501374874697294978e-05 0.000000000000000000e+00 0.000000000000000000e+00 0.000000000000000000e+00
4.629342480954972945e-04 0.000000000000000000e+00 2.549879606302868818e-04 0.000000000000000000e+00 0.000000000000000000e+00
0.000000000000000000e+00 0.000000000000000000e+00 0.000000000000000000e+00 0.000000000000000000e+00 0.000000000000000000e+00
0.000000000000000000e+00 0.000000000000000000e+00 0.000000000000000000e+00 0.000000000000000000e+00 0.000000000000000000e+00
0.000000000000000000e+00 0.000000000000000000e+00 0.000000000000000000e+00 0.000000000000000000e+00 0.000000000000000000e+00
0.000000000000000000e+00 0.000000000000000000e+00 0.000000000000000000e+00 0.000000000000000000e+00 0.000000000000000000e+00
0.000000000000000000e+00 0.000000000000000000e+00 0.000000000000000000e+00 0.000000000000000000e+00 0.000000000000000000e+00
6.319611302122587300e-04 0.000000000000000000e+00 0.000000000000000000e+00 0.000000000000000000e+00 1.133126849349424918e-03
1.789925347473444311e-02 0.000000000000000000e+00 0.000000000000000000e+00 0.000000000000000000e+00 5.304351246472793248e-03
7.620713997226559455e-02 0.000000000000000000e+00 0.000000000000000000e+00 0.000000000000000000e+00 3.239783373095238284e-02
1.211856732193793140e-01 0.000000000000000000e+00 0.000000000000000000e+00 0.000000000000000000e+00 9.714392277284975008e-02
1.075905499873607007e-01 5.537260909904182828e-03 0.000000000000000000e+00 2.766112157785136083e-02 1.585237453447620182e-01
3.838498624521818198e-02 5.515043612347251406e-02 3.494283328092524787e-02 7.977451547450122027e-02 1.100033403016032196e-01
0.000000000000000000e+00 8.856610768637250553e-02 1.097483254078795711e-01 1.011209388578634960e-01 0.000000000000000000e+00
0.000000000000000000e+00 6.633723324431195500e-02 1.437546396507523305e-01 9.893979707946402857e-02 0.000000000000000000e+00
4.384294174395104646e-03 4.365932776692868500e-02 1.130109358308009071e-01 7.909729214258351404e-02 0.000000000000000000e+00
4.666992880296235574e-02 5.985719142646788588e-02 7.424084133949609976e-02 4.676873231214263155e-02 2.644654702885354536e-02
8.318269245838413872e-02 8.555946815794941707e-02 5.109934083200261268e-02 8.347664306483705901e-03 3.482388296212431816e-02
7.645209045559750449e-02 8.602387941317879427e-02 4.050063580320146378e-02 0.000000000000000000e+00 3.664796118297217881e-02
5.023082357108621387e-02 6.718287673946997385e-02 6.067708717315350997e-02 0.000000000000000000e+00 2.754991082244836326e-02
2.048837524040740196e-02 5.870110993586829390e-02 8.476447628340021134e-02 1.144039262737286608e-02 1.414618598883977778e-02
7.780098497524247543e-04 8.833665699924095338e-02 7.214426091070341718e-02 1.578194018771051158e-02 1.086115687136750621e-02
3.635148303493240243e-04 1.047683191948946407e-01 2.085460328648095635e-02 2.919423190650865044e-02 4.423509496747728836e-02
1.669152534377849051e-02 6.397268590540416966e-02 0.000000000000000000e+00 6.622093286769677178e-02 9.465783394019056107e-02
5.165371752543036765e-02 7.977264937493580566e-03 0.000000000000000000e+00 8.033384928979939166e-02 9.629684203253516261e-02
8.494040742226392771e-02 0.000000000000000000e+00 0.000000000000000000e+00 5.643599862141407408e-02 5.460480321003051418e-02
8.437318107743248252e-02 0.000000000000000000e+00 0.000000000000000000e+00 1.420109752007536405e-02 1.492793046657574750e-02
5.593810647817293313e-02 0.000000000000000000e+00 0.000000000000000000e+00 0.000000000000000000e+00 0.000000000000000000e+00
1.373381886197654576e-02 0.000000000000000000e+00 0.000000000000000000e+00 0.000000000000000000e+00 0.000000000000000000e+00
1.590232149946362147e-04 0.000000000000000000e+00 8.759128418597657219e-05 0.000000000000000000e+00 0.000000000000000000e+00
0.000000000000000000e+00 0.000000000000000000e+00 0.000000000000000000e+00 0.000000000000000000e+00 0.000000000000000000e+00
0.000000000000000000e+00 0.000000000000000000e+00 0.000000000000000000e+00 0.000000000000000000e+00 0.000000000000000000e+00
0.000000000000000000e+00 0.000000000000000000e+00 0.000000000000000000e+00 0.000000000000000000e+00 0.000000000000000000e+00
0.000000000000000000e+00 0.000000000000000000e+00 0.000000000000000000e+00 0.000000000000000000e+00 0.000000000000000000e+00
0.000000000000000000e+00 0.000000000000000000e+00 0.000000000000000000e+00 0.000000000000000000e+00 0.000000000000000000e+00
2.001423930921776735e-04 0.000000000000000000e+00 0.000000000000000000e+00 0.000000000000000000e+00 6.743755309810126920e-04
1.280935917411684874e-02 0.000000000000000000e+00 0.000000000000000000e+00 0.000000000000000000e+00 9.368594832624711419e-03
5.756590010186078687e-02 0.000000000000000000e+00 0.000000000000000000e+00 0.000000000000000000e+00 3.859941472758169484e-02
1.117222021120872905e-01 0.000000000000000000e+00 0.000000000000000000e+00 0.000000000000000000e+00 1.103720758276199032e-01
1.175084521096342594e-01 7.785374614474306794e-03 0.000000000000000000e+00 5.978897750029388801e-03 1.642954035839095106e-01
6.743202447055705873e-02 5.268829492903613632e-02 4.646756588371719898e-02 6.378057731217209869e-02 1.030313650985056617e-01
1.780732131447952324e-02 8.502349810815172659e-02 1.129198184439365454e-01 1.051990556779509173e-01 0.000000000000000000e+00
5.617454104933626048e-03 7.356471908964226647e-02 1.295324572745464309e-01 1.053795962852119988e-01 0.000000000000000000e+00
2.882813961168068789e-02 6.929015861468204585e-02 9.085043961463083739e-02 6.350182661577116749e-02 0.000000000000000000e+00
7.227541487743671667e-02 8.373161144666095568e-02 4.784032091267798742e-02 1.422647516082349572e-02 1.918690250465641609e-02
9.053161684227098438e-02 9.370157361489696302e-02 2.057899720640731997e-02 0.000000000000000000e+00 1.777314526187732252e-02
8.045614031743367200e-02 7.805906527070881340e-02 2.664096779825397485e-02 0.000000000000000000e+00 9.615775488265995360e-03
6.616971038137954564e-02 6.516536481999844754e-02 6.398854553179626758e-02 0.000000000000000000e+00 0.000000000000000000e+00
5.574535166132023323e-02 8.275830761493249699e-02 8.654925452333732394e-02 0.000000000000000000e+00 0.000000000000000000e+00
4.771021714119332707e-02 1.157906833989784390e-01 5.906616635476337474e-02 0.000000000000000000e+00 0.000000000000000000e+00
3.376465330130685311e-02 1.074382147705439799e-01 1.143735099260533537e-02 2.357288798522829548e-02 4.846743491265449733e-02
3.298163661391925044e-02 4.586646845912756981e-02 0.000000000000000000e+00 8.562413843475337460e-02 9.575391164203882199e-02
6.087738019710332849e-02 0.000000000000000000e+00 0.000000000000000000e+00 9.140684395861624345e-02 8.209874545336492968e-02
7.913515233879202249e-02 0.000000000000000000e+00 0.000000000000000000e+00 5.497987766697168960e-02 4.188484169649124567e-02
6.729011651695201990e-02 0.000000000000000000e+00 0.000000000000000000e+00 1.375741755957923286e-02 1.190218180097955651e-02
3.517964166989502595e-02 0.000000000000000000e+00 0.000000000000000000e+00 0.000000000000000000e+00 0.000000000000000000e+00
8.137584855975026760e-03 1.751795207456651197e-04 0.000000000000000000e+00 0.000000000000000000e+00 0.000000000000000000e+00
8.347153801535195643e-05 9.681142540833725138e-05 2.079819149872884506e-04 0.000000000000000000e+00 1.488817165532167115e-05
0.000000000000000000e+00 0.000000000000000000e+00 0.000000000000000000e+00 0.000000000000000000e+00 0.000000000000000000e+00
0.000000000000000000e+00 0.000000000000000000e+00 0.000000000000000000e+00 0.000000000000000000e+00 0.000000000000000000e+00
0.000000000000000000e+00 0.000000000000000000e+00 0.000000000000000000e+00 0.000000000000000000e+00 0.000000000000000000e+00
0.000000000000000000e+00 0.000000000000000000e+00 0.000000000000000000e+00 0.000000000000000000e+00 0.000000000000000000e+00
0.000000000000000000e+00 0.000000000000000000e+00 0.000000000000000000e+00 0.000000000000000000e+00 0.000000000000000000e+00
3.234447548756697738e-04 0.000000000000000000e+00 1.248835100676381950e-04 0.000000000000000000e+00 9.504236260750287789e-04
5.935295322516482425e-03 0.000000000000000000e+00 6.429133214173064553e-04 0.000000000000000000e+00 9.801359490972192529e-03
3.342251691085335735e-02 0.000000000000000000e+00 0.000000000000000000e+00 0.000000000000000000e+00 4.177351358226299299e-02
8.184037151418890876e-02 0.000000000000000000e+00 0.000000000000000000e+00 0.000000000000000000e+00 1.127602728470539911e-01
1.130849395050632922e-01 7.268699945530062226e-03 0.000000000000000000e+00 0.000000000000000000e+00 1.644438100536790015e-01
9.559686846358712853e-02 4.801546452414702515e-02 4.609269224429865530e-02 3.206576786288384967e-02 1.168877945194359558e-01
6.048970692901888685e-02 8.663634534769724949e-02 1.006337102835166558e-01 8.699025063571140526e-02 0.000000000000000000e+00
5.031876070767215409e-02 9.477720040798537360e-02 1.063138119351011296e-01 9.435707113472194263e-02 0.000000000000000000e+00
6.769283314293517151e-02 9.466920947228017746e-02 7.051771112743793202e-02 5.521408998240064092e-02 0.000000000000000000e+00
9.204162890045267109e-02 1.010986583525155108e-01 2.923191534580818138e-02 1.121113911578483675e-02 0.000000000000000000e+00
1.087914475350665877e-01 1.021312997412348461e-01 1.208003265836436226e-02 0.000000000000000000e+00 0.000000000000000000e+00
1.107746163857104005e-01 8.920474732929936645e-02 3.055987147070685084e-02 0.000000000000000000e+00 0.000000000000000000e+00
1.080974666772832327e-01 9.265392071825574727e-02 6.484650003079454883e-02 0.000000000000000000e+00 0.000000000000000000e+00
1.018515129383261442e-01 1.155388410487346307e-01 7.323994572100769873e-02 0.000000000000000000e+00 0.000000000000000000e+00
7.944380359210284626e-02 1.177386259987990985e-01 3.925645039211404785e-02 0.000000000000000000e+00 2.375526442214962938e-02
5.351449001850755449e-02 7.334096545995003047e-02 2.521019956274097879e-03 6.468386889852191513e-02 6.710089460994068944e-02
4.139767808024633067e-02 5.581353000850701289e-03 0.000000000000000000e+00 1.150352647335773082e-01 9.131786586599026367e-02
5.536856475259674393e-02 0.000000000000000000e+00 0.000000000000000000e+00 9.562550812216376317e-02 6.506857375447282210e-02
6.130219966605787024e-02 0.000000000000000000e+00 0.000000000000000000e+00 4.143318198602695401e-02 2.737548924415926857e-02
4.199525841319917685e-02 0.000000000000000000e+00 0.000000000000000000e+00 1.246236039964519413e-02 6.405441164857220322e-03
1.756453127833277478e-02 0.000000000000000000e+00 0.000000000000000000e+00 0.000000000000000000e+00 0.000000000000000000e+00
2.699431697549032391e-03 2.997267484415798943e-05 0.000000000000000000e+00 0.000000000000000000e+00 0.000000000000000000e+00
2.406084586996694183e-05 3.252142503467476931e-05 6.674516378730649727e-05 0.000000000000000000e+00 5.727768386167471031e-06
0.000000000000000000e+00 0.000000000000000000e+00 0.000000000000000000e+00 0.000000000000000000e+00 0.000000000000000000e+00
0.000000000000000000e+00 0.000000000000000000e+00 0.000000000000000000e+00 0.000000000000000000e+00 0.000000000000000000e+00
0.000000000000000000e+00 0.000000000000000000e+00 0.000000000000000000e+00 0.000000000000000000e+00 0.000000000000000000e+00
0.000000000000000000e+00 0.000000000000000000e+00 0.000000000000000000e+00 0.000000000000000000e+00 0.000000000000000000e+00
0.000000000000000000e+00 0.000000000000000000e+00 0.000000000000000000e+00 0.000000000000000000e+00 0.000000000000000000e+00
3.803043456813509854e-04 0.000000000000000000e+00 7.996303050372379406e-04 0.000000000000000000e+00 1.826818348543491396e-03
2.987280194128562761e-03 0.000000000000000000e+00 1.152360196259166964e-03 0.000000000000000000e+00 8.280827635900590150e-03
1.568469692735624532e-02 0.000000000000000000e+00 0.000000000000000000e+00 0.000000000000000000e+00 3.597354175422756706e-02
4.580478386245195876e-02 0.000000000000000000e+00 0.000000000000000000e+00 0.000000000000000000e+00 9.731143117398054210e-02
8.308606148485421505e-02 7.968498851241750177e-05 5.710425691743727279e-03 0.000000000000000000e+00 1.618393510978791971e-01
9.646318665202767428e-02 3.300912247247445724e-02 3.878066937444829554e-02 9.343719624295477623e-04 1.504203592471577700e-01
8.392904429682336576e-02 7.801545602423996806e-02 8.311299464032420592e-02 5.138728130954952483e-02 6.422498852388788815e-02
7.967869053075861407e-02 1.065572208100831614e-01 9.189209700035541606e-02 7.445229478312799520e-02 0.000000000000000000e+00
9.393518783448125131e-02 1.158082395070625659e-01 6.586453229414078459e-02 6.015640843254575071e-02 0.000000000000000000e+00
1.107848729059515841e-01 1.189761492668746090e-01 3.303655354506589148e-02 2.878634651777912945e-02 0.000000000000000000e+00
1.255051735136168134e-01 1.160743050878477456e-01 2.983345929337695088e-02 5.083146367494935716e-04 0.000000000000000000e+00
1.276503128989865676e-01 1.106062483101712818e-01 5.406563088137440048e-02 0.000000000000000000e+00 1.048104398919396220e-03
1.169166194747470744e-01 1.138990051005082105e-01 6.991418169867673338e-02 0.000000000000000000e+00 8.917509590135265854e-03
9.029456795849009898e-02 1.066801401824415130e-01 5.926608500439305843e-02 1.776848808501359234e-02 3.074261766675959184e-02
5.665712200041574109e-02 7.273730640419716342e-02 2.929362072041599360e-02 7.394719022102941297e-02 5.504641559563171888e-02
3.352775874229940722e-02 1.518803375830502130e-02 5.705481945682489009e-03 1.269116456085360445e-01 7.305302867385152221e-02
3.183540986346143631e-02 0.000000000000000000e+00 1.032139276158448599e-03 1.224179129971840474e-01 6.675366378832939263e-02
3.953671253922618617e-02 0.000000000000000000e+00 0.000000000000000000e+00 7.354322873801136251e-02 3.730513105473180074e-02
3.222474398737139312e-02 0.000000000000000000e+00 5.129614077154411988e-04 2.762561015279827586e-02 1.298547014234756672e-02
1.778470886759163025e-02 0.000000000000000000e+00 1.009435953378558758e-03 8.116276546206864853e-03 1.719759782556038374e-03
4.596288663828819628e-03 0.000000000000000000e+00 7.228410032662260754e-05 5.252595507191233333e-05 0.000000000000000000e+00
3.307509227722716695e-04 0.000000000000000000e+00 4.281149500464468956e-05 1.045799483003264101e-04 0.000000000000000000e+00
0.000000000000000000e+00 0.000000000000000000e+00 0.000000000000000000e+00 0.000000000000000000e+00 0.000000000000000000e+00
0.000000000000000000e+00 0.000000000000000000e+00 0.000000000000000000e+00 0.000000000000000000e+00 0.000000000000000000e+00
0.000000000000000000e+00 0.000000000000000000e+00 0.000000000000000000e+00 0.000000000000000000e+00 0.000000000000000000e+00
0.000000000000000000e+00 0.000000000000000000e+00 0.000000000000000000e+00 0.000000000000000000e+00 0.000000000000000000e+00
0.000000000000000000e+00 0.000000000000000000e+00 0.000000000000000000e+00 0.000000000000000000e+00 0.000000000000000000e+00
0.000000000000000000e+00 0.000000000000000000e+00 0.000000000000000000e+00 0.000000000000000000e+00 0.000000000000000000e+00
4.565467067831970754e-04 0.000000000000000000e+00 7.490622648040882623e-04 0.000000000000000000e+00 1.289128832422085534e-03
1.077208858248566471e-03 0.000000000000000000e+00 1.490684940927984982e-03 0.000000000000000000e+00 5.656228038369350355e-03
4.727875550064659059e-03 0.000000000000000000e+00 2.414865105315719667e-03 0.000000000000000000e+00 2.175270315504711921e-02
1.866710463362385858e-02 0.000000000000000000e+00 5.908861888123420787e-03 0.000000000000000000e+00 6.424834329752915352e-02
4.414942119301727003e-02 0.000000000000000000e+00 1.443007758277902938e-02 0.000000000000000000e+00 1.258075165727194633e-01
5.962880265201383340e-02 7.838821244407823130e-03 4.092244739988133012e-02 0.000000000000000000e+00 1.643931595513836719e-01
6.753677373805165585e-02 4.738330003319133482e-02 7.642878927629616348e-02 1.217769171100390249e-02 1.327257141920966943e-01
7.030256769509829473e-02 8.476903215379065493e-02 8.976722653546559405e-02 5.359111231809945974e-02 7.426403993191744990e-02
7.385293000802369001e-02 1.055036313245862750e-01 8.180309386625277124e-02 7.332381323602689405e-02 3.823968640768151545e-02
7.950783474334620349e-02 1.086475844249242678e-01 7.071437110120387670e-02 7.200835485558029769e-02 3.178748859833098461e-02
8.557751971116712986e-02 1.063243631827879704e-01 7.489678449401419857e-02 6.328457945092072490e-02 2.831700256000120597e-02
7.963879225416642393e-02 9.856053037007882212e-02 7.951141484383877911e-02 6.389658047265406315e-02 3.618532559241027791e-02
6.015896542493750360e-02 7.874275453291110227e-02 7.314574666208477349e-02 8.605977193133471093e-02 4.545024214216193681e-02
3.482441012956306869e-02 4.402542365097973642e-02 4.883305930613502516e-02 1.221881064614142448e-01 5.349029237327662667e-02
1.379771605547597431e-02 3.475477541499579371e-03 2.756029363418524905e-02 1.487153919679912728e-01 6.011393201583201812e-02
9.714043223827607820e-03 0.000000000000000000e+00 1.209456050624317831e-02 1.360028963735589735e-01 5.631338835633757645e-02
1.330462914988008068e-02 0.000000000000000000e+00 4.419090884744452698e-03 8.831270000235343087e-02 3.338913615087910763e-02
1.521724116950306897e-02 0.000000000000000000e+00 1.985560286410530638e-03 3.678634628811022073e-02 1.577057903065092956e-02
7.706681779328595529e-03 0.000000000000000000e+00 1.113042245500830236e-03 1.401356601035065423e-02 5.378739606672885108e-03
4.060729318165312574e-03 0.000000000000000000e+00 7.592640860671553017e-04 4.081073497632762420e-03 4.357091287420429581e-04
3.918003794005084969e-04 0.000000000000000000e+00 1.245681865166906326e-04 5.723780705050212150e-04 2.594206886448218916e-04
1.397591736004355080e-05 0.000000000000000000e+00 1.144342574990729607e-06 5.366794498120496031e-05 6.083895604349799912e-05
0.000000000000000000e+00 0.000000000000000000e+00 0.000000000000000000e+00 0.000000000000000000e+00 0.000000000000000000e+00
0.000000000000000000e+00 0.000000000000000000e+00 0.000000000000000000e+00 0.000000000000000000e+00 0.000000000000000000e+00
0.000000000000000000e+00 0.000000000000000000e+00 0.000000000000000000e+00 0.000000000000000000e+00 0.000000000000000000e+00
0.000000000000000000e+00 0.000000000000000000e+00 0.000000000000000000e+00 0.000000000000000000e+00 0.000000000000000000e+00
0.000000000000000000e+00 0.000000000000000000e+00 0.000000000000000000e+00 0.000000000000000000e+00 0.000000000000000000e+00
0.000000000000000000e+00 0.000000000000000000e+00 0.000000000000000000e+00 0.000000000000000000e+00 0.000000000000000000e+00
6.297198884219003300e-05 0.000000000000000000e+00 2.058668396489260141e-04 0.000000000000000000e+00 1.883304916590721053e-04
3.258471495394124140e-04 0.000000000000000000e+00 1.240523574058912271e-03 0.000000000000000000e+00 2.347137535912181393e-03
8.978307402019743274e-04 0.000000000000000000e+00 3.402243971720208312e-03 0.000000000000000000e+00 7.135255451708782427e-03
3.462177557602067694e-03 0.000000000000000000e+00 9.914587700094620176e-03 0.000000000000000000e+00 2.796393277540654490e-02
1.163971674621514484e-02 0.000000000000000000e+00 1.917355342227066231e-02 0.000000000000000000e+00 6.471414901978389533e-02
2.271117430120931854e-02 0.000000000000000000e+00 3.961352049253929336e-02 0.000000000000000000e+00 1.135350802067087578e-01
2.388245710709783684e-02 5.263380815768534983e-03 7.189760554651582203e-02 0.000000000000000000e+00 1.399464090202585109e-01
1.916371631131717421e-02 3.530578214945351290e-02 9.650350987908931644e-02 1.940706957177336031e-02 1.260527125853428965e-01
1.975550615330152679e-02 5.885680880653326036e-02 1.047210203467465878e-01 5.573012124476559026e-02 9.880673816212201532e-02
1.152817542277690538e-02 6.622406221019284944e-02 1.015344158709837741e-01 8.976944387463248187e-02 7.891150501370995662e-02
7.534850248974597070e-03 5.592278988052817174e-02 9.498685575867919784e-02 1.152659813572165376e-01 6.724514330484088198e-02
0.000000000000000000e+00 3.330540365298754329e-02 8.541589435305198263e-02 1.366150601910965656e-01 6.175213704102677781e-02
0.000000000000000000e+00 6.256159789940700378e-03 6.350023419872481700e-02 1.504889030464434951e-01 5.971243444686977903e-02
0.000000000000000000e+00 0.000000000000000000e+00 4.226879707247122031e-02 1.493444527892432150e-01 5.166984235111131418e-02
0.000000000000000000e+00 0.000000000000000000e+00 2.222725740127254671e-02 1.189247896893313311e-01 4.222327619779375069e-02
0.000000000000000000e+00 0.000000000000000000e+00 9.559556391534943659e-03 7.758784717859207314e-02 2.578740793784428664e-02
0.000000000000000000e+00 0.000000000000000000e+00 4.381180573360916181e-03 3.992691800247885614e-02 1.209615123388982187e-02
1.096376634819064538e-03 0.000000000000000000e+00 2.028120792518599801e-03 1.415612733226725810e-02 3.619428015098730481e-03
9.567548434179435398e-05 0.000000000000000000e+00 1.073865981010242027e-03 5.662105937667228327e-03 1.098034113009626678e-04
7.474728178017610455e-05 0.000000000000000000e+00 1.854279107293984696e-04 7.986507299390481485e-04 0.000000000000000000e+00
2.254914504656041728e-06 0.000000000000000000e+00 3.187510279769075945e-07 8.919415320165282369e-07 0.000000000000000000e+00
0.000000000000000000e+00 0.000000000000000000e+00 0.000000000000000000e+00 0.000000000000000000e+00 0.000000000000000000e+00
0.000000000000000000e+00 0.000000000000000000e+00 0.000000000000000000e+00 0.000000000000000000e+00 0.000000000000000000e+00
0.000000000000000000e+00 0.000000000000000000e+00 0.000000000000000000e+00 0.000000000000000000e+00 0.000000000000000000e+00
0.000000000000000000e+00 0.000000000000000000e+00 0.000000000000000000e+00 0.000000000000000000e+00 0.000000000000000000e+00
0.000000000000000000e+00 0.000000000000000000e+00 0.000000000000000000e+00 0.000000000000000000e+00 0.000000000000000000e+00
0.000000000000000000e+00 0.000000000000000000e+00 0.000000000000000000e+00 0.000000000000000000e+00 0.000000000000000000e+00
0.000000000000000000e+00 0.000000000000000000e+00 0.000000000000000000e+00 0.000000000000000000e+00 0.000000000000000000e+00
0.000000000000000000e+00 0.000000000000000000e+00 0.000000000000000000e+00 0.000000000000000000e+00 0.000000000000000000e+00
5.860551965167540810e-05 0.000000000000000000e+00 1.711226731193137387e-04 0.000000000000000000e+00 1.404325509107374797e-04
0.000000000000000000e+00 0.000000000000000000e+00 6.718974718267476699e-04 0.000000000000000000e+00 7.939707032645404233e-04
3.564376479914245998e-04 0.000000000000000000e+00 5.928940681584576704e-03 4.734469707236794783e-04 7.031320213584649724e-03
1.117415053741214461e-03 0.000000000000000000e+00 1.206857351653588782e-02 1.137750438981394076e-03 1.800725516802679713e-02
1.083918081137901206e-03 0.000000000000000000e+00 2.124459810965954529e-02 1.317129155611337834e-03 3.032761115727899276e-02
0.000000000000000000e+00 0.000000000000000000e+00 4.643619837170731568e-02 3.166115053046696104e-03 5.439185313782253506e-02
0.000000000000000000e+00 0.000000000000000000e+00 6.940742349849730874e-02 1.216946418593785155e-02 6.553224127026337220e-02
0.000000000000000000e+00 0.000000000000000000e+00 8.973007066998918424e-02 3.109413008308707302e-02 6.328570843830656767e-02
0.000000000000000000e+00 0.000000000000000000e+00 8.918409579450324587e-02 5.579309707155241660e-02 5.375926968737734790e-02
0.000000000000000000e+00 0.000000000000000000e+00 7.308623815242112909e-02 7.827731906385933247e-02 4.740300798033589974e-02
0.000000000000000000e+00 0.000000000000000000e+00 5.656017788131669638e-02 8.976909862812169905e-02 3.790359893362969801e-02
0.000000000000000000e+00 0.000000000000000000e+00 3.557114843341757648e-02 8.219141102300742130e-02 2.845155137143033294e-02
0.000000000000000000e+00 0.000000000000000000e+00 1.930027033283887236e-02 6.502070028091752607e-02 2.098816678746029396e-02
0.000000000000000000e+00 0.000000000000000000e+00 9.527419737633612690e-03 4.586958817747586320e-02 1.357080109753712113e-02
0.000000000000000000e+00 0.000000000000000000e+00 4.386954491431603945e-03 2.530022355733911599e-02 6.500287618154595645e-03
0.000000000000000000e+00 0.000000000000000000e+00 1.427589291272996766e-03 9.556861916017303504e-03 2.410295221625875870e-03
0.000000000000000000e+00 0.000000000000000000e+00 7.502301626263884349e-04 2.765373478689558268e-03 1.461577957961664783e-03
0.000000000000000000e+00 0.000000000000000000e+00 1.566633183584964669e-04 4.038215071215506529e-04 1.770234949678048094e-04
0.000000000000000000e+00 0.000000000000000000e+00 1.659149742759086517e-05 4.212389122248305667e-05 0.000000000000000000e+00
0.000000000000000000e+00 0.000000000000000000e+00 0.000000000000000000e+00 0.000000000000000000e+00 0.000000000000000000e+00
0.000000000000000000e+00 0.000000000000000000e+00 0.000000000000000000e+00 0.000000000000000000e+00 0.000000000000000000e+00
0.000000000000000000e+00 0.000000000000000000e+00 0.000000000000000000e+00 0.000000000000000000e+00 0.000000000000000000e+00
0.000000000000000000e+00 0.000000000000000000e+00 0.000000000000000000e+00 0.000000000000000000e+00 0.000000000000000000e+00
0.000000000000000000e+00 0.000000000000000000e+00 0.000000000000000000e+00 0.000000000000000000e+00 0.000000000000000000e+00
0.000000000000000000e+00 0.000000000000000000e+00 0.000000000000000000e+00 0.000000000000000000e+00 0.000000000000000000e+00
0.000000000000000000e+00 0.000000000000000000e+00 0.000000000000000000e+00 0.000000000000000000e+00 0.000000000000000000e+00
0.000000000000000000e+00 0.000000000000000000e+00 0.000000000000000000e+00 0.000000000000000000e+00 0.000000000000000000e+00
0.000000000000000000e+00 0.000000000000000000e+00 0.000000000000000000e+00 0.000000000000000000e+00 0.000000000000000000e+00
0.000000000000000000e+00 0.000000000000000000e+00 0.000000000000000000e+00 0.000000000000000000e+00 0.000000000000000000e+00
0.000000000000000000e+00 0.000000000000000000e+00 0.000000000000000000e+00 0.000000000000000000e+00 0.000000000000000000e+00
2.121205093429857726e-05 0.000000000000000000e+00 2.523012855480122872e-04 0.000000000000000000e+00 1.637044041529226118e-04
0.000000000000000000e+00 0.000000000000000000e+00 2.413841899514854866e-03 9.173808815896016152e-05 1.187191838100749592e-03
0.000000000000000000e+00 0.000000000000000000e+00 4.540345180575440336e-03 3.844500106252150026e-04 2.886612530436277139e-03
0.000000000000000000e+00 0.000000000000000000e+00 5.369873782823724948e-03 0.000000000000000000e+00 1.806152234242687851e-03
0.000000000000000000e+00 0.000000000000000000e+00 6.058877383408847912e-03 1.554249866879052217e-03 3.840779362668104210e-03
0.000000000000000000e+00 0.000000000000000000e+00 8.958718624081403806e-03 3.980724503464768728e-03 7.008148179583137058e-03
0.000000000000000000e+00 0.000000000000000000e+00 1.259790872001597707e-02 7.685629399164044945e-03 7.601145071384913729e-03
0.000000000000000000e+00 0.000000000000000000e+00 1.185423569501193285e-02 9.542227032785972202e-03 6.711790542703348871e-03
0.000000000000000000e+00 0.000000000000000000e+00 1.050783426724134946e-02 1.059613565666410288e-02 7.392159409585203136e-03
0.000000000000000000e+00 0.000000000000000000e+00 6.099045864537031361e-03 1.069277652505214692e-02 6.914131010673700214e-03
0.000000000000000000e+00 0.000000000000000000e+00 3.204331800429699017e-03 8.021996704020636915e-03 4.710020756139549070e-03
0.000000000000000000e+00 0.000000000000000000e+00 1.730707205555382776e-03 5.757375545119644208e-03 2.971755641444264861e-03
0.000000000000000000e+00 0.000000000000000000e+00 6.840100318251588060e-04 2.667900680616446842e-03 1.470915471821677804e-03
0.000000000000000000e+00 0.000000000000000000e+00 3.223708449664387148e-04 1.316442971313547088e-03 1.238396802014581598e-03
1.525822339348716372e-06 0.000000000000000000e+00 5.374185151944113262e-05 4.758096940817073623e-05 2.764943426430947911e-04
5.548444870359630154e-08 0.000000000000000000e+00 1.954249146161508899e-06 1.730217069388024893e-06 1.005433973247612839e-05
0.000000000000000000e+00 0.000000000000000000e+00 0.000000000000000000e+00 0.000000000000000000e+00 0.000000000000000000e+00
0.000000000000000000e+00 0.000000000000000000e+00 0.000000000000000000e+00 0.000000000000000000e+00 0.000000000000000000e+00
0.000000000000000000e+00 0.000000000000000000e+00 0.000000000000000000e+00 0.000000000000000000e+00 0.000000000000000000e+00
0.000000000000000000e+00 0.000000000000000000e+00 0.000000000000000000e+00 0.000000000000000000e+00 0.000000000000000000e+00
0.000000000000000000e+00 0.000000000000000000e+00 0.000000000000000000e+00 0.000000000000000000e+00 0.000000000000000000e+00
0.000000000000000000e+00 0.000000000000000000e+00 0.000000000000000000e+00 0.000000000000000000e+00 0.000000000000000000e+00
0.000000000000000000e+00 0.000000000000000000e+00 0.000000000000000000e+00 0.000000000000000000e+00 0.000000000000000000e+00
0.000000000000000000e+00 0.000000000000000000e+00 0.000000000000000000e+00 0.000000000000000000e+00 0.000000000000000000e+00
0.000000000000000000e+00 0.000000000000000000e+00 0.000000000000000000e+00 0.000000000000000000e+00 0.000000000000000000e+00
0.000000000000000000e+00 0.000000000000000000e+00 0.000000000000000000e+00 0.000000000000000000e+00 0.000000000000000000e+00
0.000000000000000000e+00 0.000000000000000000e+00 0.000000000000000000e+00 0.000000000000000000e+00 0.000000000000000000e+00
0.000000000000000000e+00 0.000000000000000000e+00 0.000000000000000000e+00 0.000000000000000000e+00 0.000000000000000000e+00
0.000000000000000000e+00 0.000000000000000000e+00 0.000000000000000000e+00 0.000000000000000000e+00 0.000000000000000000e+00
0.000000000000000000e+00 0.000000000000000000e+00 0.000000000000000000e+00 0.000000000000000000e+00 0.000000000000000000e+00
0.000000000000000000e+00 0.000000000000000000e+00 0.000000000000000000e+00 0.000000000000000000e+00 0.000000000000000000e+00
0.000000000000000000e+00 0.000000000000000000e+00 0.000000000000000000e+00 0.000000000000000000e+00 0.000000000000000000e+00
0.000000000000000000e+00 0.000000000000000000e+00 9.855225938664118176e-05 1.688706428111007090e-04 2.206758005575935617e-04
0.000000000000000000e+00 0.000000000000000000e+00 3.962342314710796910e-04 3.599929929062329866e-04 5.010367570664395458e-04
0.000000000000000000e+00 0.000000000000000000e+00 9.350487421429670449e-04 6.128445848413562004e-04 7.477635013402143815e-04
0.000000000000000000e+00 4.515287555113294527e-06 8.857550985840432784e-04 2.215282605209676703e-04 3.115106920179101834e-04
0.000000000000000000e+00 4.287675858603276952e-05 9.926595431611307755e-04 3.180936306073746194e-04 1.291147716666693089e-04
0.000000000000000000e+00 3.361041972761850721e-04 7.939058625899070775e-04 2.055474119202123926e-04 0.000000000000000000e+00
0.000000000000000000e+00 0.000000000000000000e+00 1.434957776502686908e-04 2.043158800657937570e-04 0.000000000000000000e+00
0.000000000000000000e+00 0.000000000000000000e+00 2.358834701100307761e-05 3.358617206560999012e-05 0.000000000000000000e+00
0.000000000000000000e+00 0.000000000000000000e+00 7.862782337001030954e-06 1.119539068853666281e-05 0.000000000000000000e+00
0.000000000000000000e+00 0.000000000000000000e+00 0.000000000000000000e+00 0.000000000000000000e+00 0.000000000000000000e+00
0.000000000000000000e+00 0.000000000000000000e+00 0.000000000000000000e+00 0.000000000000000000e+00 0.000000000000000000e+00
0.000000000000000000e+00 0.000000000000000000e+00 0.000000000000000000e+00 0.000000000000000000e+00 0.000000000000000000e+00
0.000000000000000000e+00 0.000000000000000000e+00 0.000000000000000000e+00 0.000000000000000000e+00 0.000000000000000000e+00
0.000000000000000000e+00 0.000000000000000000e+00 0.000000000000000000e+00 0.000000000000000000e+00 0.000000000000000000e+00
0.000000000000000000e+00 0.000000000000000000e+00 0.000000000000000000e+00 0.000000000000000000e+00 0.000000000000000000e+00
0.000000000000000000e+00 0.000000000000000000e+00 0.000000000000000000e+00 0.000000000000000000e+00 0.000000000000000000e+00
0.000000000000000000e+00 0.000000000000000000e+00 0.000000000000000000e+00 0.000000000000000000e+00 0.000000000000000000e+00
0.000000000000000000e+00 0.000000000000000000e+00 0.000000000000000000e+00 0.000000000000000000e+00 0.000000000000000000e+00
0.000000000000000000e+00 0.000000000000000000e+00 0.000000000000000000e+00 0.000000000000000000e+00 0.000000000000000000e+00
0.000000000000000000e+00 0.000000000000000000e+00 0.000000000000000000e+00 0.000000000000000000e+00 0.000000000000000000e+00
0.000000000000000000e+00 0.000000000000000000e+00 0.000000000000000000e+00 0.000000000000000000e+00 0.000000000000000000e+00
0.000000000000000000e+00 0.000000000000000000e+00 0.000000000000000000e+00 0.000000000000000000e+00 0.000000000000000000e+00
0.000000000000000000e+00 0.000000000000000000e+00 0.000000000000000000e+00 0.000000000000000000e+00 0.000000000000000000e+00
0.000000000000000000e+00 0.000000000000000000e+00 0.000000000000000000e+00 0.000000000000000000e+00 0.000000000000000000e+00
0.000000000000000000e+00 0.000000000000000000e+00 0.000000000000000000e+00 0.000000000000000000e+00 0.000000000000000000e+00
0.000000000000000000e+00 0.000000000000000000e+00 0.000000000000000000e+00 0.000000000000000000e+00 0.000000000000000000e+00
0.000000000000000000e+00 0.000000000000000000e+00 0.000000000000000000e+00 0.000000000000000000e+00 0.000000000000000000e+00
0.000000000000000000e+00 0.000000000000000000e+00 0.000000000000000000e+00 0.000000000000000000e+00 0.000000000000000000e+00
0.000000000000000000e+00 0.000000000000000000e+00 0.000000000000000000e+00 0.000000000000000000e+00 0.000000000000000000e+00
0.000000000000000000e+00 0.000000000000000000e+00 0.000000000000000000e+00 0.000000000000000000e+00 0.000000000000000000e+00
0.000000000000000000e+00 0.000000000000000000e+00 0.000000000000000000e+00 0.000000000000000000e+00 0.000000000000000000e+00
0.000000000000000000e+00 0.000000000000000000e+00 0.000000000000000000e+00 0.000000000000000000e+00 0.000000000000000000e+00
0.000000000000000000e+00 0.000000000000000000e+00 0.000000000000000000e+00 0.000000000000000000e+00 0.000000000000000000e+00
0.000000000000000000e+00 0.000000000000000000e+00 0.000000000000000000e+00 0.000000000000000000e+00 0.000000000000000000e+00
0.000000000000000000e+00 0.000000000000000000e+00 0.000000000000000000e+00 0.000000000000000000e+00 0.000000000000000000e+00
0.000000000000000000e+00 0.000000000000000000e+00 0.000000000000000000e+00 0.000000000000000000e+00 0.000000000000000000e+00
0.000000000000000000e+00 0.000000000000000000e+00 0.000000000000000000e+00 0.000000000000000000e+00 0.000000000000000000e+00
0.000000000000000000e+00 0.000000000000000000e+00 0.000000000000000000e+00 0.000000000000000000e+00 0.000000000000000000e+00
0.000000000000000000e+00 0.000000000000000000e+00 0.000000000000000000e+00 0.000000000000000000e+00 0.000000000000000000e+00
0.000000000000000000e+00 0.000000000000000000e+00 0.000000000000000000e+00 0.000000000000000000e+00 0.000000000000000000e+00
0.000000000000000000e+00 0.000000000000000000e+00 0.000000000000000000e+00 0.000000000000000000e+00 0.000000000000000000e+00
0.000000000000000000e+00 0.000000000000000000e+00 0.000000000000000000e+00 0.000000000000000000e+00 0.000000000000000000e+00
0.000000000000000000e+00 0.000000000000000000e+00 0.000000000000000000e+00 0.000000000000000000e+00 0.000000000000000000e+00
0.000000000000000000e+00 0.000000000000000000e+00 0.000000000000000000e+00 0.000000000000000000e+00 0.000000000000000000e+00
0.000000000000000000e+00 0.000000000000000000e+00 0.000000000000000000e+00 0.000000000000000000e+00 0.000000000000000000e+00
0.000000000000000000e+00 0.000000000000000000e+00 0.000000000000000000e+00 0.000000000000000000e+00 0.000000000000000000e+00
0.000000000000000000e+00 0.000000000000000000e+00 0.000000000000000000e+00 0.000000000000000000e+00 0.000000000000000000e+00
0.000000000000000000e+00 0.000000000000000000e+00 0.000000000000000000e+00 0.000000000000000000e+00 0.000000000000000000e+00
0.000000000000000000e+00 0.000000000000000000e+00 0.000000000000000000e+00 0.000000000000000000e+00 0.000000000000000000e+00
0.000000000000000000e+00 0.000000000000000000e+00 0.000000000000000000e+00 0.000000000000000000e+00 0.000000000000000000e+00
0.000000000000000000e+00 0.000000000000000000e+00 0.000000000000000000e+00 0.000000000000000000e+00 0.000000000000000000e+00
0.000000000000000000e+00 0.000000000000000000e+00 0.000000000000000000e+00 0.000000000000000000e+00 0.000000000000000000e+00
0.000000000000000000e+00 0.000000000000000000e+00 0.000000000000000000e+00 0.000000000000000000e+00 0.000000000000000000e+00
0.000000000000000000e+00 0.000000000000000000e+00 0.000000000000000000e+00 0.000000000000000000e+00 0.000000000000000000e+00
0.000000000000000000e+00 0.000000000000000000e+00 0.000000000000000000e+00 0.000000000000000000e+00 0.000000000000000000e+00
0.000000000000000000e+00 0.000000000000000000e+00 0.000000000000000000e+00 0.000000000000000000e+00 0.000000000000000000e+00
0.000000000000000000e+00 0.000000000000000000e+00 0.000000000000000000e+00 0.000000000000000000e+00 0.000000000000000000e+00
0.000000000000000000e+00 0.000000000000000000e+00 0.000000000000000000e+00 0.000000000000000000e+00 0.000000000000000000e+00
0.000000000000000000e+00 0.000000000000000000e+00 0.000000000000000000e+00 0.000000000000000000e+00 0.000000000000000000e+00
0.000000000000000000e+00 0.000000000000000000e+00 0.000000000000000000e+00 0.000000000000000000e+00 0.000000000000000000e+00
0.000000000000000000e+00 0.000000000000000000e+00 0.000000000000000000e+00 0.000000000000000000e+00 0.000000000000000000e+00
0.000000000000000000e+00 0.000000000000000000e+00 0.000000000000000000e+00 0.000000000000000000e+00 0.000000000000000000e+00
0.000000000000000000e+00 0.000000000000000000e+00 0.000000000000000000e+00 0.000000000000000000e+00 0.000000000000000000e+00
0.000000000000000000e+00 0.000000000000000000e+00 0.000000000000000000e+00 0.000000000000000000e+00 0.000000000000000000e+00
0.000000000000000000e+00 0.000000000000000000e+00 0.000000000000000000e+00 0.000000000000000000e+00 0.000000000000000000e+00
0.000000000000000000e+00 0.000000000000000000e+00 0.000000000000000000e+00 0.000000000000000000e+00 0.000000000000000000e+00
0.000000000000000000e+00 0.000000000000000000e+00 0.000000000000000000e+00 0.000000000000000000e+00 0.000000000000000000e+00
0.000000000000000000e+00 0.000000000000000000e+00 0.000000000000000000e+00 0.000000000000000000e+00 0.000000000000000000e+00
0.000000000000000000e+00 0.000000000000000000e+00 0.000000000000000000e+00 0.000000000000000000e+00 0.000000000000000000e+00
0.000000000000000000e+00 0.000000000000000000e+00 0.000000000000000000e+00 0.000000000000000000e+00 0.000000000000000000e+00
0.000000000000000000e+00 0.000000000000000000e+00 0.000000000000000000e+00 0.000000000000000000e+00 0.000000000000000000e+00
0.000000000000000000e+00 0.000000000000000000e+00 0.000000000000000000e+00 0.000000000000000000e+00 0.000000000000000000e+00
0.000000000000000000e+00 0.000000000000000000e+00 0.000000000000000000e+00 0.000000000000000000e+00 0.000000000000000000e+00
0.000000000000000000e+00 0.000000000000000000e+00 0.000000000000000000e+00 0.000000000000000000e+00 0.000000000000000000e+00
0.000000000000000000e+00 0.000000000000000000e+00 0.000000000000000000e+00 0.000000000000000000e+00 0.000000000000000000e+00
0.000000000000000000e+00 0.000000000000000000e+00 0.000000000000000000e+00 0.000000000000000000e+00 0.000000000000000000e+00
0.000000000000000000e+00 0.000000000000000000e+00 0.000000000000000000e+00 0.000000000000000000e+00 0.000000000000000000e+00
0.000000000000000000e+00 0.000000000000000000e+00 0.000000000000000000e+00 0.000000000000000000e+00 0.000000000000000000e+00
0.000000000000000000e+00 0.000000000000000000e+00 0.000000000000000000e+00 0.000000000000000000e+00 0.000000000000000000e+00
0.000000000000000000e+00 0.000000000000000000e+00 0.000000000000000000e+00 0.000000000000000000e+00 0.000000000000000000e+00
0.000000000000000000e+00 0.000000000000000000e+00 0.000000000000000000e+00 0.000000000000000000e+00 0.000000000000000000e+00
0.000000000000000000e+00 0.000000000000000000e+00 0.000000000000000000e+00 0.000000000000000000e+00 0.000000000000000000e+00
0.000000000000000000e+00 0.000000000000000000e+00 0.000000000000000000e+00 0.000000000000000000e+00 0.000000000000000000e+00
0.000000000000000000e+00 0.000000000000000000e+00 0.000000000000000000e+00 0.000000000000000000e+00 0.000000000000000000e+00
0.000000000000000000e+00 0.000000000000000000e+00 0.000000000000000000e+00 0.000000000000000000e+00 0.000000000000000000e+00
0.000000000000000000e+00 0.000000000000000000e+00 0.000000000000000000e+00 0.000000000000000000e+00 0.000000000000000000e+00
0.000000000000000000e+00 0.000000000000000000e+00 0.000000000000000000e+00 0.000000000000000000e+00 0.000000000000000000e+00
0.000000000000000000e+00 0.000000000000000000e+00 0.000000000000000000e+00 0.000000000000000000e+00 0.000000000000000000e+00
0.000000000000000000e+00 0.000000000000000000e+00 0.000000000000000000e+00 0.000000000000000000e+00 0.000000000000000000e+00
0.000000000000000000e+00 0.000000000000000000e+00 0.000000000000000000e+00 0.000000000000000000e+00 0.000000000000000000e+00
0.000000000000000000e+00 0.000000000000000000e+00 0.000000000000000000e+00 0.000000000000000000e+00 0.000000000000000000e+00
0.000000000000000000e+00 0.000000000000000000e+00 0.000000000000000000e+00 0.000000000000000000e+00 0.000000000000000000e+00
0.000000000000000000e+00 0.000000000000000000e+00 0.000000000000000000e+00 0.000000000000000000e+00 0.000000000000000000e+00
0.000000000000000000e+00 0.000000000000000000e+00 0.000000000000000000e+00 0.000000000000000000e+00 0.000000000000000000e+00
0.000000000000000000e+00 0.000000000000000000e+00 0.000000000000000000e+00 0.000000000000000000e+00 0.000000000000000000e+00
0.000000000000000000e+00 0.000000000000000000e+00 0.000000000000000000e+00 0.000000000000000000e+00 0.000000000000000000e+00
0.000000000000000000e+00 0.000000000000000000e+00 0.000000000000000000e+00 0.000000000000000000e+00 0.000000000000000000e+00
0.000000000000000000e+00 0.000000000000000000e+00 0.000000000000000000e+00 0.000000000000000000e+00 0.000000000000000000e+00
0.000000000000000000e+00 0.000000000000000000e+00 0.000000000000000000e+00 0.000000000000000000e+00 0.000000000000000000e+00
0.000000000000000000e+00 0.000000000000000000e+00 0.000000000000000000e+00 0.000000000000000000e+00 0.000000000000000000e+00
0.000000000000000000e+00 0.000000000000000000e+00 0.000000000000000000e+00 0.000000000000000000e+00 0.000000000000000000e+00
