24.097516298294067
0.000000000000000000e+00 0.000000000000000000e+00 0.000000000000000000e+00 0.000000000000000000e+00 0.000000000000000000e+00
0.000000000000000000e+00 0.000000000000000000e+00 0.000000000000000000e+00 0.000000000000000000e+00 0.000000000000000000e+00
0.000000000000000000e+00 0.000000000000000000e+00 0.000000000000000000e+00 0.000000000000000000e+00 0.000000000000000000e+00
0.000000000000000000e+00 0.000000000000000000e+00 0.000000000000000000e+00 0.000000000000000000e+00 0.000000000000000000e+00
0.000000000000000000e+00 0.000000000000000000e+00 0.000000000000000000e+00 0.000000000000000000e+00 0.000000000000000000e+00
0.000000000000000000e+00 0.000000000000000000e+00 0.000000000000000000e+00 0.000000000000000000e+00 0.000000000000000000e+00
0.000000000000000000e+00 0.000000000000000000e+00 0.000000000000000000e+00 0.000000000000000000e+00 0.000000000000000000e+00
0.000000000000000000e+00 0.000000000000000000e+00 0.000000000000000000e+00 0.000000000000000000e+00 0.000000000000000000e+00
0.000000000000000000e+00 0.000000000000000000e+00 0.000000000000000000e+00 0.000000000000000000e+00 0.000000000000000000e+00
0.000000000000000000e+00 0.000000000000000000e+00 0.000000000000000000e+00 0.000000000000000000e+00 0.000000000000000000e+00
0.000000000000000000e+00 0.000000000000000000e+00 0.000000000000000000e+00 0.000000000000000000e+00 0.000000000000000000e+00
0.000000000000000000e+00 0.000000000000000000e+00 0.000000000000000000e+00 0.000000000000000000e+00 0.000000000000000000e+00
0.000000000000000000e+00 0.000000000000000000e+00 0.000000000000000000e+00 0.000000000000000000e+00 0.000000000000000000e+00
0.000000000000000000e+00 0.000000000000000000e+00 0.000000000000000000e+00 0.000000000000000000e+00 0.000000000000000000e+00
0.000000000000000000e+00 0.000000000000000000e+00 0.000000000000000000e+00 0.000000000000000000e+00 0.000000000000000000e+00
0.000000000000000000e+00 0.000000000000000000e+00 0.000000000000000000e+00 0.000000000000000000e+00 0.000000000000000000e+00
0.000000000000000000e+00 0.000000000000000000e+00 0.000000000000000000e+00 0.000000000000000000e+00 0.000000000000000000e+00
0.000000000000000000e+00 0.000000000000000000e+00 0.000000000000000000e+00 0.000000000000000000e+00 0.000000000000000000e+00
0.000000000000000000e+00 0.000000000000000000e+00 0.000000000000000000e+00 0.000000000000000000e+00 0.000000000000000000e+00
0.000000000000000000e+00 0.000000000000000000e+00 0.000000000000000000e+00 0.000000000000000000e+00 0.000000000000000000e+00
0.000000000000000000e+00 0.000000000000000000e+00 0.000000000000000000e+00 0.000000000000000000e+00 0.000000000000000000e+00
0.000000000000000000e+00 0.000000000000000000e+00 0.000000000000000000e+00 0.000000000000000000e+00 0.000000000000000000e+00
0.000000000000000000e+00 0.000000000000000000e+00 0.000000000000000000e+00 0.000000000000000000e+00 0.000000000000000000e+00
0.000000000000000000e+00 0.000000000000000000e+00 0.000000000000000000e+00 0.000000000000000000e+00 0.000000000000000000e+00
0.000000000000000000e+00 0.000000000000000000e+00 0.000000000000000000e+00 0.000000000000000000e+00 0.000000000000000000e+00
0.000000000000000000e+00 0.000000000000000000e+00 0.000000000000000000e+00 0.000000000000000000e+00 0.000000000000000000e+00
0.000000000000000000e+00 0.000000000000000000e+00 0.000000000000000000e+00 0.000000000000000000e+00 0.000000000000000000e+00
0.000000000000000000e+00 0.000000000000000000e+00 0.000000000000000000e+00 0.000000000000000000e+00 0.000000000000000000e+00
0.000000000000000000e+00 0.000000000000000000e+00 0.000000000000000000e+00 0.000000000000000000e+00 0.000000000000000000e+00
0.000000000000000000e+00 0.000000000000000000e+00 0.000000000000000000e+00 0.000000000000000000e+00 0.000000000000000000e+00
0.000000000000000000e+00 0.000000000000000000e+00 0.000000000000000000e+00 0.000000000000000000e+00 0.000000000000000000e+00
0.000000000000000000e+00 0.000000000000000000e+00 0.000000000000000000e+00 0.000000000000000000e+00 0.000000000000000000e+00
0.000000000000000000e+00 0.000000000000000000e+00 0.000000000000000000e+00 0.000000000000000000e+00 0.000000000000000000e+00
0.000000000000000000e+00 0.000000000000000000e+00 0.000000000000000000e+00 0.000000000000000000e+00 0.000000000000000000e+00
0.000000000000000000e+00 0.000000000000000000e+00 0.000000000000000000e+00 0.000000000000000000e+00 0.000000000000000000e+00
0.000000000000000000e+00 0.000000000000000000e+00 0.000000000000000000e+00 0.000000000000000000e+00 0.000000000000000000e+00
0.000000000000000000e+00 0.000000000000000000e+00 0.000000000000000000e+00 0.000000000000000000e+00 0.000000000000000000e+00
0.000000000000000000e+00 0.000000000000000000e+00 0.000000000000000000e+00 0.000000000000000000e+00 0.000000000000000000e+00
5.985566476365201840e-05 0.000000000000000000e+00 0.000000000000000000e+00 2.433766000911960904e-04 5.467192981927005476e-04
3.711051215346429098e-04 0.000000000000000000e+00 0.000000000000000000e+00 1.508934920565415966e-03 3.389659648794745520e-03
0.000000000000000000e+00 0.000000000000000000e+00 0.000000000000000000e+00 0.000000000000000000e+00 0.000000000000000000e+00
0.000000000000000000e+00 0.000000000000000000e+00 1.136001342787349485e-03 6.573539644336543961e-03 0.000000000000000000e+00
0.000000000000000000e+00 1.549804195154472935e-04 2.633101862457961490e-03 1.743791078184844454e-02 0.000000000000000000e+00
0.000000000000000000e+00 3.290672661105724112e-03 2.363070401041785385e-03 1.858350603381631050e-02 0.000000000000000000e+00
0.000000000000000000e+00 3.293969183479809361e-03 3.528558433937796935e-03 2.219539363629328618e-02 0.000000000000000000e+00
1.066982834612945118e-03 0.000000000000000000e+00 0.000000000000000000e+00 1.400179565061172339e-02 5.595328912293241926e-03
1.208576423782395078e-03 0.000000000000000000e+00 0.000000000000000000e+00 5.513717498796618169e-03 4.495360048736836076e-03
1.801662094282721269e-03 0.000000000000000000e+00 5.620883335833735950e-03 3.437712357926332881e-04 0.000000000000000000e+00
2.078107600812876057e-03 0.000000000000000000e+00 6.483346916464306428e-03 3.965192031893864481e-04 0.000000000000000000e+00
1.239238477548962704e-04 0.000000000000000000e+00 3.866216051102569018e-04 2.364564055716527802e-05 0.000000000000000000e+00
0.000000000000000000e+00 0.000000000000000000e+00 0.000000000000000000e+00 0.000000000000000000e+00 0.000000000000000000e+00
0.000000000000000000e+00 0.000000000000000000e+00 0.000000000000000000e+00 0.000000000000000000e+00 0.000000000000000000e+00
0.000000000000000000e+00 0.000000000000000000e+00 0.000000000000000000e+00 0.000000000000000000e+00 0.000000000000000000e+00
0.000000000000000000e+00 0.000000000000000000e+00 0.000000000000000000e+00 0.000000000000000000e+00 0.000000000000000000e+00
0.000000000000000000e+00 0.000000000000000000e+00 0.000000000000000000e+00 0.000000000000000000e+00 0.000000000000000000e+00
0.000000000000000000e+00 0.000000000000000000e+00 0.000000000000000000e+00 0.000000000000000000e+00 0.000000000000000000e+00
0.000000000000000000e+00 0.000000000000000000e+00 0.000000000000000000e+00 0.000000000000000000e+00 0.000000000000000000e+00
0.000000000000000000e+00 0.000000000000000000e+00 0.000000000000000000e+00 0.000000000000000000e+00 0.000000000000000000e+00
0.000000000000000000e+00 0.000000000000000000e+00 0.000000000000000000e+00 0.000000000000000000e+00 0.000000000000000000e+00
0.000000000000000000e+00 0.000000000000000000e+00 0.000000000000000000e+00 0.000000000000000000e+00 0.000000000000000000e+00
0.000000000000000000e+00 0.000000000000000000e+00 0.000000000000000000e+00 0.000000000000000000e+00 0.000000000000000000e+00
0.000000000000000000e+00 0.000000000000000000e+00 0.000000000000000000e+00 0.000000000000000000e+00 0.000000000000000000e+00
0.000000000000000000e+00 0.000000000000000000e+00 0.000000000000000000e+00 0.000000000000000000e+00 0.000000000000000000e+00
0.000000000000000000e+00 0.000000000000000000e+00 0.000000000000000000e+00 0.000000000000000000e+00 0.000000000000000000e+00
0.000000000000000000e+00 0.000000000000000000e+00 0.000000000000000000e+00 0.000000000000000000e+00 0.000000000000000000e+00
0.000000000000000000e+00 0.000000000000000000e+00 0.000000000000000000e+00 0.000000000000000000e+00 0.000000000000000000e+00
6.148001424777700154e-04 0.000000000000000000e+00 0.000000000000000000e+00 4.622555740936722113e-03 6.498098451006031895e-03
4.484921785067220654e-03 0.000000000000000000e+00 0.000000000000000000e+00 1.520195902391941953e-02 2.262394792109190256e-02
4.126054843834992859e-03 0.000000000000000000e+00 0.000000000000000000e+00 8.776513777137352409e-03 1.460477215670888049e-02
3.271779924263391783e-03 0.000000000000000000e+00 0.000000000000000000e+00 1.321108247390096781e-02 1.508695255431141084e-03
0.000000000000000000e+00 4.991984142967309523e-03 0.000000000000000000e+00 3.503168314538769590e-02 0.000000000000000000e+00
0.000000000000000000e+00 1.880319178844986824e-02 0.000000000000000000e+00 4.921068318215519877e-02 0.000000000000000000e+00
0.000000000000000000e+00 4.783772973928231836e-02 0.000000000000000000e+00 4.975189056296576429e-02 0.000000000000000000e+00
0.000000000000000000e+00 6.065173377149515183e-02 2.617357319078444499e-03 2.045270437988802939e-02 0.000000000000000000e+00
0.000000000000000000e+00 4.917685461950674353e-02 2.451607518497893323e-02 3.260313308150415701e-03 0.000000000000000000e+00
0.000000000000000000e+00 3.189784106750147979e-02 4.453007890462457041e-02 0.000000000000000000e+00 0.000000000000000000e+00
0.000000000000000000e+00 1.087445794759075816e-02 3.607547875039374824e-02 6.480025693612377971e-03 0.000000000000000000e+00
0.000000000000000000e+00 0.000000000000000000e+00 2.810408997648698379e-02 3.861997960755316709e-03 0.000000000000000000e+00
3.163093554236673984e-03 0.000000000000000000e+00 1.486412043660624918e-02 1.892732229348672050e-03 0.000000000000000000e+00
8.249793545561073371e-04 0.000000000000000000e+00 1.336216877574385436e-03 1.314387602432399136e-04 0.000000000000000000e+00
0.000000000000000000e+00 0.000000000000000000e+00 0.000000000000000000e+00 0.000000000000000000e+00 0.000000000000000000e+00
0.000000000000000000e+00 0.000000000000000000e+00 0.000000000000000000e+00 0.000000000000000000e+00 0.000000000000000000e+00
0.000000000000000000e+00 0.000000000000000000e+00 0.000000000000000000e+00 0.000000000000000000e+00 0.000000000000000000e+00
0.000000000000000000e+00 0.000000000000000000e+00 0.000000000000000000e+00 0.000000000000000000e+00 0.000000000000000000e+00
0.000000000000000000e+00 0.000000000000000000e+00 0.000000000000000000e+00 0.000000000000000000e+00 0.000000000000000000e+00
0.000000000000000000e+00 0.000000000000000000e+00 0.000000000000000000e+00 0.000000000000000000e+00 0.000000000000000000e+00
0.000000000000000000e+00 0.000000000000000000e+00 0.000000000000000000e+00 0.000000000000000000e+00 0.000000000000000000e+00
0.000000000000000000e+00 0.000000000000000000e+00 0.000000000000000000e+00 0.000000000000000000e+00 0.000000000000000000e+00
0.000000000000000000e+00 0.000000000000000000e+00 0.000000000000000000e+00 0.000000000000000000e+00 0.000000000000000000e+00
0.000000000000000000e+00 0.000000000000000000e+00 0.000000000000000000e+00 0.000000000000000000e+00 0.000000000000000000e+00
0.000000000000000000e+00 0.000000000000000000e+00 0.000000000000000000e+00 0.000000000000000000e+00 0.000000000000000000e+00
0.000000000000000000e+00 0.000000000000000000e+00 1.269660218884754923e-04 6.097580322420757207e-04 3.532851350617926449e-04
0.000000000000000000e+00 0.000000000000000000e+00 4.979059681901004264e-06 2.391207969576764549e-05 1.385431902203107873e-05
2.179967614397412335e-04 0.000000000000000000e+00 0.000000000000000000e+00 9.503896838863057643e-05 2.551318021528345198e-04
8.663887096370153501e-03 0.000000000000000000e+00 0.000000000000000000e+00 9.253243108641381887e-03 1.911932969007134817e-02
1.185155626207461468e-02 0.000000000000000000e+00 0.000000000000000000e+00 2.508027963269800209e-02 2.569576344141495661e-02
1.901534811863803826e-02 0.000000000000000000e+00 0.000000000000000000e+00 3.650541155966705725e-02 2.298994647478525347e-02
1.202943479304176277e-02 0.000000000000000000e+00 0.000000000000000000e+00 4.250735538346489539e-02 2.146779459357705047e-02
1.757650442072504135e-02 1.381691222502008827e-02 0.000000000000000000e+00 5.500553215526467893e-02 1.460165179898288181e-02
3.741985449001245662e-03 5.346779066500888244e-02 0.000000000000000000e+00 6.547441204080435562e-02 7.550455485466656645e-03
0.000000000000000000e+00 9.126819621926243742e-02 0.000000000000000000e+00 5.962045814508121905e-02 0.000000000000000000e+00
0.000000000000000000e+00 8.889930126056615201e-02 1.533397867449695813e-02 1.028926137898846481e-02 0.000000000000000000e+00
0.000000000000000000e+00 5.675105464765544533e-02 7.455163757475041786e-02 0.000000000000000000e+00 0.000000000000000000e+00
0.000000000000000000e+00 2.520988377537666802e-02 1.079956885491489826e-01 0.000000000000000000e+00 0.000000000000000000e+00
1.207862890137859774e-03 1.046367741688437316e-03 8.450324314333776399e-02 1.810263031245738525e-03 0.000000000000000000e+00
0.000000000000000000e+00 0.000000000000000000e+00 5.466220922182476322e-02 4.293395969619449165e-03 0.000000000000000000e+00
1.692548212717802890e-03 0.000000000000000000e+00 1.976574177114366615e-02 2.079228758557823131e-03 0.000000000000000000e+00
6.635703504038253583e-04 0.000000000000000000e+00 1.074783140657658209e-03 1.057224810652143178e-04 0.000000000000000000e+00
0.000000000000000000e+00 0.000000000000000000e+00 0.000000000000000000e+00 0.000000000000000000e+00 0.000000000000000000e+00
0.000000000000000000e+00 0.000000000000000000e+00 0.000000000000000000e+00 0.000000000000000000e+00 0.000000000000000000e+00
0.000000000000000000e+00 0.000000000000000000e+00 0.000000000000000000e+00 0.000000000000000000e+00 0.000000000000000000e+00
0.000000000000000000e+00 0.000000000000000000e+00 0.000000000000000000e+00 0.000000000000000000e+00 0.000000000000000000e+00
0.000000000000000000e+00 0.000000000000000000e+00 0.000000000000000000e+00 0.000000000000000000e+00 0.000000000000000000e+00
0.000000000000000000e+00 0.000000000000000000e+00 0.000000000000000000e+00 0.000000000000000000e+00 0.000000000000000000e+00
0.000000000000000000e+00 0.000000000000000000e+00 0.000000000000000000e+00 0.000000000000000000e+00 0.000000000000000000e+00
0.000000000000000000e+00 0.000000000000000000e+00 0.000000000000000000e+00 0.000000000000000000e+00 0.000000000000000000e+00
0.000000000000000000e+00 0.000000000000000000e+00 0.000000000000000000e+00 0.000000000000000000e+00 0.000000000000000000e+00
0.000000000000000000e+00 0.000000000000000000e+00 0.000000000000000000e+00 0.000000000000000000e+00 0.000000000000000000e+00
0.000000000000000000e+00 0.000000000000000000e+00 1.543508501389312415e-04 7.412744705687971357e-04 4.294838896829631866e-04
0.000000000000000000e+00 0.000000000000000000e+00 4.456258415301401175e-04 2.140131132771207634e-03 1.239961552471781142e-03
0.000000000000000000e+00 0.000000000000000000e+00 2.489529840950502132e-06 1.195603984788382275e-05 6.927159511015539367e-06
3.011508410701536562e-03 0.000000000000000000e+00 0.000000000000000000e+00 2.434825920331761158e-03 3.026526529917277029e-03
1.623761184763486409e-02 0.000000000000000000e+00 0.000000000000000000e+00 2.393764867706318217e-02 2.195023971849849320e-02
1.973151391250240957e-02 0.000000000000000000e+00 0.000000000000000000e+00 3.904490517823837326e-02 2.767723716423054967e-02
1.901665233574013208e-02 0.000000000000000000e+00 0.000000000000000000e+00 6.565373290899258196e-02 3.336796026876744786e-02
1.792276985983516646e-02 7.322423904323837164e-04 0.000000000000000000e+00 8.615222481906320562e-02 3.536356377621709124e-02
4.416284350835690542e-02 4.581026892958426494e-02 0.000000000000000000e+00 7.130787014065195772e-02 1.335594780542967604e-02
4.619307639391847381e-02 9.256590279961539325e-02 0.000000000000000000e+00 4.521935401030536400e-02 1.309608275327612398e-02
2.693885767496511166e-02 1.145107809175675284e-01 0.000000000000000000e+00 2.311067645074988200e-02 0.000000000000000000e+00
2.524446148774914592e-02 8.220725129975267609e-02 7.528439958181690206e-02 0.000000000000000000e+00 0.000000000000000000e+00
2.759984757822804904e-02 3.507306423406271467e-02 1.283763683341143103e-01 1.222340481025924750e-03 0.000000000000000000e+00
2.430925795152441213e-02 0.000000000000000000e+00 1.304388293257099096e-01 0.000000000000000000e+00 0.000000000000000000e+00
2.122957791283528600e-02 0.000000000000000000e+00 8.327002089523007078e-02 0.000000000000000000e+00 0.000000000000000000e+00
0.000000000000000000e+00 0.000000000000000000e+00 3.454987940418316472e-02 1.673134498047900180e-03 0.000000000000000000e+00
3.484401742970677637e-04 0.000000000000000000e+00 4.390353826287141624e-03 2.100090490649798500e-04 0.000000000000000000e+00
0.000000000000000000e+00 0.000000000000000000e+00 0.000000000000000000e+00 0.000000000000000000e+00 0.000000000000000000e+00
0.000000000000000000e+00 0.000000000000000000e+00 0.000000000000000000e+00 0.000000000000000000e+00 0.000000000000000000e+00
0.000000000000000000e+00 0.000000000000000000e+00 0.000000000000000000e+00 0.000000000000000000e+00 0.000000000000000000e+00
0.000000000000000000e+00 0.000000000000000000e+00 0.000000000000000000e+00 0.000000000000000000e+00 0.000000000000000000e+00
0.000000000000000000e+00 0.000000000000000000e+00 0.000000000000000000e+00 0.000000000000000000e+00 0.000000000000000000e+00
0.000000000000000000e+00 0.000000000000000000e+00 0.000000000000000000e+00 0.000000000000000000e+00 0.000000000000000000e+00
0.000000000000000000e+00 0.000000000000000000e+00 0.000000000000000000e+00 0.000000000000000000e+00 0.000000000000000000e+00
0.000000000000000000e+00 0.000000000000000000e+00 0.000000000000000000e+00 0.000000000000000000e+00 0.000000000000000000e+00
0.000000000000000000e+00 0.000000000000000000e+00 0.000000000000000000e+00 0.000000000000000000e+00 0.000000000000000000e+00
0.000000000000000000e+00 0.000000000000000000e+00 0.000000000000000000e+00 0.000000000000000000e+00 0.000000000000000000e+00
0.000000000000000000e+00 0.000000000000000000e+00 0.000000000000000000e+00 0.000000000000000000e+00 0.000000000000000000e+00
0.000000000000000000e+00 0.000000000000000000e+00 4.331781923253868907e-04 2.080350933531785202e-03 1.205325754916702213e-03
0.000000000000000000e+00 0.000000000000000000e+00 3.286179390054664966e-04 1.578197259920666303e-03 9.143850554540509457e-04
4.359935228794824670e-04 0.000000000000000000e+00 0.000000000000000000e+00 1.900779367772611529e-04 5.102636043056690395e-04
7.188205393517122996e-03 0.000000000000000000e+00 0.000000000000000000e+00 8.766702409169904037e-03 9.683165102311241598e-03
2.278751403387088703e-02 0.000000000000000000e+00 0.000000000000000000e+00 4.271154830140396624e-02 3.213170507459631869e-02
2.288609201761985026e-02 0.000000000000000000e+00 0.000000000000000000e+00 7.109602516631262359e-02 3.957696181524480300e-02
3.223094743574871773e-02 0.000000000000000000e+00 0.000000000000000000e+00 1.051584798752983746e-01 2.942732232282078281e-02
5.060326400466203661e-02 2.874953709205987917e-02 0.000000000000000000e+00 9.713814226341399571e-02 2.094688857701601167e-02
5.161561882983561889e-02 8.848882101529124966e-02 0.000000000000000000e+00 5.526724410176526991e-02 3.746681421815940220e-03
4.451781026761299914e-02 1.182787157294315078e-01 0.000000000000000000e+00 1.267164874823690536e-02 7.063545881788472168e-03
1.940257064969816425e-02 9.989448615870193116e-02 7.042958796193750370e-02 0.000000000000000000e+00 0.000000000000000000e+00
5.515271629584705959e-02 4.697999299845304066e-02 1.233454071091899390e-01 0.000000000000000000e+00 0.000000000000000000e+00
6.406274874963754917e-02 2.056230211030723749e-03 1.408938577603967290e-01 4.415742853073675346e-03 0.000000000000000000e+00
4.740648833080186864e-02 0.000000000000000000e+00 9.829554468667724143e-02 0.000000000000000000e+00 4.140044071775082248e-03
1.581294406234222405e-02 0.000000000000000000e+00 4.058014246654185336e-02 0.000000000000000000e+00 1.519675052056298874e-02
3.351611395343133556e-04 0.000000000000000000e+00 3.695036678185158706e-03 0.000000000000000000e+00 9.011219839210542855e-04
0.000000000000000000e+00 0.000000000000000000e+00 4.489821680455434688e-05 0.000000000000000000e+00 1.553565293383440328e-05
0.000000000000000000e+00 0.000000000000000000e+00 0.000000000000000000e+00 0.000000000000000000e+00 0.000000000000000000e+00
0.000000000000000000e+00 0.000000000000000000e+00 0.000000000000000000e+00 0.000000000000000000e+00 0.000000000000000000e+00
0.000000000000000000e+00 0.000000000000000000e+00 0.000000000000000000e+00 0.000000000000000000e+00 0.000000000000000000e+00
0.000000000000000000e+00 0.000000000000000000e+00 0.000000000000000000e+00 0.000000000000000000e+00 0.000000000000000000e+00
0.000000000000000000e+00 0.000000000000000000e+00 0.000000000000000000e+00 0.000000000000000000e+00 0.000000000000000000e+00
0.000000000000000000e+00 0.000000000000000000e+00 0.000000000000000000e+00 0.000000000000000000e+00 0.000000000000000000e+00
0.000000000000000000e+00 0.000000000000000000e+00 0.000000000000000000e+00 0.000000000000000000e+00 0.000000000000000000e+00
0.000000000000000000e+00 0.000000000000000000e+00 0.000000000000000000e+00 0.000000000000000000e+00 0.000000000000000000e+00
0.000000000000000000e+00 0.000000000000000000e+00 0.000000000000000000e+00 0.000000000000000000e+00 0.000000000000000000e+00
0.000000000000000000e+00 0.000000000000000000e+00 0.000000000000000000e+00 0.000000000000000000e+00 0.000000000000000000e+00
0.000000000000000000e+00 0.000000000000000000e+00 9.958119363802008528e-06 4.782415939153529099e-05 2.770863804406215747e-05
0.000000000000000000e+00 0.000000000000000000e+00 0.000000000000000000e+00 1.375037909224238394e-03 4.953540969808231317e-03
0.000000000000000000e+00 0.000000000000000000e+00 1.219869622065745702e-04 5.858459525463071164e-04 3.394308160397616916e-04
1.815905765502717675e-03 0.000000000000000000e+00 0.000000000000000000e+00 3.365361281672195858e-03 3.925345414547567503e-03
1.382370130711984765e-02 0.000000000000000000e+00 0.000000000000000000e+00 3.207925778510158088e-02 1.921324567768074518e-02
2.775279360189318242e-02 0.000000000000000000e+00 0.000000000000000000e+00 5.787681600956939149e-02 4.343615788645067283e-02
3.964493877111485709e-02 0.000000000000000000e+00 0.000000000000000000e+00 1.097240622453504455e-01 3.348672747646790765e-02
5.144241331325074412e-02 1.106657551928940005e-02 0.000000000000000000e+00 1.018673735561676091e-01 2.821207488285027223e-02
4.621822577899961648e-02 7.975394940165186908e-02 0.000000000000000000e+00 6.921710087729578131e-02 6.401567587225181772e-05
4.956317643324802819e-02 1.214402545841202219e-01 0.000000000000000000e+00 2.881621464505920716e-03 1.337898574873578293e-02
2.041985784561435591e-02 1.131561539687120227e-01 5.338551416473672623e-02 0.000000000000000000e+00 1.623833498892046298e-02
2.248568223572687194e-02 5.332588041200719137e-02 1.214073592549270719e-01 0.000000000000000000e+00 0.000000000000000000e+00
4.159087873575106897e-02 3.517968783674796287e-03 1.448986703479642757e-01 7.416594753793081217e-03 0.000000000000000000e+00
5.118032329848080236e-02 0.000000000000000000e+00 1.042769292771630607e-01 4.333158854270749774e-03 0.000000000000000000e+00
3.322140453512967967e-02 0.000000000000000000e+00 3.433568060604865607e-02 0.000000000000000000e+00 0.000000000000000000e+00
1.369072767840479564e-02 0.000000000000000000e+00 4.672210338474403445e-03 0.000000000000000000e+00 3.724605436324190510e-03
3.203709102967605693e-03 0.000000000000000000e+00 0.000000000000000000e+00 7.095140497663969060e-04 0.000000000000000000e+00
0.000000000000000000e+00 0.000000000000000000e+00 0.000000000000000000e+00 0.000000000000000000e+00 0.000000000000000000e+00
0.000000000000000000e+00 0.000000000000000000e+00 0.000000000000000000e+00 0.000000000000000000e+00 0.000000000000000000e+00
0.000000000000000000e+00 0.000000000000000000e+00 0.000000000000000000e+00 0.000000000000000000e+00 0.000000000000000000e+00
0.000000000000000000e+00 0.000000000000000000e+00 0.000000000000000000e+00 0.000000000000000000e+00 0.000000000000000000e+00
0.000000000000000000e+00 0.000000000000000000e+00 0.000000000000000000e+00 0.000000000000000000e+00 0.000000000000000000e+00
0.000000000000000000e+00 0.000000000000000000e+00 0.000000000000000000e+00 0.000000000000000000e+00 0.000000000000000000e+00
0.000000000000000000e+00 0.000000000000000000e+00 0.000000000000000000e+00 0.000000000000000000e+00 0.000000000000000000e+00
0.000000000000000000e+00 0.000000000000000000e+00 0.000000000000000000e+00 0.000000000000000000e+00 0.000000000000000000e+00
0.000000000000000000e+00 0.000000000000000000e+00 0.000000000000000000e+00 0.000000000000000000e+00 0.000000000000000000e+00
0.000000000000000000e+00 0.000000000000000000e+00 0.000000000000000000e+00 0.000000000000000000e+00 0.000000000000000000e+00
0.000000000000000000e+00 0.000000000000000000e+00 0.000000000000000000e+00 0.000000000000000000e+00 0.000000000000000000e+00
0.000000000000000000e+00 0.000000000000000000e+00 2.215681558445948825e-04 1.064087546461660663e-03 6.165171964803830900e-04
0.000000000000000000e+00 0.000000000000000000e+00 6.024662215100220911e-04 2.893361643187885440e-03 1.676372601665757989e-03
0.000000000000000000e+00 0.000000000000000000e+00 5.725918634186150541e-05 2.749889165013279452e-04 1.593246687533574817e-04
3.118261599195342858e-03 0.000000000000000000e+00 0.000000000000000000e+00 1.041112908249435670e-02 5.215500895409660997e-03
1.565185934443857202e-02 0.000000000000000000e+00 0.000000000000000000e+00 4.866737134205083998e-02 2.612112688485870166e-02
3.750708087155414650e-02 0.000000000000000000e+00 0.000000000000000000e+00 1.004497760966702596e-01 4.145768986799867190e-02
5.290250755059089371e-02 0.000000000000000000e+00 0.000000000000000000e+00 1.197560695150652749e-01 3.286796503442883377e-02
3.253384016605947310e-02 6.083493697085570057e-02 0.000000000000000000e+00 7.436919284040902078e-02 9.709935674929033285e-04
3.263887935541334023e-02 1.156215561884279680e-01 0.000000000000000000e+00 2.090989161721891476e-02 1.260263176703490390e-02
2.089294518652738686e-02 1.197986633261951400e-01 4.777183333926161152e-02 0.000000000000000000e+00 1.628818138574766525e-02
7.920615634683865784e-04 7.307243978089748848e-02 1.152154133812143683e-01 0.000000000000000000e+00 5.028318542473754656e-03
1.562781459363306660e-02 1.207039564750331598e-02 1.528671967159815626e-01 0.000000000000000000e+00 0.000000000000000000e+00
3.163369186945684530e-02 0.000000000000000000e+00 1.031969313373620467e-01 3.663609310322718006e-03 0.000000000000000000e+00
2.601601084801178493e-02 0.000000000000000000e+00 3.583040401663224045e-02 4.596641722406250241e-05 3.278217338027906817e-03
1.713054062126985466e-02 0.000000000000000000e+00 4.579580017522041739e-03 0.000000000000000000e+00 2.118183740262498480e-03
9.048963643781805788e-03 0.000000000000000000e+00 0.000000000000000000e+00 1.206598538955757326e-03 1.713444398263317889e-03
9.268692803046419543e-03 0.000000000000000000e+00 0.000000000000000000e+00 2.132878061018421163e-03 0.000000000000000000e+00
6.179128535364278828e-03 0.000000000000000000e+00 0.000000000000000000e+00 1.421918707345613386e-03 0.000000000000000000e+00
0.000000000000000000e+00 0.000000000000000000e+00 0.000000000000000000e+00 0.000000000000000000e+00 0.000000000000000000e+00
0.000000000000000000e+00 0.000000000000000000e+00 0.000000000000000000e+00 0.000000000000000000e+00 0.000000000000000000e+00
0.000000000000000000e+00 0.000000000000000000e+00 0.000000000000000000e+00 0.000000000000000000e+00 0.000000000000000000e+00
0.000000000000000000e+00 0.000000000000000000e+00 0.000000000000000000e+00 0.000000000000000000e+00 0.000000000000000000e+00
0.000000000000000000e+00 0.000000000000000000e+00 0.000000000000000000e+00 0.000000000000000000e+00 0.000000000000000000e+00
0.000000000000000000e+00 0.000000000000000000e+00 0.000000000000000000e+00 0.000000000000000000e+00 0.000000000000000000e+00
0.000000000000000000e+00 0.000000000000000000e+00 0.000000000000000000e+00 0.000000000000000000e+00 0.000000000000000000e+00
0.000000000000000000e+00 0.000000000000000000e+00 0.000000000000000000e+00 0.000000000000000000e+00 0.000000000000000000e+00
0.000000000000000000e+00 0.000000000000000000e+00 0.000000000000000000e+00 0.000000000000000000e+00 0.000000000000000000e+00
0.000000000000000000e+00 0.000000000000000000e+00 0.000000000000000000e+00 0.000000000000000000e+00 0.000000000000000000e+00
0.000000000000000000e+00 0.000000000000000000e+00 3.709399463016243887e-04 1.781449937334691255e-03 1.032146767141315378e-03
0.000000000000000000e+00 0.000000000000000000e+00 5.153326770767530270e-04 2.474900248511952700e-03 1.433922018780215898e-03
5.530405898265965039e-04 0.000000000000000000e+00 0.000000000000000000e+00 3.492045651738130523e-03 1.045450134848290588e-03
5.191926162244622604e-03 0.000000000000000000e+00 0.000000000000000000e+00 2.774983053547463649e-02 8.821569995691254731e-03
2.309770882092052405e-02 0.000000000000000000e+00 0.000000000000000000e+00 8.790013387014125601e-02 3.375023541886950501e-02
5.304543454495905946e-02 0.000000000000000000e+00 0.000000000000000000e+00 1.213428934935324166e-01 4.029756474469202432e-02
4.103262076406719028e-02 3.331247442310970863e-02 0.000000000000000000e+00 1.032237849716177575e-01 3.918389286598784188e-03
3.485189358937300363e-02 1.059162621157271333e-01 0.000000000000000000e+00 3.134167459842784192e-02 0.000000000000000000e+00
2.328037239869077540e-02 1.261594810690108148e-01 3.626913740066587538e-02 0.000000000000000000e+00 9.677232653177009897e-03
1.430093801985117541e-02 8.723628812885482475e-02 1.026245115152106951e-01 0.000000000000000000e+00 7.269087279399891709e-03
2.411568243050474236e-02 2.024870189884095395e-02 1.519278630243828809e-01 3.257340636125295730e-05 0.000000000000000000e+00
2.084639850886317591e-02 0.000000000000000000e+00 1.217124174859624541e-01 1.556393224181201913e-02 0.000000000000000000e+00
2.244235719245677232e-02 0.000000000000000000e+00 3.523188213915423583e-02 9.388163669112674706e-03 7.635951461447494128e-03
1.094931845517315046e-02 0.000000000000000000e+00 2.194535024037513361e-03 7.606150160795081133e-03 8.049066588878744932e-03
9.799151403924307932e-03 0.000000000000000000e+00 0.000000000000000000e+00 3.593890708893395132e-03 8.907337493200481737e-03
5.778626610983515766e-03 0.000000000000000000e+00 0.000000000000000000e+00 1.666314219605317557e-03 1.243978205879047718e-03
8.208399379708668925e-03 0.000000000000000000e+00 0.000000000000000000e+00 1.950095657240056646e-03 0.000000000000000000e+00
9.163177358861128094e-03 0.000000000000000000e+00 0.000000000000000000e+00 3.149141448088546569e-03 0.000000000000000000e+00
5.070422143517989803e-03 0.000000000000000000e+00 0.000000000000000000e+00 1.705421857634720987e-03 0.000000000000000000e+00
0.000000000000000000e+00 0.000000000000000000e+00 0.000000000000000000e+00 0.000000000000000000e+00 0.000000000000000000e+00
0.000000000000000000e+00 0.000000000000000000e+00 0.000000000000000000e+00 0.000000000000000000e+00 0.000000000000000000e+00
0.000000000000000000e+00 0.000000000000000000e+00 0.000000000000000000e+00 0.000000000000000000e+00 0.000000000000000000e+00
0.000000000000000000e+00 0.000000000000000000e+00 0.000000000000000000e+00 0.000000000000000000e+00 0.000000000000000000e+00
0.000000000000000000e+00 0.000000000000000000e+00 0.000000000000000000e+00 0.000000000000000000e+00 0.000000000000000000e+00
0.000000000000000000e+00 0.000000000000000000e+00 0.000000000000000000e+00 0.000000000000000000e+00 0.000000000000000000e+00
0.000000000000000000e+00 0.000000000000000000e+00 0.000000000000000000e+00 0.000000000000000000e+00 0.000000000000000000e+00
0.000000000000000000e+00 0.000000000000000000e+00 0.000000000000000000e+00 0.000000000000000000e+00 0.000000000000000000e+00
0.000000000000000000e+00 0.000000000000000000e+00 0.000000000000000000e+00 0.000000000000000000e+00 0.000000000000000000e+00
0.000000000000000000e+00 0.000000000000000000e+00 4.406467818482389786e-04 2.116219053075437621e-03 1.226107233449750134e-03
0.000000000000000000e+00 0.000000000000000000e+00 4.331781923253868907e-04 2.080350933531785202e-03 1.205325754916702213e-03
1.137266026207700781e-03 0.000000000000000000e+00 0.000000000000000000e+00 1.994753828850904381e-02 8.278255299620281699e-03
1.026380788546320602e-02 0.000000000000000000e+00 0.000000000000000000e+00 6.649268902630826872e-02 1.954047147490585792e-02
2.884288402087789929e-02 0.000000000000000000e+00 0.000000000000000000e+00 1.117038292725771181e-01 3.074166766782560067e-02
4.753211031063502012e-02 8.410701677520598246e-03 0.000000000000000000e+00 1.202615676846924830e-01 3.205447860121121706e-02
2.941755400306536247e-02 8.401488735659591589e-02 0.000000000000000000e+00 6.154870926252858226e-02 4.269508697090215396e-03
2.040154370813436133e-02 1.255493575018810926e-01 1.723887030370994597e-02 3.925158602956300112e-03 7.310920865568120916e-03
1.659981740166271286e-02 1.077312215950659013e-01 8.008917636085986780e-02 0.000000000000000000e+00 7.831340736459127191e-03
3.627408905160411229e-02 4.106021985361158616e-02 1.361848142767490277e-01 0.000000000000000000e+00 0.000000000000000000e+00
3.733852259496837217e-02 0.000000000000000000e+00 1.347052975845272060e-01 1.335760731586955324e-02 0.000000000000000000e+00
2.870558146016440396e-02 0.000000000000000000e+00 4.816495838751299469e-02 1.538256925432581260e-02 8.335244712731539052e-03
1.525711633440827823e-02 0.000000000000000000e+00 4.748336592386125099e-03 1.469825522120849111e-02 4.936083841705262744e-03
1.215661954861871515e-02 0.000000000000000000e+00 0.000000000000000000e+00 1.356273835127108120e-02 7.933731981526618085e-03
1.160574669706715412e-02 0.000000000000000000e+00 0.000000000000000000e+00 1.216928826680082135e-02 1.031605408136571089e-02
1.044635804609178251e-02 0.000000000000000000e+00 0.000000000000000000e+00 1.063292180063501666e-02 1.077774842980101094e-02
2.773802350079492864e-03 0.000000000000000000e+00 0.000000000000000000e+00 3.677654010770883570e-03 5.918329026428814817e-03
2.827986122543462572e-03 0.000000000000000000e+00 2.684040835971037136e-04 3.588773144855195076e-03 1.157449101214078199e-03
0.000000000000000000e+00 0.000000000000000000e+00 5.551651545319619217e-04 2.666196886078092861e-03 1.544756570956465043e-03
0.000000000000000000e+00 0.000000000000000000e+00 2.862959317093079540e-04 1.374944582506639401e-03 7.966233437667867307e-04
0.000000000000000000e+00 0.000000000000000000e+00 0.000000000000000000e+00 0.000000000000000000e+00 0.000000000000000000e+00
0.000000000000000000e+00 0.000000000000000000e+00 0.000000000000000000e+00 0.000000000000000000e+00 0.000000000000000000e+00
0.000000000000000000e+00 0.000000000000000000e+00 0.000000000000000000e+00 0.000000000000000000e+00 0.000000000000000000e+00
0.000000000000000000e+00 0.000000000000000000e+00 0.000000000000000000e+00 0.000000000000000000e+00 0.000000000000000000e+00
0.000000000000000000e+00 0.000000000000000000e+00 0.000000000000000000e+00 0.000000000000000000e+00 0.000000000000000000e+00
0.000000000000000000e+00 0.000000000000000000e+00 0.000000000000000000e+00 0.000000000000000000e+00 0.000000000000000000e+00
0.000000000000000000e+00 0.000000000000000000e+00 0.000000000000000000e+00 0.000000000000000000e+00 0.000000000000000000e+00
0.000000000000000000e+00 0.000000000000000000e+00 0.000000000000000000e+00 0.000000000000000000e+00 0.000000000000000000e+00
0.000000000000000000e+00 0.000000000000000000e+00 4.406467818482389786e-04 2.116219053075437621e-03 1.226107233449750134e-03
0.000000000000000000e+00 0.000000000000000000e+00 0.000000000000000000e+00 5.240433763651432091e-03 4.072426868013828867e-03
2.419711635397412807e-03 0.000000000000000000e+00 0.000000000000000000e+00 3.902764118360474432e-02 1.836984817666259540e-02
9.669431609551372084e-03 0.000000000000000000e+00 0.000000000000000000e+00 9.561160641271894411e-02 1.264561766218063633e-02
3.032611165012644508e-02 0.000000000000000000e+00 0.000000000000000000e+00 1.306284154799520758e-01 1.614458389251897247e-02
2.436340201892563812e-02 4.842190000893738244e-02 0.000000000000000000e+00 1.149716799945219997e-01 7.573405880940276523e-03
1.438444294361649299e-02 1.198325638666065951e-01 6.931610421699188097e-03 2.447013418591444459e-02 1.182518147666068720e-02
1.790002695637424313e-02 1.183740856296695981e-01 6.183074165040344100e-02 0.000000000000000000e+00 1.160111497297092696e-02
4.152088408343072162e-02 7.046643760450511940e-02 1.180359477692939363e-01 0.000000000000000000e+00 0.000000000000000000e+00
5.094340080664340464e-02 0.000000000000000000e+00 1.325154165099705350e-01 0.000000000000000000e+00 0.000000000000000000e+00
4.497182728476625119e-02 0.000000000000000000e+00 6.313201240884620813e-02 6.829254465248773415e-03 5.960030583893704929e-03
1.925840593342945106e-02 0.000000000000000000e+00 1.230816144867986558e-02 4.294311838883504637e-03 1.955364730609173221e-02
1.209975070500552037e-02 0.000000000000000000e+00 2.838099791947282236e-04 3.839096505015457579e-03 3.703636827828199474e-02
9.511769903263205331e-03 0.000000000000000000e+00 0.000000000000000000e+00 3.158903799900580466e-03 4.279105664789527308e-02
6.488485614635735102e-03 0.000000000000000000e+00 0.000000000000000000e+00 6.452666147880248976e-03 5.114823141681291291e-02
9.928914303439818900e-03 0.000000000000000000e+00 0.000000000000000000e+00 7.895216657009975977e-03 4.745275264005990173e-02
8.065778606571151824e-03 0.000000000000000000e+00 5.984040916725545016e-04 8.273923175331505259e-03 2.394581540744371642e-02
0.000000000000000000e+00 0.000000000000000000e+00 4.368091231312401469e-04 0.000000000000000000e+00 8.912372643260032049e-03
0.000000000000000000e+00 8.410461930619293693e-05 3.894642519959240295e-04 0.000000000000000000e+00 3.247518552303525416e-03
0.000000000000000000e+00 0.000000000000000000e+00 5.850395126233683216e-04 2.809669364252699933e-03 1.627882485088651089e-03
0.000000000000000000e+00 0.000000000000000000e+00 0.000000000000000000e+00 0.000000000000000000e+00 0.000000000000000000e+00
0.000000000000000000e+00 0.000000000000000000e+00 0.000000000000000000e+00 0.000000000000000000e+00 0.000000000000000000e+00
0.000000000000000000e+00 0.000000000000000000e+00 0.000000000000000000e+00 0.000000000000000000e+00 0.000000000000000000e+00
0.000000000000000000e+00 0.000000000000000000e+00 0.000000000000000000e+00 0.000000000000000000e+00 0.000000000000000000e+00
0.000000000000000000e+00 0.000000000000000000e+00 0.000000000000000000e+00 0.000000000000000000e+00 0.000000000000000000e+00
0.000000000000000000e+00 0.000000000000000000e+00 0.000000000000000000e+00 0.000000000000000000e+00 0.000000000000000000e+00
0.000000000000000000e+00 0.000000000000000000e+00 0.000000000000000000e+00 0.000000000000000000e+00 0.000000000000000000e+00
0.000000000000000000e+00 0.000000000000000000e+00 0.000000000000000000e+00 0.000000000000000000e+00 0.000000000000000000e+00
0.000000000000000000e+00 0.000000000000000000e+00 5.576546843729123827e-04 2.678152925925978301e-03 1.551683730467481740e-03
1.361830775459817687e-04 0.000000000000000000e+00 0.000000000000000000e+00 1.382770732138012201e-02 1.153188896964625794e-02
4.303470278453703016e-03 0.000000000000000000e+00 0.000000000000000000e+00 5.768963748148305676e-02 1.585332046824333013e-02
9.087032483518912504e-03 0.000000000000000000e+00 0.000000000000000000e+00 1.142381648393530902e-01 4.587881710190770592e-04
1.547011039285510828e-02 2.241938776383236090e-02 0.000000000000000000e+00 1.360466053483130044e-01 0.000000000000000000e+00
9.156551332101810865e-04 9.385051195975357974e-02 4.814905444405000179e-03 7.012331219430442686e-02 1.001441896373710290e-02
9.592356612648801281e-03 1.255406691905849859e-01 4.045211768098384147e-02 0.000000000000000000e+00 3.118465569469103943e-02
4.158969425766427530e-02 9.308440499379640187e-02 9.688526888056399333e-02 0.000000000000000000e+00 2.140807954954991599e-02
7.417901766451014123e-02 2.055472864140161365e-02 1.234236415420683769e-01 0.000000000000000000e+00 5.461267745747722807e-03
6.609552101376416078e-02 0.000000000000000000e+00 8.125091746796422876e-02 0.000000000000000000e+00 1.377421252997890026e-02
4.527389675914305495e-02 0.000000000000000000e+00 1.077097484428406193e-02 2.698681297703871620e-03 1.745265827031277847e-02
2.432235223514230688e-02 0.000000000000000000e+00 0.000000000000000000e+00 0.000000000000000000e+00 7.339793309843807567e-02
1.546408386672848585e-02 0.000000000000000000e+00 0.000000000000000000e+00 0.000000000000000000e+00 1.372552640186663342e-01
0.000000000000000000e+00 1.944591140186351964e-03 0.000000000000000000e+00 0.000000000000000000e+00 1.725127259672889768e-01
0.000000000000000000e+00 2.643068305197892394e-04 0.000000000000000000e+00 0.000000000000000000e+00 1.804492869947763867e-01
0.000000000000000000e+00 0.000000000000000000e+00 3.192771691850194386e-03 0.000000000000000000e+00 1.381453214521166928e-01
2.384471057371854649e-03 0.000000000000000000e+00 7.643901938658930785e-03 1.326876447473882351e-02 8.645823413437288274e-02
0.000000000000000000e+00 0.000000000000000000e+00 5.902297953735110778e-03 7.795726770984064136e-03 2.351541252766480364e-02
0.000000000000000000e+00 0.000000000000000000e+00 0.000000000000000000e+00 2.891104550005870952e-03 1.334758832140635343e-02
0.000000000000000000e+00 0.000000000000000000e+00 3.908589684631878498e-04 3.858147542821071651e-03 3.562066953037735118e-03
0.000000000000000000e+00 0.000000000000000000e+00 0.000000000000000000e+00 0.000000000000000000e+00 0.000000000000000000e+00
0.000000000000000000e+00 0.000000000000000000e+00 0.000000000000000000e+00 0.000000000000000000e+00 0.000000000000000000e+00
0.000000000000000000e+00 0.000000000000000000e+00 0.000000000000000000e+00 0.000000000000000000e+00 0.000000000000000000e+00
0.000000000000000000e+00 0.000000000000000000e+00 0.000000000000000000e+00 0.000000000000000000e+00 0.000000000000000000e+00
0.000000000000000000e+00 0.000000000000000000e+00 0.000000000000000000e+00 0.000000000000000000e+00 0.000000000000000000e+00
0.000000000000000000e+00 0.000000000000000000e+00 0.000000000000000000e+00 0.000000000000000000e+00 0.000000000000000000e+00
0.000000000000000000e+00 0.000000000000000000e+00 0.000000000000000000e+00 0.000000000000000000e+00 0.000000000000000000e+00
0.000000000000000000e+00 0.000000000000000000e+00 0.000000000000000000e+00 0.000000000000000000e+00 0.000000000000000000e+00
0.000000000000000000e+00 0.000000000000000000e+00 6.348301094423790605e-04 3.048790161210376652e-03 1.766425675308960731e-03
1.597630691067944029e-03 0.000000000000000000e+00 0.000000000000000000e+00 2.724460015856730935e-02 1.286416574088407316e-02
1.511130720015548554e-03 0.000000000000000000e+00 3.512903939986231484e-04 7.975063158537105956e-02 6.766362357256525302e-03
3.148904634657978194e-03 3.507304998633219671e-03 2.300253715816950352e-03 1.273778169912588298e-01 0.000000000000000000e+00
0.000000000000000000e+00 5.584462288414794584e-02 8.714147652464556554e-03 1.212731915319648079e-01 0.000000000000000000e+00
0.000000000000000000e+00 1.114930863683680912e-01 3.002601441755081008e-02 3.233418967043703851e-02 3.183600595511842241e-02
2.715538257297241131e-02 1.122637458475968519e-01 7.616886107559638075e-02 0.000000000000000000e+00 3.483189407687428685e-02
7.756619662836754248e-02 5.207873514097290796e-02 1.137631605829518694e-01 0.000000000000000000e+00 1.238550074177909022e-02
9.504069658564621992e-02 0.000000000000000000e+00 9.318418183999668813e-02 0.000000000000000000e+00 1.180271056211544892e-02
8.440144154191042691e-02 0.000000000000000000e+00 2.591106775929168798e-02 0.000000000000000000e+00 6.251508562925066348e-02
5.038804842146452773e-02 0.000000000000000000e+00 0.000000000000000000e+00 0.000000000000000000e+00 1.300633904498810500e-01
4.796729365814585144e-02 0.000000000000000000e+00 0.000000000000000000e+00 0.000000000000000000e+00 2.278698508919117793e-01
2.546130600131632157e-02 6.536108435971865055e-03 0.000000000000000000e+00 0.000000000000000000e+00 2.594598940015923616e-01
0.000000000000000000e+00 2.651225093728384885e-02 0.000000000000000000e+00 0.000000000000000000e+00 2.439794006303345197e-01
0.000000000000000000e+00 3.985776824600061746e-02 2.753639871730249183e-03 4.562650723119478051e-03 2.081673002993220667e-01
0.000000000000000000e+00 3.060123513339603474e-02 5.664732983311066700e-03 2.254531353815103847e-02 1.822211874014681432e-01
0.000000000000000000e+00 0.000000000000000000e+00 2.206140710128238341e-02 5.664872595939472039e-02 1.130276278672214391e-01
0.000000000000000000e+00 0.000000000000000000e+00 1.874147523562115503e-02 4.328328342195333217e-02 3.394102411984752099e-02
0.000000000000000000e+00 0.000000000000000000e+00 3.053435112052798640e-03 1.251704105822644061e-02 1.226808311282740448e-02
0.000000000000000000e+00 0.000000000000000000e+00 0.000000000000000000e+00 1.054018389392517852e-02 1.018825820761322214e-02
5.577685271005268307e-05 0.000000000000000000e+00 0.000000000000000000e+00 3.386403777476880688e-03 3.838151694659565696e-03
0.000000000000000000e+00 0.000000000000000000e+00 0.000000000000000000e+00 0.000000000000000000e+00 0.000000000000000000e+00
0.000000000000000000e+00 0.000000000000000000e+00 0.000000000000000000e+00 0.000000000000000000e+00 0.000000000000000000e+00
0.000000000000000000e+00 0.000000000000000000e+00 0.000000000000000000e+00 0.000000000000000000e+00 0.000000000000000000e+00
0.000000000000000000e+00 0.000000000000000000e+00 0.000000000000000000e+00 0.000000000000000000e+00 0.000000000000000000e+00
0.000000000000000000e+00 0.000000000000000000e+00 0.000000000000000000e+00 0.000000000000000000e+00 0.000000000000000000e+00
0.000000000000000000e+00 0.000000000000000000e+00 0.000000000000000000e+00 0.000000000000000000e+00 0.000000000000000000e+00
0.000000000000000000e+00 0.000000000000000000e+00 0.000000000000000000e+00 0.000000000000000000e+00 0.000000000000000000e+00
4.324473453612747093e-04 0.000000000000000000e+00 0.000000000000000000e+00 6.448198904790619634e-03 4.540800416455273263e-03
1.035387491227590342e-04 0.000000000000000000e+00 0.000000000000000000e+00 4.025704135344794488e-02 1.435820501308851700e-02
0.000000000000000000e+00 0.000000000000000000e+00 6.178388015247754383e-03 1.068295512316007473e-01 0.000000000000000000e+00
0.000000000000000000e+00 2.885776083759085051e-02 1.488616489442282087e-02 1.355742825712700217e-01 0.000000000000000000e+00
0.000000000000000000e+00 8.268985760663484508e-02 2.793815808702991565e-02 9.836566612955660593e-02 1.756458718081133422e-02
1.655493916597246609e-02 1.090191584322424134e-01 5.621049167881933539e-02 1.415116660294301471e-02 6.516308547253724104e-02
7.087036217736415733e-02 7.616823133390898670e-02 9.456337425840388722e-02 0.000000000000000000e+00 4.697719661610613717e-02
1.219257686066066299e-01 9.001519350610455092e-03 9.990285392894095173e-02 0.000000000000000000e+00 2.649270202684800637e-02
1.370188548935653006e-01 0.000000000000000000e+00 3.183731330646216023e-02 0.000000000000000000e+00 5.590946249237015164e-02
1.346584413210765163e-01 0.000000000000000000e+00 0.000000000000000000e+00 0.000000000000000000e+00 1.403551419448410831e-01
1.155500403433277201e-01 0.000000000000000000e+00 0.000000000000000000e+00 0.000000000000000000e+00 2.321181304674460599e-01
6.319427297162358292e-02 1.277401793888997307e-02 2.502837126693815105e-03 0.000000000000000000e+00 2.529282801073055587e-01
3.724981925800681382e-03 4.217497573202125954e-02 3.580980232226088633e-02 1.568774226286200751e-02 1.805106040221018115e-01
0.000000000000000000e+00 6.859525982256658994e-02 5.312476865120904085e-02 4.433433474573649641e-02 1.254061440221657941e-01
0.000000000000000000e+00 7.457026796367566268e-02 5.585154469046741538e-02 6.205108285915528904e-02 1.125440540803049755e-01
0.000000000000000000e+00 7.247794603164459115e-02 3.282684409682683213e-02 6.528656734955938512e-02 1.250539663778094390e-01
0.000000000000000000e+00 3.290465358722968053e-02 3.031292319259322812e-02 7.862973664085205761e-02 8.717554294853595287e-02
0.000000000000000000e+00 5.256210731235832177e-03 2.508046166477263458e-02 6.897351557469702521e-02 3.318760319811562415e-02
0.000000000000000000e+00 3.987768419769194381e-04 1.344666981643885539e-02 4.463178858392912590e-02 0.000000000000000000e+00
0.000000000000000000e+00 0.000000000000000000e+00 3.119156549571829116e-03 1.182235636592798150e-02 7.856156740725296628e-03
1.155377663279652252e-04 0.000000000000000000e+00 0.000000000000000000e+00 7.014693539059257965e-03 7.950457081794816763e-03
0.000000000000000000e+00 0.000000000000000000e+00 0.000000000000000000e+00 0.000000000000000000e+00 0.000000000000000000e+00
0.000000000000000000e+00 0.000000000000000000e+00 0.000000000000000000e+00 0.000000000000000000e+00 0.000000000000000000e+00
0.000000000000000000e+00 0.000000000000000000e+00 0.000000000000000000e+00 0.000000000000000000e+00 0.000000000000000000e+00
0.000000000000000000e+00 0.000000000000000000e+00 0.000000000000000000e+00 0.000000000000000000e+00 0.000000000000000000e+00
0.000000000000000000e+00 0.000000000000000000e+00 0.000000000000000000e+00 0.000000000000000000e+00 0.000000000000000000e+00
0.000000000000000000e+00 0.000000000000000000e+00 0.000000000000000000e+00 0.000000000000000000e+00 0.000000000000000000e+00
0.000000000000000000e+00 0.000000000000000000e+00 0.000000000000000000e+00 0.000000000000000000e+00 0.000000000000000000e+00
4.237525509455717211e-04 0.000000000000000000e+00 0.000000000000000000e+00 6.408531872425182740e-03 4.508459696680186014e-03
0.000000000000000000e+00 0.000000000000000000e+00 1.885671656544323687e-03 5.554303910005590345e-02 7.502548778301329144e-03
0.000000000000000000e+00 6.268111824428665782e-03 1.962224570974415924e-02 1.183078600918274353e-01 0.000000000000000000e+00
0.000000000000000000e+00 5.300323524288468729e-02 4.072406466441828160e-02 1.330345477228257189e-01 0.000000000000000000e+00
0.000000000000000000e+00 9.639861568931071267e-02 5.105287890117694849e-02 6.472661854416764116e-02 4.705917916472244361e-02
4.030987259399761852e-02 9.461930857000046269e-02 7.086805851503859277e-02 4.434621264565086554e-03 7.536606798074205193e-02
1.210322309885908248e-01 3.693031230429633799e-02 8.311377536578540282e-02 0.000000000000000000e+00 5.972223575037489268e-02
1.501514751034576378e-01 0.000000000000000000e+00 4.634825296501817599e-02 0.000000000000000000e+00 4.156206340638586572e-02
1.578114372013440792e-01 0.000000000000000000e+00 7.788088911790665841e-03 0.000000000000000000e+00 1.001822595145760997e-01
1.421820905134565660e-01 0.000000000000000000e+00 0.000000000000000000e+00 0.000000000000000000e+00 2.057942857581510354e-01
1.035393858850734983e-01 1.644586831169411387e-02 3.664214331018327692e-02 4.138990251361982821e-03 1.992278716344698386e-01
4.451896465022864291e-02 6.061716104743222061e-02 7.164498391673963795e-02 2.996724628351577283e-02 8.687887461287674418e-02
0.000000000000000000e+00 8.792956472818654057e-02 7.510912499923648455e-02 7.306779982654741656e-02 0.000000000000000000e+00
0.000000000000000000e+00 9.145004662007892582e-02 8.060328007306212517e-02 9.304146878657965081e-02 0.000000000000000000e+00
0.000000000000000000e+00 8.696410682389131563e-02 8.942382371016463494e-02 8.385342433222606195e-02 1.073005378218292588e-02
0.000000000000000000e+00 8.522035762443878892e-02 5.091971988278954503e-02 8.448625248842113467e-02 7.643859534824633262e-02
0.000000000000000000e+00 4.606663640925450637e-02 3.210815857667439349e-02 1.087452103033307860e-01 5.896642607485370891e-02
0.000000000000000000e+00 1.098240306898732449e-02 2.572620527095080198e-02 9.040820100176794050e-02 6.472362647911704056e-03
0.000000000000000000e+00 0.000000000000000000e+00 1.293169060055248364e-02 5.604784463513367426e-02 0.000000000000000000e+00
0.000000000000000000e+00 0.000000000000000000e+00 3.186057859377500103e-03 1.234559764020484902e-02 7.246077765986232849e-03
7.519914963587414930e-05 0.000000000000000000e+00 0.000000000000000000e+00 4.565597949991151080e-03 5.174650945478522987e-03
0.000000000000000000e+00 0.000000000000000000e+00 0.000000000000000000e+00 0.000000000000000000e+00 0.000000000000000000e+00
0.000000000000000000e+00 0.000000000000000000e+00 0.000000000000000000e+00 0.000000000000000000e+00 0.000000000000000000e+00
0.000000000000000000e+00 0.000000000000000000e+00 0.000000000000000000e+00 0.000000000000000000e+00 0.000000000000000000e+00
0.000000000000000000e+00 0.000000000000000000e+00 0.000000000000000000e+00 0.000000000000000000e+00 0.000000000000000000e+00
0.000000000000000000e+00 0.000000000000000000e+00 0.000000000000000000e+00 0.000000000000000000e+00 0.000000000000000000e+00
0.000000000000000000e+00 0.000000000000000000e+00 0.000000000000000000e+00 0.000000000000000000e+00 0.000000000000000000e+00
0.000000000000000000e+00 0.000000000000000000e+00 0.000000000000000000e+00 0.000000000000000000e+00 0.000000000000000000e+00
3.153387746801846608e-04 0.000000000000000000e+00 1.846797395844067225e-04 6.063589222186294841e-03 4.241297609490851661e-03
0.000000000000000000e+00 0.000000000000000000e+00 6.702286507995002841e-03 5.775775323248627524e-02 1.481277666609205623e-02
0.000000000000000000e+00 1.920453891608504132e-02 3.121048894265944507e-02 1.279382374866800953e-01 0.000000000000000000e+00
0.000000000000000000e+00 6.343862607415798327e-02 5.821393931124206611e-02 1.277141575712473776e-01 0.000000000000000000e+00
0.000000000000000000e+00 9.869932027068475944e-02 7.645721392653799520e-02 5.693111951591342534e-02 4.792713139752832752e-02
7.004696320288344991e-02 7.642429869444247736e-02 6.871946393875344450e-02 0.000000000000000000e+00 7.678877095549706266e-02
1.622629055691462152e-01 1.481281701490737811e-02 4.930394743349925807e-02 0.000000000000000000e+00 6.405844426723245055e-02
1.888375317553663835e-01 0.000000000000000000e+00 1.049454583829171825e-02 0.000000000000000000e+00 8.132346026336081946e-02
1.644662890646381714e-01 0.000000000000000000e+00 1.293085356823929152e-02 0.000000000000000000e+00 1.654995154971432569e-01
1.149515301926353900e-01 1.622662942815505591e-02 4.581946456316932786e-02 0.000000000000000000e+00 1.768257621982307348e-01
5.680613682921104024e-02 6.915017670070310041e-02 8.817081473354497489e-02 4.159691075437937924e-02 5.684191925449615101e-02
2.991674663813257556e-02 9.453536463637424170e-02 1.053398646508502817e-01 9.242466390305818791e-02 0.000000000000000000e+00
4.051816314894618465e-02 8.683126225585947877e-02 7.983788188933196861e-02 9.819463236715766929e-02 0.000000000000000000e+00
4.257785656986474293e-02 7.067407299115642527e-02 8.373778688427198358e-02 7.597097542405215065e-02 0.000000000000000000e+00
0.000000000000000000e+00 8.924203481911152647e-02 8.760465749972222438e-02 5.960256593752757959e-02 0.000000000000000000e+00
0.000000000000000000e+00 9.239842790736581268e-02 4.361072363612958358e-02 7.349318323086639904e-02 5.890217739741807762e-02
0.000000000000000000e+00 5.111645123773239652e-02 2.917264174551565878e-02 1.233414927012596168e-01 1.491835620319436478e-02
0.000000000000000000e+00 5.452235105969010197e-03 2.188447792675465159e-02 1.168560197708737175e-01 0.000000000000000000e+00
4.575639494693282700e-04 0.000000000000000000e+00 1.022514114281061239e-02 5.541243150830565956e-02 3.835798219130064535e-04
2.171136270588154907e-03 0.000000000000000000e+00 9.227933964476704677e-04 1.743240887670798739e-02 5.682899756676648359e-03
1.226917310525016186e-03 0.000000000000000000e+00 0.000000000000000000e+00 5.217968834642140036e-03 1.061726606034622258e-03
0.000000000000000000e+00 0.000000000000000000e+00 0.000000000000000000e+00 0.000000000000000000e+00 0.000000000000000000e+00
0.000000000000000000e+00 0.000000000000000000e+00 0.000000000000000000e+00 0.000000000000000000e+00 0.000000000000000000e+00
0.000000000000000000e+00 0.000000000000000000e+00 0.000000000000000000e+00 0.000000000000000000e+00 0.000000000000000000e+00
0.000000000000000000e+00 0.000000000000000000e+00 0.000000000000000000e+00 0.000000000000000000e+00 0.000000000000000000e+00
0.000000000000000000e+00 0.000000000000000000e+00 0.000000000000000000e+00 0.000000000000000000e+00 0.000000000000000000e+00
0.000000000000000000e+00 0.000000000000000000e+00 0.000000000000000000e+00 0.000000000000000000e+00 0.000000000000000000e+00
2.457093215847119390e-05 0.000000000000000000e+00 5.176061829677242954e-05 0.000000000000000000e+00 1.668449372384933887e-04
0.000000000000000000e+00 0.000000000000000000e+00 4.707549347631052525e-03 2.941597319159376233e-03 9.505445595911142867e-03
0.000000000000000000e+00 0.000000000000000000e+00 1.788519321494619341e-02 4.969475606611715307e-02 8.748347292142579293e-03
0.000000000000000000e+00 3.024132076888272000e-02 4.927055798131661779e-02 1.253388894717673840e-01 0.000000000000000000e+00
0.000000000000000000e+00 6.756450956352938464e-02 8.972030321025351030e-02 1.276174342981397647e-01 2.491526923237202817e-03
0.000000000000000000e+00 9.406653368670010729e-02 8.128386837013759636e-02 5.815167123949496752e-02 5.257081666081242499e-02
1.037065419215616319e-01 5.694821136272536222e-02 4.381142300845376064e-02 0.000000000000000000e+00 1.013092109994255807e-01
2.014716807414299315e-01 4.127961400131383192e-03 4.723725934156735272e-03 0.000000000000000000e+00 9.310285833748516149e-02
1.888772633816030999e-01 0.000000000000000000e+00 1.995066369467463074e-02 0.000000000000000000e+00 1.254564910822416335e-01
1.094982652304373472e-01 1.232775355622929905e-02 5.812087784540830027e-02 0.000000000000000000e+00 1.460259110211120370e-01
9.239795850083255824e-03 6.253117798244277326e-02 8.609377159698129722e-02 3.573598773394580375e-02 8.997917687068450465e-02
0.000000000000000000e+00 8.920972924725016628e-02 8.249700244467672583e-02 7.471053160885415823e-02 0.000000000000000000e+00
1.525275114111622910e-03 8.421996768559417146e-02 7.583215522921607499e-02 9.107806345748704901e-02 0.000000000000000000e+00
4.508728098519998451e-02 4.638836409104508951e-02 7.901677406774181012e-02 6.714773263405861281e-02 0.000000000000000000e+00
6.134698609417513909e-02 5.355701059998753399e-02 9.706457936811582754e-02 4.308299610147598574e-02 0.000000000000000000e+00
3.342524693380325741e-03 9.847228071115644854e-02 8.444019234787315809e-02 4.153855073616704446e-02 0.000000000000000000e+00
0.000000000000000000e+00 9.466023760938468978e-02 3.360633576531699834e-02 7.929301559629869933e-02 2.614522747388692975e-02
0.000000000000000000e+00 3.590557158326506543e-02 1.292302593345336093e-02 1.332605851269296759e-01 9.074590956690480742e-03
0.000000000000000000e+00 0.000000000000000000e+00 1.290337514460425210e-02 1.042520847343233470e-01 0.000000000000000000e+00
3.435911533485129597e-03 0.000000000000000000e+00 3.454778318289577783e-03 4.277634139686547349e-02 0.000000000000000000e+00
3.029800462761187904e-03 0.000000000000000000e+00 4.397292346331592330e-04 1.419571418886941827e-02 0.000000000000000000e+00
1.733140689552441389e-03 0.000000000000000000e+00 2.587223779502397566e-04 5.343796486207781984e-03 0.000000000000000000e+00
0.000000000000000000e+00 0.000000000000000000e+00 0.000000000000000000e+00 0.000000000000000000e+00 0.000000000000000000e+00
0.000000000000000000e+00 0.000000000000000000e+00 0.000000000000000000e+00 0.000000000000000000e+00 0.000000000000000000e+00
0.000000000000000000e+00 0.000000000000000000e+00 0.000000000000000000e+00 0.000000000000000000e+00 0.000000000000000000e+00
0.000000000000000000e+00 0.000000000000000000e+00 0.000000000000000000e+00 0.000000000000000000e+00 0.000000000000000000e+00
0.000000000000000000e+00 0.000000000000000000e+00 0.000000000000000000e+00 0.000000000000000000e+00 0.000000000000000000e+00
0.000000000000000000e+00 0.000000000000000000e+00 0.000000000000000000e+00 0.000000000000000000e+00 0.000000000000000000e+00
8.190310719490399662e-06 0.000000000000000000e+00 1.725353943225744715e-05 0.000000000000000000e+00 5.561497907949782785e-05
0.000000000000000000e+00 0.000000000000000000e+00 7.338273453695352312e-03 2.244655893611807729e-03 6.998481694700829821e-03
0.000000000000000000e+00 6.526354736692318095e-03 2.135910060489551107e-02 2.878157574796667145e-02 8.165187451612678643e-03
0.000000000000000000e+00 3.055040609751294087e-02 6.781841903613873568e-02 1.055880505367980671e-01 0.000000000000000000e+00
0.000000000000000000e+00 6.730470952858273737e-02 1.104944509201575970e-01 1.214384512297937285e-01 6.022421114414212504e-03
0.000000000000000000e+00 8.783566520706412306e-02 8.696836823588041665e-02 7.302207893328489796e-02 3.034704102436423107e-02
1.143631652775920493e-01 5.386335312202061854e-02 1.149055599973443365e-02 1.145743899579026136e-02 1.037635377223714017e-01
1.866998769242634859e-01 8.124702993770887768e-03 9.274388241935278832e-03 0.000000000000000000e+00 1.218197141089309987e-01
1.323902829925035773e-01 7.646237921351782367e-03 5.716151366088351865e-02 0.000000000000000000e+00 1.270797288103230616e-01
1.834082532405916302e-02 4.339699966005877707e-02 8.376538884248664607e-02 1.524097107199653446e-02 1.049580999487886440e-01
0.000000000000000000e+00 9.025673110227473706e-02 6.811007556961139187e-02 5.849548368736683795e-02 4.467503099874457761e-02
0.000000000000000000e+00 8.536949298028205513e-02 6.152346685849121449e-02 8.509639246026960702e-02 0.000000000000000000e+00
0.000000000000000000e+00 5.464569830445157456e-02 9.163228642317307326e-02 8.784010440237052797e-02 0.000000000000000000e+00
1.432525198541563342e-02 4.411173415974879025e-02 1.059914451747043795e-01 6.842207694558698206e-02 1.554309256653611804e-02
1.813749623393841673e-02 8.325599619573705035e-02 9.252259584227089106e-02 5.043277132620609809e-02 0.000000000000000000e+00
0.000000000000000000e+00 1.088525897122043923e-01 4.963082016740394398e-02 7.062657779228138921e-02 0.000000000000000000e+00
0.000000000000000000e+00 7.346509856120239657e-02 1.295744951674690677e-02 1.052123611562432448e-01 5.052323067874170751e-03
1.737085404464559432e-02 4.219406692129877047e-03 1.474571978618177855e-04 1.136973334885112291e-01 1.833692201735514019e-02
1.778000603755456807e-02 0.000000000000000000e+00 2.464634230699069058e-03 6.539248323917229433e-02 2.258797352890873963e-03
4.153574760825777534e-03 0.000000000000000000e+00 3.335105010606039151e-03 2.200918323294794032e-02 0.000000000000000000e+00
5.175383749052068182e-04 9.095838934267854023e-04 2.425763948717432790e-03 1.380056863856457192e-02 0.000000000000000000e+00
6.716762826462064186e-05 2.044766325273792275e-04 4.797279656896907525e-04 2.648066382034360879e-03 0.000000000000000000e+00
0.000000000000000000e+00 0.000000000000000000e+00 0.000000000000000000e+00 0.000000000000000000e+00 0.000000000000000000e+00
0.000000000000000000e+00 0.000000000000000000e+00 0.000000000000000000e+00 0.000000000000000000e+00 0.000000000000000000e+00
0.000000000000000000e+00 0.000000000000000000e+00 0.000000000000000000e+00 0.000000000000000000e+00 0.000000000000000000e+00
0.000000000000000000e+00 0.000000000000000000e+00 0.000000000000000000e+00 0.000000000000000000e+00 0.000000000000000000e+00
0.000000000000000000e+00 0.000000000000000000e+00 0.000000000000000000e+00 0.000000000000000000e+00 0.000000000000000000e+00
0.000000000000000000e+00 0.000000000000000000e+00 0.000000000000000000e+00 0.000000000000000000e+00 0.000000000000000000e+00
4.914186431694238781e-05 0.000000000000000000e+00 1.035212365935448591e-04 0.000000000000000000e+00 3.336898744769867774e-04
0.000000000000000000e+00 0.000000000000000000e+00 9.375677133742224556e-03 1.152062970691024226e-03 1.169201030733415213e-02
0.000000000000000000e+00 6.667037937901422115e-03 2.354644702620070640e-02 1.228759465265484574e-02 9.927857962269741321e-03
0.000000000000000000e+00 3.258617963739147277e-02 9.529859602616373715e-02 6.568237905556395528e-02 0.000000000000000000e+00
0.000000000000000000e+00 6.433069965518306565e-02 1.259333093211772447e-01 1.085001709919911905e-01 0.000000000000000000e+00
0.000000000000000000e+00 8.792883221353225975e-02 8.770733315937818964e-02 9.245131408938586648e-02 1.483600661985818659e-03
8.723261728619738364e-02 7.215270580749648388e-02 2.210500101439380471e-02 6.561239057368499494e-02 4.672460122931340609e-02
1.153214789459870576e-01 3.426018492485409517e-02 4.095449413398954269e-02 4.409021883088500710e-02 9.808898285284299579e-02
5.381883332632567130e-02 3.475118217540922039e-02 7.572429461660577787e-02 5.542081365389779635e-02 8.881261209758538333e-02
0.000000000000000000e+00 6.696501605850660455e-02 7.684997737867635403e-02 7.095591925311678372e-02 5.862284079293857836e-02
0.000000000000000000e+00 9.080047248856247533e-02 6.233691719793112151e-02 7.952654611605283752e-02 4.938898605097809258e-02
0.000000000000000000e+00 7.538322084569480663e-02 8.374349251625119728e-02 8.251202648820790686e-02 4.340977607894152407e-02
0.000000000000000000e+00 6.607009905859460852e-02 9.434030527333464589e-02 8.771144672931950603e-02 2.020344659873878762e-02
0.000000000000000000e+00 8.948717729998847958e-02 8.365211147714665674e-02 8.065187277842736369e-02 0.000000000000000000e+00
9.715599067540469855e-03 1.067624642022858977e-01 4.690337785008930754e-02 7.408112032760313936e-02 0.000000000000000000e+00
2.246422249811222752e-02 8.807587335491064151e-02 1.576143031286769691e-02 9.228608308154530315e-02 0.000000000000000000e+00
5.537520883853169762e-02 2.042575030896884650e-02 0.000000000000000000e+00 1.043679665665125655e-01 5.237882061670386807e-03
5.585260701444663689e-02 0.000000000000000000e+00 0.000000000000000000e+00 7.518636555162977464e-02 9.416867465874786437e-04
1.861066554472165166e-02 0.000000000000000000e+00 1.179867974914065734e-03 4.662771110046780992e-02 0.000000000000000000e+00
4.260519841807305225e-03 0.000000000000000000e+00 2.133788642960268538e-03 1.538475334332018406e-02 0.000000000000000000e+00
1.613130245833874958e-04 1.100057986695565030e-04 4.250451802454918520e-04 2.581130217608675493e-03 0.000000000000000000e+00
0.000000000000000000e+00 1.429899449925105357e-04 9.461542705686685388e-05 1.833854956316255239e-04 0.000000000000000000e+00
0.000000000000000000e+00 0.000000000000000000e+00 0.000000000000000000e+00 0.000000000000000000e+00 0.000000000000000000e+00
0.000000000000000000e+00 0.000000000000000000e+00 0.000000000000000000e+00 0.000000000000000000e+00 0.000000000000000000e+00
0.000000000000000000e+00 0.000000000000000000e+00 0.000000000000000000e+00 0.000000000000000000e+00 0.000000000000000000e+00
0.000000000000000000e+00 0.000000000000000000e+00 0.000000000000000000e+00 0.000000000000000000e+00 0.000000000000000000e+00
0.000000000000000000e+00 0.000000000000000000e+00 0.000000000000000000e+00 0.000000000000000000e+00 0.000000000000000000e+00
0.000000000000000000e+00 0.000000000000000000e+00 0.000000000000000000e+00 0.000000000000000000e+00 0.000000000000000000e+00
8.190310719490399662e-06 0.000000000000000000e+00 1.725353943225744715e-05 0.000000000000000000e+00 5.561497907949782785e-05
0.000000000000000000e+00 0.000000000000000000e+00 4.544505138339901065e-03 7.626747708606970754e-04 5.071891687799274379e-03
0.000000000000000000e+00 5.228944495631960947e-03 2.627329770261394720e-02 7.570427388169675455e-03 1.472651117680755586e-02
0.000000000000000000e+00 2.673161232091819661e-02 9.837789147074903207e-02 2.999791970846638067e-02 0.000000000000000000e+00
0.000000000000000000e+00 5.269784088634207886e-02 1.356169618454375336e-01 7.501833558707271532e-02 0.000000000000000000e+00
0.000000000000000000e+00 8.839806818793921606e-02 9.364045321823867563e-02 9.224035654455717270e-02 0.000000000000000000e+00
2.091902975203472834e-02 1.000706316153047726e-01 6.662713818105098218e-02 8.188051807702922957e-02 0.000000000000000000e+00
4.866800843376584834e-02 8.272815908003493257e-02 8.944011255952294404e-02 8.079440602250460846e-02 2.098838949756780953e-02
2.357786266022907432e-02 7.656944765225355554e-02 9.231743114652128657e-02 9.055487603980340305e-02 4.787890142928923065e-02
0.000000000000000000e+00 8.889995291049430926e-02 8.966368951791484077e-02 1.013760931541483057e-01 4.006316009008294848e-02
0.000000000000000000e+00 9.105597086651116834e-02 9.442350533079925390e-02 9.597627925861121345e-02 4.579846615681128219e-02
0.000000000000000000e+00 9.279556727409439543e-02 9.581221909450822471e-02 8.890471600248218975e-02 2.960944754030873580e-02
0.000000000000000000e+00 1.022632009087593580e-01 7.855910127975232471e-02 8.646574279154016496e-02 4.948858695265772462e-03
1.952248935632953930e-02 1.040019677136261173e-01 3.770145925649243113e-02 8.898609951935147755e-02 0.000000000000000000e+00
6.902933928537767494e-02 8.111961236564937949e-02 5.106192981358297425e-03 9.197687339707361076e-02 0.000000000000000000e+00
8.127615148918691801e-02 2.975350944389512989e-02 0.000000000000000000e+00 9.894940893930362358e-02 0.000000000000000000e+00
7.831915452544138678e-02 0.000000000000000000e+00 0.000000000000000000e+00 7.610454797850514652e-02 0.000000000000000000e+00
5.463611483649880030e-02 0.000000000000000000e+00 0.000000000000000000e+00 4.115623573901242005e-02 1.071006642447085546e-04
1.078713574490606716e-02 0.000000000000000000e+00 2.769812193854585998e-03 2.218866583963257852e-02 0.000000000000000000e+00
2.797907480562955400e-03 0.000000000000000000e+00 1.507429680571052439e-03 8.439287986547205217e-03 0.000000000000000000e+00
0.000000000000000000e+00 0.000000000000000000e+00 0.000000000000000000e+00 0.000000000000000000e+00 0.000000000000000000e+00
0.000000000000000000e+00 0.000000000000000000e+00 0.000000000000000000e+00 0.000000000000000000e+00 0.000000000000000000e+00
0.000000000000000000e+00 0.000000000000000000e+00 0.000000000000000000e+00 0.000000000000000000e+00 0.000000000000000000e+00
0.000000000000000000e+00 0.000000000000000000e+00 0.000000000000000000e+00 0.000000000000000000e+00 0.000000000000000000e+00
0.000000000000000000e+00 0.000000000000000000e+00 0.000000000000000000e+00 0.000000000000000000e+00 0.000000000000000000e+00
0.000000000000000000e+00 0.000000000000000000e+00 0.000000000000000000e+00 0.000000000000000000e+00 0.000000000000000000e+00
0.000000000000000000e+00 0.000000000000000000e+00 0.000000000000000000e+00 0.000000000000000000e+00 0.000000000000000000e+00
0.000000000000000000e+00 0.000000000000000000e+00 0.000000000000000000e+00 0.000000000000000000e+00 0.000000000000000000e+00
0.000000000000000000e+00 0.000000000000000000e+00 0.000000000000000000e+00 0.000000000000000000e+00 0.000000000000000000e+00
1.427133904315365889e-04 5.662939104106244864e-05 0.000000000000000000e+00 0.000000000000000000e+00 4.464254790956949208e-03
0.000000000000000000e+00 2.582877955523155957e-04 1.143269183085341735e-02 0.000000000000000000e+00 1.787686825364686802e-02
0.000000000000000000e+00 5.752610379614947998e-03 7.026703005960545367e-02 6.763536268921294635e-03 2.040172550741883167e-02
0.000000000000000000e+00 2.662751180310340970e-02 1.169577693163084409e-01 1.289819393527606543e-02 4.046124562870346414e-02
0.000000000000000000e+00 6.781887361289438976e-02 1.176945070070991028e-01 3.962166731299435890e-02 0.000000000000000000e+00
0.000000000000000000e+00 9.701354404217080174e-02 1.124797365773875790e-01 5.911683200812963002e-02 0.000000000000000000e+00
1.064328947387911672e-02 1.008018255405319363e-01 1.008237750030761964e-01 7.939557733337859746e-02 0.000000000000000000e+00
4.099594218679001451e-02 9.667377854946625215e-02 9.253186268897869993e-02 9.216043145284751048e-02 6.888604908506607179e-03
1.940253268783048712e-02 9.766446773980448637e-02 8.037564949089796851e-02 9.459569835953721140e-02 2.853115089511596217e-02
1.033703847260865685e-02 9.848488074387896918e-02 7.258022549840302540e-02 9.511709120342630441e-02 2.397028059536448000e-02
2.221749827433744037e-02 1.003930236397906905e-01 5.358844564946610434e-02 9.289783376758789513e-02 4.141046198740842149e-03
4.336192114415603899e-02 9.475791975217923158e-02 1.324914787759379209e-02 9.126749210840585935e-02 0.000000000000000000e+00
9.447679727011766559e-02 6.448190642051898624e-02 0.000000000000000000e+00 8.105257612215034657e-02 0.000000000000000000e+00
1.309312035860750734e-01 2.234294511635550803e-02 0.000000000000000000e+00 7.414566967340631420e-02 0.000000000000000000e+00
9.834357701823125131e-02 0.000000000000000000e+00 0.000000000000000000e+00 4.898574867493295237e-02 4.348159093902858457e-03
6.813957050482989664e-02 0.000000000000000000e+00 0.000000000000000000e+00 3.379807213025338292e-02 5.627184831276961681e-03
3.223533621371061503e-02 0.000000000000000000e+00 0.000000000000000000e+00 2.479059692667497095e-02 0.000000000000000000e+00
5.661899598190663421e-03 0.000000000000000000e+00 2.779329941330743476e-03 1.606278679980198756e-02 0.000000000000000000e+00
3.703400766921111607e-03 0.000000000000000000e+00 1.707227553488907231e-03 1.013290392423897221e-02 0.000000000000000000e+00
1.722676753509609767e-03 0.000000000000000000e+00 7.853918131647083956e-04 4.681934321600783773e-03 0.000000000000000000e+00
3.345003404873027938e-04 0.000000000000000000e+00 1.525032646921762583e-04 9.091134605050065452e-04 0.000000000000000000e+00
0.000000000000000000e+00 0.000000000000000000e+00 0.000000000000000000e+00 0.000000000000000000e+00 0.000000000000000000e+00
0.000000000000000000e+00 0.000000000000000000e+00 0.000000000000000000e+00 0.000000000000000000e+00 0.000000000000000000e+00
0.000000000000000000e+00 0.000000000000000000e+00 0.000000000000000000e+00 0.000000000000000000e+00 0.000000000000000000e+00
0.000000000000000000e+00 0.000000000000000000e+00 0.000000000000000000e+00 0.000000000000000000e+00 0.000000000000000000e+00
0.000000000000000000e+00 0.000000000000000000e+00 0.000000000000000000e+00 0.000000000000000000e+00 0.000000000000000000e+00
0.000000000000000000e+00 0.000000000000000000e+00 0.000000000000000000e+00 0.000000000000000000e+00 0.000000000000000000e+00
0.000000000000000000e+00 0.000000000000000000e+00 0.000000000000000000e+00 0.000000000000000000e+00 0.000000000000000000e+00
3.437856122297548375e-04 6.085777900163743111e-05 0.000000000000000000e+00 0.000000000000000000e+00 6.523746283063724775e-03
6.920267332841450927e-04 0.000000000000000000e+00 9.781733746715829715e-04 0.000000000000000000e+00 1.866801871883133276e-02
0.000000000000000000e+00 0.000000000000000000e+00 2.347345856105148912e-02 0.000000000000000000e+00 3.885253631879971581e-02
0.000000000000000000e+00 0.000000000000000000e+00 7.452153126836572050e-02 0.000000000000000000e+00 5.907636319120206092e-02
0.000000000000000000e+00 2.062019287607651935e-02 9.986125314622877613e-02 0.000000000000000000e+00 5.331236635138586477e-02
0.000000000000000000e+00 5.609620721359322160e-02 1.121956874428173823e-01 4.014648138869155759e-03 2.597980722913749083e-02
0.000000000000000000e+00 7.917919280428374618e-02 9.445697218077700463e-02 1.380556041644831478e-02 7.090306814775133859e-03
5.402626589897439879e-02 8.495473349288534815e-02 5.966430091378838174e-02 2.418405866658038944e-02 1.940321220092753804e-02
9.130292783787294364e-02 7.925565992084794564e-02 2.817647889338104755e-02 4.231785102997354803e-02 3.412160974590929680e-02
9.778556555086080626e-02 7.802414562550530341e-02 4.289385773761234498e-03 4.629224271023814341e-02 1.939255492599694514e-02
1.121493417896468892e-01 6.451397383681446718e-02 0.000000000000000000e+00 4.463796411291778149e-02 0.000000000000000000e+00
1.359979202182315661e-01 4.006670324546000861e-02 0.000000000000000000e+00 4.149544027826590487e-02 0.000000000000000000e+00
1.465318309471393965e-01 5.253358425461094813e-03 0.000000000000000000e+00 3.593829766270778547e-02 0.000000000000000000e+00
1.207265486835495394e-01 0.000000000000000000e+00 0.000000000000000000e+00 2.809720496533283166e-02 1.832089302018169658e-04
7.786907632674595903e-02 0.000000000000000000e+00 0.000000000000000000e+00 2.319677904815903996e-02 8.621387288355280079e-03
3.782649930297597024e-02 0.000000000000000000e+00 0.000000000000000000e+00 1.555231752462809224e-02 5.768493260791142776e-04
4.699252697122618429e-03 0.000000000000000000e+00 0.000000000000000000e+00 3.766490456739891076e-03 0.000000000000000000e+00
1.182728683167770100e-04 0.000000000000000000e+00 6.801971081387854219e-05 3.722259321644257892e-04 0.000000000000000000e+00
0.000000000000000000e+00 0.000000000000000000e+00 0.000000000000000000e+00 0.000000000000000000e+00 0.000000000000000000e+00
0.000000000000000000e+00 0.000000000000000000e+00 0.000000000000000000e+00 0.000000000000000000e+00 0.000000000000000000e+00
0.000000000000000000e+00 0.000000000000000000e+00 0.000000000000000000e+00 0.000000000000000000e+00 0.000000000000000000e+00
0.000000000000000000e+00 0.000000000000000000e+00 0.000000000000000000e+00 0.000000000000000000e+00 0.000000000000000000e+00
0.000000000000000000e+00 0.000000000000000000e+00 0.000000000000000000e+00 0.000000000000000000e+00 0.000000000000000000e+00
0.000000000000000000e+00 0.000000000000000000e+00 0.000000000000000000e+00 0.000000000000000000e+00 0.000000000000000000e+00
0.000000000000000000e+00 0.000000000000000000e+00 0.000000000000000000e+00 0.000000000000000000e+00 0.000000000000000000e+00
0.000000000000000000e+00 0.000000000000000000e+00 0.000000000000000000e+00 0.000000000000000000e+00 0.000000000000000000e+00
0.000000000000000000e+00 0.000000000000000000e+00 0.000000000000000000e+00 0.000000000000000000e+00 0.000000000000000000e+00
0.000000000000000000e+00 0.000000000000000000e+00 0.000000000000000000e+00 0.000000000000000000e+00 0.000000000000000000e+00
0.000000000000000000e+00 0.000000000000000000e+00 0.000000000000000000e+00 0.000000000000000000e+00 0.000000000000000000e+00
8.671608598114006919e-05 0.000000000000000000e+00 3.890483741860584601e-04 0.000000000000000000e+00 8.134724434714965926e-04
8.274570274956533425e-03 0.000000000000000000e+00 1.198010289320187473e-02 0.000000000000000000e+00 1.698931410618347015e-02
1.253276954909102528e-02 0.000000000000000000e+00 2.037912812036824298e-02 0.000000000000000000e+00 3.982052808690764861e-02
1.083020131454203935e-02 0.000000000000000000e+00 2.818161811859301938e-02 0.000000000000000000e+00 5.476225702773229731e-02
5.654861985085077487e-03 0.000000000000000000e+00 3.934320698599849675e-02 0.000000000000000000e+00 6.583156939676568231e-02
3.578963369536310862e-02 0.000000000000000000e+00 3.473436152361114582e-02 0.000000000000000000e+00 2.298490665615311040e-02
8.016858435739739053e-02 6.440305095015830608e-03 1.518896226975142982e-02 4.837957041553079054e-03 2.398762414024742688e-04
1.210772974497583698e-01 9.890776116539934382e-03 0.000000000000000000e+00 8.905886154466595775e-03 1.113724763705746697e-02
1.537598882564040759e-01 6.401971748269181216e-03 0.000000000000000000e+00 1.428145635846232199e-02 6.696731375888980570e-03
1.630393537719202757e-01 0.000000000000000000e+00 0.000000000000000000e+00 1.914881477824355999e-02 0.000000000000000000e+00
1.334819441253683459e-01 0.000000000000000000e+00 0.000000000000000000e+00 1.710298462004090220e-02 0.000000000000000000e+00
9.392482382612529768e-02 0.000000000000000000e+00 0.000000000000000000e+00 9.006833207484242140e-03 0.000000000000000000e+00
5.432894670545720950e-02 0.000000000000000000e+00 0.000000000000000000e+00 1.037975526642599851e-02 0.000000000000000000e+00
2.512246327356965070e-02 0.000000000000000000e+00 0.000000000000000000e+00 5.813058354600940045e-03 0.000000000000000000e+00
4.596906068227432814e-03 7.707129858333439977e-04 0.000000000000000000e+00 0.000000000000000000e+00 1.080317861868279867e-06
0.000000000000000000e+00 0.000000000000000000e+00 0.000000000000000000e+00 0.000000000000000000e+00 0.000000000000000000e+00
0.000000000000000000e+00 0.000000000000000000e+00 0.000000000000000000e+00 0.000000000000000000e+00 0.000000000000000000e+00
0.000000000000000000e+00 0.000000000000000000e+00 0.000000000000000000e+00 0.000000000000000000e+00 0.000000000000000000e+00
0.000000000000000000e+00 0.000000000000000000e+00 0.000000000000000000e+00 0.000000000000000000e+00 0.000000000000000000e+00
0.000000000000000000e+00 0.000000000000000000e+00 0.000000000000000000e+00 0.000000000000000000e+00 0.000000000000000000e+00
0.000000000000000000e+00 0.000000000000000000e+00 0.000000000000000000e+00 0.000000000000000000e+00 0.000000000000000000e+00
0.000000000000000000e+00 0.000000000000000000e+00 0.000000000000000000e+00 0.000000000000000000e+00 0.000000000000000000e+00
0.000000000000000000e+00 0.000000000000000000e+00 0.000000000000000000e+00 0.000000000000000000e+00 0.000000000000000000e+00
0.000000000000000000e+00 0.000000000000000000e+00 0.000000000000000000e+00 0.000000000000000000e+00 0.000000000000000000e+00
0.000000000000000000e+00 0.000000000000000000e+00 0.000000000000000000e+00 0.000000000000000000e+00 0.000000000000000000e+00
0.000000000000000000e+00 0.000000000000000000e+00 0.000000000000000000e+00 0.000000000000000000e+00 0.000000000000000000e+00
0.000000000000000000e+00 0.000000000000000000e+00 0.000000000000000000e+00 0.000000000000000000e+00 0.000000000000000000e+00
0.000000000000000000e+00 0.000000000000000000e+00 0.000000000000000000e+00 0.000000000000000000e+00 0.000000000000000000e+00
0.000000000000000000e+00 0.000000000000000000e+00 0.000000000000000000e+00 0.000000000000000000e+00 0.000000000000000000e+00
0.000000000000000000e+00 0.000000000000000000e+00 8.485974135692096743e-04 0.000000000000000000e+00 1.711073810527449432e-03
0.000000000000000000e+00 0.000000000000000000e+00 3.036092968547616892e-03 0.000000000000000000e+00 6.121841855442657944e-03
0.000000000000000000e+00 0.000000000000000000e+00 3.668880581297190736e-03 0.000000000000000000e+00 1.525250151668831357e-02
0.000000000000000000e+00 0.000000000000000000e+00 8.032704195881539607e-04 0.000000000000000000e+00 1.329751469402999133e-02
0.000000000000000000e+00 0.000000000000000000e+00 0.000000000000000000e+00 0.000000000000000000e+00 0.000000000000000000e+00
5.020346926604349856e-03 0.000000000000000000e+00 9.501482661568703579e-04 2.830026043781865746e-04 0.000000000000000000e+00
2.416240063512327743e-02 2.623521197163242391e-06 1.031886280006237685e-03 3.010705643187486474e-04 0.000000000000000000e+00
2.799463686389100023e-02 0.000000000000000000e+00 9.480014897862796414e-04 1.517521664265277523e-03 0.000000000000000000e+00
2.402461158859056298e-02 0.000000000000000000e+00 2.030191751447684226e-03 2.681465172765811378e-04 0.000000000000000000e+00
1.655493408110408210e-02 6.780645476345521045e-04 0.000000000000000000e+00 4.577187654005173507e-04 0.000000000000000000e+00
1.203349192759236089e-02 2.453766875353323267e-04 0.000000000000000000e+00 1.215912862136577823e-03 0.000000000000000000e+00
1.408292344648654978e-02 1.081708184703733880e-03 0.000000000000000000e+00 5.362043930353518548e-04 0.000000000000000000e+00
6.499370901288677345e-03 1.609441571950339820e-03 0.000000000000000000e+00 0.000000000000000000e+00 0.000000000000000000e+00
1.817420403547682613e-03 7.416524597531114291e-04 0.000000000000000000e+00 0.000000000000000000e+00 0.000000000000000000e+00
0.000000000000000000e+00 0.000000000000000000e+00 0.000000000000000000e+00 0.000000000000000000e+00 0.000000000000000000e+00
0.000000000000000000e+00 0.000000000000000000e+00 0.000000000000000000e+00 0.000000000000000000e+00 0.000000000000000000e+00
0.000000000000000000e+00 0.000000000000000000e+00 0.000000000000000000e+00 0.000000000000000000e+00 0.000000000000000000e+00
0.000000000000000000e+00 0.000000000000000000e+00 0.000000000000000000e+00 0.000000000000000000e+00 0.000000000000000000e+00
0.000000000000000000e+00 0.000000000000000000e+00 0.000000000000000000e+00 0.000000000000000000e+00 0.000000000000000000e+00
0.000000000000000000e+00 0.000000000000000000e+00 0.000000000000000000e+00 0.000000000000000000e+00 0.000000000000000000e+00
0.000000000000000000e+00 0.000000000000000000e+00 0.000000000000000000e+00 0.000000000000000000e+00 0.000000000000000000e+00
0.000000000000000000e+00 0.000000000000000000e+00 0.000000000000000000e+00 0.000000000000000000e+00 0.000000000000000000e+00
0.000000000000000000e+00 0.000000000000000000e+00 0.000000000000000000e+00 0.000000000000000000e+00 0.000000000000000000e+00
0.000000000000000000e+00 0.000000000000000000e+00 0.000000000000000000e+00 0.000000000000000000e+00 0.000000000000000000e+00
0.000000000000000000e+00 0.000000000000000000e+00 0.000000000000000000e+00 0.000000000000000000e+00 0.000000000000000000e+00
0.000000000000000000e+00 0.000000000000000000e+00 0.000000000000000000e+00 0.000000000000000000e+00 0.000000000000000000e+00
0.000000000000000000e+00 0.000000000000000000e+00 0.000000000000000000e+00 0.000000000000000000e+00 0.000000000000000000e+00
0.000000000000000000e+00 0.000000000000000000e+00 0.000000000000000000e+00 0.000000000000000000e+00 0.000000000000000000e+00
0.000000000000000000e+00 0.000000000000000000e+00 0.000000000000000000e+00 0.000000000000000000e+00 0.000000000000000000e+00
0.000000000000000000e+00 0.000000000000000000e+00 0.000000000000000000e+00 0.000000000000000000e+00 0.000000000000000000e+00
0.000000000000000000e+00 0.000000000000000000e+00 0.000000000000000000e+00 0.000000000000000000e+00 0.000000000000000000e+00
0.000000000000000000e+00 0.000000000000000000e+00 0.000000000000000000e+00 0.000000000000000000e+00 0.000000000000000000e+00
0.000000000000000000e+00 0.000000000000000000e+00 0.000000000000000000e+00 0.000000000000000000e+00 0.000000000000000000e+00
0.000000000000000000e+00 0.000000000000000000e+00 0.000000000000000000e+00 0.000000000000000000e+00 0.000000000000000000e+00
0.000000000000000000e+00 0.000000000000000000e+00 0.000000000000000000e+00 0.000000000000000000e+00 0.000000000000000000e+00
0.000000000000000000e+00 0.000000000000000000e+00 0.000000000000000000e+00 0.000000000000000000e+00 0.000000000000000000e+00
0.000000000000000000e+00 0.000000000000000000e+00 0.000000000000000000e+00 0.000000000000000000e+00 0.000000000000000000e+00
0.000000000000000000e+00 0.000000000000000000e+00 0.000000000000000000e+00 0.000000000000000000e+00 0.000000000000000000e+00
0.000000000000000000e+00 0.000000000000000000e+00 0.000000000000000000e+00 0.000000000000000000e+00 0.000000000000000000e+00
0.000000000000000000e+00 0.000000000000000000e+00 0.000000000000000000e+00 0.000000000000000000e+00 0.000000000000000000e+00
0.000000000000000000e+00 0.000000000000000000e+00 0.000000000000000000e+00 0.000000000000000000e+00 0.000000000000000000e+00
0.000000000000000000e+00 0.000000000000000000e+00 0.000000000000000000e+00 0.000000000000000000e+00 0.000000000000000000e+00
0.000000000000000000e+00 0.000000000000000000e+00 0.000000000000000000e+00 0.000000000000000000e+00 0.000000000000000000e+00
0.000000000000000000e+00 0.000000000000000000e+00 0.000000000000000000e+00 0.000000000000000000e+00 0.000000000000000000e+00
0.000000000000000000e+00 0.000000000000000000e+00 0.000000000000000000e+00 0.000000000000000000e+00 0.000000000000000000e+00
0.000000000000000000e+00 0.000000000000000000e+00 0.000000000000000000e+00 0.000000000000000000e+00 0.000000000000000000e+00
0.000000000000000000e+00 0.000000000000000000e+00 0.000000000000000000e+00 0.000000000000000000e+00 0.000000000000000000e+00
0.000000000000000000e+00 0.000000000000000000e+00 0.000000000000000000e+00 0.000000000000000000e+00 0.000000000000000000e+00
0.000000000000000000e+00 0.000000000000000000e+00 0.000000000000000000e+00 0.000000000000000000e+00 0.000000000000000000e+00
0.000000000000000000e+00 0.000000000000000000e+00 0.000000000000000000e+00 0.000000000000000000e+00 0.000000000000000000e+00
0.000000000000000000e+00 0.000000000000000000e+00 0.000000000000000000e+00 0.000000000000000000e+00 0.000000000000000000e+00
0.000000000000000000e+00 0.000000000000000000e+00 0.000000000000000000e+00 0.000000000000000000e+00 0.000000000000000000e+00
0.000000000000000000e+00 0.000000000000000000e+00 0.000000000000000000e+00 0.000000000000000000e+00 0.000000000000000000e+00
0.000000000000000000e+00 0.000000000000000000e+00 0.000000000000000000e+00 0.000000000000000000e+00 0.000000000000000000e+00
0.000000000000000000e+00 0.000000000000000000e+00 0.000000000000000000e+00 0.000000000000000000e+00 0.000000000000000000e+00
0.000000000000000000e+00 0.000000000000000000e+00 0.000000000000000000e+00 0.000000000000000000e+00 0.000000000000000000e+00
0.000000000000000000e+00 0.000000000000000000e+00 0.000000000000000000e+00 0.000000000000000000e+00 0.000000000000000000e+00
0.000000000000000000e+00 0.000000000000000000e+00 0.000000000000000000e+00 0.000000000000000000e+00 0.000000000000000000e+00
0.000000000000000000e+00 0.000000000000000000e+00 0.000000000000000000e+00 0.000000000000000000e+00 0.000000000000000000e+00
0.000000000000000000e+00 0.000000000000000000e+00 0.000000000000000000e+00 0.000000000000000000e+00 0.000000000000000000e+00
0.000000000000000000e+00 0.000000000000000000e+00 0.000000000000000000e+00 0.000000000000000000e+00 0.000000000000000000e+00
0.000000000000000000e+00 0.000000000000000000e+00 0.000000000000000000e+00 0.000000000000000000e+00 0.000000000000000000e+00
0.000000000000000000e+00 0.000000000000000000e+00 0.000000000000000000e+00 0.000000000000000000e+00 0.000000000000000000e+00
0.000000000000000000e+00 0.000000000000000000e+00 0.000000000000000000e+00 0.000000000000000000e+00 0.000000000000000000e+00
0.000000000000000000e+00 0.000000000000000000e+00 0.000000000000000000e+00 0.000000000000000000e+00 0.000000000000000000e+00
0.000000000000000000e+00 0.000000000000000000e+00 0.000000000000000000e+00 0.000000000000000000e+00 0.000000000000000000e+00
0.000000000000000000e+00 0.000000000000000000e+00 0.000000000000000000e+00 0.000000000000000000e+00 0.000000000000000000e+00
0.000000000000000000e+00 0.000000000000000000e+00 0.000000000000000000e+00 0.000000000000000000e+00 0.000000000000000000e+00
0.000000000000000000e+00 0.000000000000000000e+00 0.000000000000000000e+00 0.000000000000000000e+00 0.000000000000000000e+00
0.000000000000000000e+00 0.000000000000000000e+00 0.000000000000000000e+00 0.000000000000000000e+00 0.000000000000000000e+00
0.000000000000000000e+00 0.000000000000000000e+00 0.000000000000000000e+00 0.000000000000000000e+00 0.000000000000000000e+00
0.000000000000000000e+00 0.000000000000000000e+00 0.000000000000000000e+00 0.000000000000000000e+00 0.000000000000000000e+00
0.000000000000000000e+00 0.000000000000000000e+00 0.000000000000000000e+00 0.000000000000000000e+00 0.000000000000000000e+00
0.000000000000000000e+00 0.000000000000000000e+00 0.000000000000000000e+00 0.000000000000000000e+00 0.000000000000000000e+00
0.000000000000000000e+00 0.000000000000000000e+00 0.000000000000000000e+00 0.000000000000000000e+00 0.000000000000000000e+00
0.000000000000000000e+00 0.000000000000000000e+00 0.000000000000000000e+00 0.000000000000000000e+00 0.000000000000000000e+00
0.000000000000000000e+00 0.000000000000000000e+00 0.000000000000000000e+00 0.000000000000000000e+00 0.000000000000000000e+00
0.000000000000000000e+00 0.000000000000000000e+00 0.000000000000000000e+00 0.000000000000000000e+00 0.000000000000000000e+00
0.000000000000000000e+00 0.000000000000000000e+00 0.000000000000000000e+00 0.000000000000000000e+00 0.000000000000000000e+00
0.000000000000000000e+00 0.000000000000000000e+00 0.000000000000000000e+00 0.000000000000000000e+00 0.000000000000000000e+00
0.000000000000000000e+00 0.000000000000000000e+00 0.000000000000000000e+00 0.000000000000000000e+00 0.000000000000000000e+00
0.000000000000000000e+00 0.000000000000000000e+00 0.000000000000000000e+00 0.000000000000000000e+00 0.000000000000000000e+00
0.000000000000000000e+00 0.000000000000000000e+00 0.000000000000000000e+00 0.000000000000000000e+00 0.000000000000000000e+00
0.000000000000000000e+00 0.000000000000000000e+00 0.000000000000000000e+00 0.000000000000000000e+00 0.000000000000000000e+00
0.000000000000000000e+00 0.000000000000000000e+00 0.000000000000000000e+00 0.000000000000000000e+00 0.000000000000000000e+00
0.000000000000000000e+00 0.000000000000000000e+00 0.000000000000000000e+00 0.000000000000000000e+00 0.000000000000000000e+00
0.000000000000000000e+00 0.000000000000000000e+00 0.000000000000000000e+00 0.000000000000000000e+00 0.000000000000000000e+00
0.000000000000000000e+00 0.000000000000000000e+00 0.000000000000000000e+00 0.000000000000000000e+00 0.000000000000000000e+00
0.000000000000000000e+00 0.000000000000000000e+00 0.000000000000000000e+00 0.000000000000000000e+00 0.000000000000000000e+00
0.000000000000000000e+00 0.000000000000000000e+00 0.000000000000000000e+00 0.000000000000000000e+00 0.000000000000000000e+00
0.000000000000000000e+00 0.000000000000000000e+00 0.000000000000000000e+00 0.000000000000000000e+00 0.000000000000000000e+00
0.000000000000000000e+00 0.000000000000000000e+00 0.000000000000000000e+00 0.000000000000000000e+00 0.000000000000000000e+00
0.000000000000000000e+00 0.000000000000000000e+00 0.000000000000000000e+00 0.000000000000000000e+00 0.000000000000000000e+00
0.000000000000000000e+00 0.000000000000000000e+00 0.000000000000000000e+00 0.000000000000000000e+00 0.000000000000000000e+00
0.000000000000000000e+00 0.000000000000000000e+00 0.000000000000000000e+00 0.000000000000000000e+00 0.000000000000000000e+00
0.000000000000000000e+00 0.000000000000000000e+00 0.000000000000000000e+00 0.000000000000000000e+00 0.000000000000000000e+00
0.000000000000000000e+00 0.000000000000000000e+00 0.000000000000000000e+00 0.000000000000000000e+00 0.000000000000000000e+00
0.000000000000000000e+00 0.000000000000000000e+00 0.000000000000000000e+00 0.000000000000000000e+00 0.000000000000000000e+00
0.000000000000000000e+00 0.000000000000000000e+00 0.000000000000000000e+00 0.000000000000000000e+00 0.000000000000000000e+00
0.000000000000000000e+00 0.000000000000000000e+00 0.000000000000000000e+00 0.000000000000000000e+00 0.000000000000000000e+00
0.000000000000000000e+00 0.000000000000000000e+00 0.000000000000000000e+00 0.000000000000000000e+00 0.000000000000000000e+00
0.000000000000000000e+00 0.000000000000000000e+00 0.000000000000000000e+00 0.000000000000000000e+00 0.000000000000000000e+00
0.000000000000000000e+00 0.000000000000000000e+00 0.000000000000000000e+00 0.000000000000000000e+00 0.000000000000000000e+00
0.000000000000000000e+00 0.000000000000000000e+00 0.000000000000000000e+00 0.000000000000000000e+00 0.000000000000000000e+00
0.000000000000000000e+00 0.000000000000000000e+00 0.000000000000000000e+00 0.000000000000000000e+00 0.000000000000000000e+00
0.000000000000000000e+00 0.000000000000000000e+00 0.000000000000000000e+00 0.000000000000000000e+00 0.000000000000000000e+00
0.000000000000000000e+00 0.000000000000000000e+00 0.000000000000000000e+00 0.000000000000000000e+00 0.000000000000000000e+00
0.000000000000000000e+00 0.000000000000000000e+00 0.000000000000000000e+00 0.000000000000000000e+00 0.000000000000000000e+00
0.000000000000000000e+00 0.000000000000000000e+00 0.000000000000000000e+00 0.000000000000000000e+00 0.000000000000000000e+00
0.000000000000000000e+00 0.000000000000000000e+00 0.000000000000000000e+00 0.000000000000000000e+00 0.000000000000000000e+00
0.000000000000000000e+00 0.000000000000000000e+00 0.000000000000000000e+00 0.000000000000000000e+00 0.000000000000000000e+00
0.000000000000000000e+00 0.000000000000000000e+00 0.000000000000000000e+00 0.000000000000000000e+00 0.000000000000000000e+00
0.000000000000000000e+00 0.000000000000000000e+00 0.000000000000000000e+00 0.000000000000000000e+00 0.000000000000000000e+00
0.000000000000000000e+00 0.000000000000000000e+00 0.000000000000000000e+00 0.000000000000000000e+00 0.000000000000000000e+00
0.000000000000000000e+00 0.000000000000000000e+00 0.000000000000000000e+00 0.000000000000000000e+00 0.000000000000000000e+00
0.000000000000000000e+00 0.000000000000000000e+00 0.000000000000000000e+00 0.000000000000000000e+00 0.000000000000000000e+00
0.000000000000000000e+00 0.000000000000000000e+00 0.000000000000000000e+00 0.000000000000000000e+00 0.000000000000000000e+00
0.000000000000000000e+00 0.000000000000000000e+00 0.000000000000000000e+00 0.000000000000000000e+00 0.000000000000000000e+00
0.000000000000000000e+00 0.000000000000000000e+00 0.000000000000000000e+00 0.000000000000000000e+00 0.000000000000000000e+00
0.000000000000000000e+00 0.000000000000000000e+00 0.000000000000000000e+00 0.000000000000000000e+00 0.000000000000000000e+00
0.000000000000000000e+00 0.000000000000000000e+00 0.000000000000000000e+00 0.000000000000000000e+00 0.000000000000000000e+00
0.000000000000000000e+00 0.000000000000000000e+00 0.000000000000000000e+00 0.000000000000000000e+00 0.000000000000000000e+00
0.000000000000000000e+00 0.000000000000000000e+00 0.000000000000000000e+00 0.000000000000000000e+00 0.000000000000000000e+00
0.000000000000000000e+00 0.000000000000000000e+00 0.000000000000000000e+00 0.000000000000000000e+00 0.000000000000000000e+00
0.000000000000000000e+00 0.000000000000000000e+00 0.000000000000000000e+00 0.000000000000000000e+00 0.000000000000000000e+00
0.000000000000000000e+00 0.000000000000000000e+00 0.000000000000000000e+00 0.000000000000000000e+00 0.000000000000000000e+00
0.000000000000000000e+00 0.000000000000000000e+00 0.000000000000000000e+00 0.000000000000000000e+00 0.000000000000000000e+00
0.000000000000000000e+00 0.000000000000000000e+00 0.000000000000000000e+00 0.000000000000000000e+00 0.000000000000000000e+00
0.000000000000000000e+00 0.000000000000000000e+00 0.000000000000000000e+00 0.000000000000000000e+00 0.000000000000000000e+00
0.000000000000000000e+00 0.000000000000000000e+00 0.000000000000000000e+00 0.000000000000000000e+00 0.000000000000000000e+00
0.000000000000000000e+00 0.000000000000000000e+00 0.000000000000000000e+00 0.000000000000000000e+00 0.000000000000000000e+00
0.000000000000000000e+00 0.000000000000000000e+00 0.000000000000000000e+00 0.000000000000000000e+00 0.000000000000000000e+00
0.000000000000000000e+00 0.000000000000000000e+00 0.000000000000000000e+00 0.000000000000000000e+00 0.000000000000000000e+00
