7190.1791813373570.000000000000000000e+00 0.000000000000000000e+00 0.000000000000000000e+00 0.000000000000000000e+00 0.000000000000000000e+00
0.000000000000000000e+00 0.000000000000000000e+00 0.000000000000000000e+00 0.000000000000000000e+00 0.000000000000000000e+00
0.000000000000000000e+00 0.000000000000000000e+00 0.000000000000000000e+00 0.000000000000000000e+00 0.000000000000000000e+00
0.000000000000000000e+00 0.000000000000000000e+00 0.000000000000000000e+00 0.000000000000000000e+00 0.000000000000000000e+00
0.000000000000000000e+00 0.000000000000000000e+00 0.000000000000000000e+00 0.000000000000000000e+00 0.000000000000000000e+00
0.000000000000000000e+00 0.000000000000000000e+00 0.000000000000000000e+00 0.000000000000000000e+00 0.000000000000000000e+00
0.000000000000000000e+00 0.000000000000000000e+00 0.000000000000000000e+00 0.000000000000000000e+00 0.000000000000000000e+00
0.000000000000000000e+00 0.000000000000000000e+00 0.000000000000000000e+00 0.000000000000000000e+00 0.000000000000000000e+00
0.000000000000000000e+00 0.000000000000000000e+00 0.000000000000000000e+00 0.000000000000000000e+00 0.000000000000000000e+00
0.000000000000000000e+00 0.000000000000000000e+00 0.000000000000000000e+00 0.000000000000000000e+00 0.000000000000000000e+00
0.000000000000000000e+00 0.000000000000000000e+00 0.000000000000000000e+00 0.000000000000000000e+00 0.000000000000000000e+00
0.000000000000000000e+00 0.000000000000000000e+00 0.000000000000000000e+00 0.000000000000000000e+00 0.000000000000000000e+00
2.810838588306401010e-05 2.965915104793984036e-05 0.000000000000000000e+00 8.452318894690471278e-06 0.000000000000000000e+00
6.154767253705389169e-05 6.494331350152383160e-05 0.000000000000000000e+00 1.850766378664969416e-05 0.000000000000000000e+00
0.000000000000000000e+00 0.000000000000000000e+00 0.000000000000000000e+00 0.000000000000000000e+00 0.000000000000000000e+00
0.000000000000000000e+00 0.000000000000000000e+00 0.000000000000000000e+00 0.000000000000000000e+00 0.000000000000000000e+00
0.000000000000000000e+00 0.000000000000000000e+00 0.000000000000000000e+00 0.000000000000000000e+00 0.000000000000000000e+00
0.000000000000000000e+00 0.000000000000000000e+00 0.000000000000000000e+00 0.000000000000000000e+00 0.000000000000000000e+00
0.000000000000000000e+00 0.000000000000000000e+00 0.000000000000000000e+00 0.000000000000000000e+00 0.000000000000000000e+00
0.000000000000000000e+00 0.000000000000000000e+00 0.000000000000000000e+00 0.000000000000000000e+00 0.000000000000000000e+00
0.000000000000000000e+00 0.000000000000000000e+00 0.000000000000000000e+00 0.000000000000000000e+00 0.000000000000000000e+00
0.000000000000000000e+00 0.000000000000000000e+00 0.000000000000000000e+00 0.000000000000000000e+00 0.000000000000000000e+00
0.000000000000000000e+00 0.000000000000000000e+00 0.000000000000000000e+00 0.000000000000000000e+00 0.000000000000000000e+00
0.000000000000000000e+00 0.000000000000000000e+00 0.000000000000000000e+00 0.000000000000000000e+00 0.000000000000000000e+00
0.000000000000000000e+00 0.000000000000000000e+00 0.000000000000000000e+00 0.000000000000000000e+00 0.000000000000000000e+00
0.000000000000000000e+00 0.000000000000000000e+00 0.000000000000000000e+00 0.000000000000000000e+00 0.000000000000000000e+00
0.000000000000000000e+00 0.000000000000000000e+00 0.000000000000000000e+00 0.000000000000000000e+00 0.000000000000000000e+00
0.000000000000000000e+00 0.000000000000000000e+00 0.000000000000000000e+00 0.000000000000000000e+00 0.000000000000000000e+00
0.000000000000000000e+00 0.000000000000000000e+00 0.000000000000000000e+00 0.000000000000000000e+00 0.000000000000000000e+00
0.000000000000000000e+00 0.000000000000000000e+00 0.000000000000000000e+00 0.000000000000000000e+00 0.000000000000000000e+00
0.000000000000000000e+00 0.000000000000000000e+00 0.000000000000000000e+00 0.000000000000000000e+00 0.000000000000000000e+00
0.000000000000000000e+00 0.000000000000000000e+00 0.000000000000000000e+00 0.000000000000000000e+00 0.000000000000000000e+00
0.000000000000000000e+00 0.000000000000000000e+00 0.000000000000000000e+00 0.000000000000000000e+00 0.000000000000000000e+00
0.000000000000000000e+00 8.138311648319663012e-06 0.000000000000000000e+00 3.692566330811868863e-06 0.000000000000000000e+00
0.000000000000000000e+00 4.507868061047218223e-04 0.000000000000000000e+00 2.202238850035452154e-04 0.000000000000000000e+00
0.000000000000000000e+00 1.179889651168674475e-03 0.000000000000000000e+00 5.146811522756879502e-04 0.000000000000000000e+00
0.000000000000000000e+00 1.935672047679012691e-03 3.830113756772661742e-05 5.297868023094096362e-04 0.000000000000000000e+00
0.000000000000000000e+00 2.842536067589363034e-03 1.934112745596519459e-04 6.053855197930797316e-04 0.000000000000000000e+00
0.000000000000000000e+00 3.300597035111344120e-03 0.000000000000000000e+00 8.413442613911509662e-04 0.000000000000000000e+00
0.000000000000000000e+00 3.800455364816616045e-03 0.000000000000000000e+00 8.935024958470344503e-04 0.000000000000000000e+00
0.000000000000000000e+00 3.708543712759400021e-03 1.436543054203765037e-05 7.925586705181777211e-04 0.000000000000000000e+00
9.541970442217281119e-04 2.572491271237014720e-03 0.000000000000000000e+00 5.553287278867372187e-04 0.000000000000000000e+00
1.380062304668391252e-03 1.922990011401394007e-03 2.011769189576147426e-04 4.514889326229168257e-04 0.000000000000000000e+00
1.397638627345428519e-03 6.587261315364169529e-04 9.736640502888583171e-04 2.639297105438100284e-04 0.000000000000000000e+00
2.575558713554513580e-04 6.063731856122802147e-04 1.540831095917096633e-03 7.626316145541237870e-04 0.000000000000000000e+00
0.000000000000000000e+00 5.578560551912421133e-04 1.637622031947914619e-03 1.289230512299435012e-03 0.000000000000000000e+00
0.000000000000000000e+00 4.990131292107775765e-04 1.276630840826661504e-03 1.607900646662352136e-03 0.000000000000000000e+00
0.000000000000000000e+00 1.600748595290424358e-04 7.649713593593891747e-04 1.036701706019355074e-03 0.000000000000000000e+00
0.000000000000000000e+00 3.243587771725181540e-05 6.605235379106247796e-04 3.160227649353293295e-04 1.418677312719266684e-04
0.000000000000000000e+00 3.625984363638672136e-05 1.630035376008285978e-04 0.000000000000000000e+00 3.521870077229917418e-04
1.950800813942986522e-05 2.115572804369221049e-05 3.681261230965477446e-05 3.209137159548568732e-06 5.086571181294357772e-05
6.899784664039366035e-05 2.743687736647680258e-05 0.000000000000000000e+00 2.693993796936664178e-06 0.000000000000000000e+00
0.000000000000000000e+00 0.000000000000000000e+00 0.000000000000000000e+00 0.000000000000000000e+00 0.000000000000000000e+00
0.000000000000000000e+00 0.000000000000000000e+00 0.000000000000000000e+00 0.000000000000000000e+00 0.000000000000000000e+00
0.000000000000000000e+00 0.000000000000000000e+00 0.000000000000000000e+00 0.000000000000000000e+00 0.000000000000000000e+00
0.000000000000000000e+00 0.000000000000000000e+00 0.000000000000000000e+00 0.000000000000000000e+00 0.000000000000000000e+00
0.000000000000000000e+00 0.000000000000000000e+00 0.000000000000000000e+00 0.000000000000000000e+00 0.000000000000000000e+00
0.000000000000000000e+00 0.000000000000000000e+00 0.000000000000000000e+00 0.000000000000000000e+00 0.000000000000000000e+00
2.730246629969211374e-05 0.000000000000000000e+00 2.428804389772749596e-05 6.800965842657824795e-07 0.000000000000000000e+00
0.000000000000000000e+00 0.000000000000000000e+00 0.000000000000000000e+00 0.000000000000000000e+00 0.000000000000000000e+00
0.000000000000000000e+00 7.835586549031814440e-05 5.319746849728927500e-05 1.143733269863095610e-05 0.000000000000000000e+00
0.000000000000000000e+00 6.302814228099893365e-05 1.269597623544498913e-05 1.593694646127608670e-05 0.000000000000000000e+00
0.000000000000000000e+00 1.258717897863698880e-03 0.000000000000000000e+00 2.680502673890413929e-04 0.000000000000000000e+00
0.000000000000000000e+00 4.180530384959810566e-03 0.000000000000000000e+00 8.743456322629733187e-04 0.000000000000000000e+00
0.000000000000000000e+00 9.523418715784720198e-03 0.000000000000000000e+00 1.709645896515021597e-03 0.000000000000000000e+00
0.000000000000000000e+00 1.608513760119810107e-02 0.000000000000000000e+00 2.154510082419442470e-03 0.000000000000000000e+00
0.000000000000000000e+00 2.258210171440550376e-02 0.000000000000000000e+00 2.804276355176721879e-03 0.000000000000000000e+00
0.000000000000000000e+00 2.860772596104186813e-02 0.000000000000000000e+00 2.927654679800925641e-03 0.000000000000000000e+00
1.062280836499879776e-02 3.261998205357552472e-02 0.000000000000000000e+00 1.853496181224756822e-03 0.000000000000000000e+00
2.736220801020250448e-02 2.586011299893909224e-02 0.000000000000000000e+00 1.382391548729817619e-03 0.000000000000000000e+00
3.907577592907030689e-02 1.273260696962354860e-02 2.066841733094443800e-04 6.059151314814403312e-03 0.000000000000000000e+00
3.259710157666907693e-02 1.670280346502180579e-03 1.380584660638348692e-02 1.832787778084989452e-02 0.000000000000000000e+00
9.951158330907797570e-03 0.000000000000000000e+00 3.132237198522374449e-02 3.328391488193554321e-02 0.000000000000000000e+00
0.000000000000000000e+00 2.684310005749735838e-03 4.169062581431481201e-02 4.011450327901118496e-02 0.000000000000000000e+00
0.000000000000000000e+00 2.835977275921600614e-03 4.141524221428526109e-02 3.116809949691453155e-02 0.000000000000000000e+00
0.000000000000000000e+00 2.522939652773343601e-04 2.981151625286961732e-02 1.290645211833275213e-02 8.463676044932809048e-03
0.000000000000000000e+00 0.000000000000000000e+00 1.503172226207599715e-02 2.158149437505321733e-03 1.674192895718038324e-02
0.000000000000000000e+00 0.000000000000000000e+00 6.390029740918918427e-03 0.000000000000000000e+00 1.195874232673258680e-02
0.000000000000000000e+00 1.188708372869931198e-08 2.492223582216660308e-03 0.000000000000000000e+00 5.120103402640505119e-03
0.000000000000000000e+00 1.762294256063222760e-05 8.752234382798183138e-04 0.000000000000000000e+00 1.642106652383757207e-03
0.000000000000000000e+00 4.248193375030219894e-05 2.363034381952518030e-04 0.000000000000000000e+00 7.904463735708325669e-04
0.000000000000000000e+00 2.087336073598191309e-05 0.000000000000000000e+00 4.672195471158443558e-06 1.396323405429415233e-04
0.000000000000000000e+00 0.000000000000000000e+00 0.000000000000000000e+00 0.000000000000000000e+00 0.000000000000000000e+00
0.000000000000000000e+00 0.000000000000000000e+00 0.000000000000000000e+00 0.000000000000000000e+00 0.000000000000000000e+00
0.000000000000000000e+00 0.000000000000000000e+00 0.000000000000000000e+00 0.000000000000000000e+00 0.000000000000000000e+00
0.000000000000000000e+00 0.000000000000000000e+00 0.000000000000000000e+00 0.000000000000000000e+00 0.000000000000000000e+00
6.015074606650892445e-05 0.000000000000000000e+00 5.350959671218115751e-05 1.498337787210659504e-06 0.000000000000000000e+00
5.313586752997929802e-06 0.000000000000000000e+00 5.755826848462571976e-05 0.000000000000000000e+00 4.208675047707274890e-05
0.000000000000000000e+00 5.218239060659364933e-05 9.376825346088559486e-05 2.528560110074425563e-05 3.040725312298406531e-05
0.000000000000000000e+00 6.581550151796392327e-04 1.340733512805819766e-04 6.489749876080191796e-05 0.000000000000000000e+00
0.000000000000000000e+00 3.175722034556455534e-03 0.000000000000000000e+00 3.898190939989288283e-04 1.118461362359084826e-05
0.000000000000000000e+00 9.478192442842542018e-03 0.000000000000000000e+00 1.563838496480505049e-03 0.000000000000000000e+00
0.000000000000000000e+00 1.983063652168097143e-02 0.000000000000000000e+00 2.826689858800138927e-03 0.000000000000000000e+00
0.000000000000000000e+00 3.374061238619704972e-02 0.000000000000000000e+00 3.644165131361488952e-03 0.000000000000000000e+00
0.000000000000000000e+00 4.943633406987518741e-02 0.000000000000000000e+00 3.244831666200734006e-03 0.000000000000000000e+00
8.878922567730172799e-03 6.075596067352248553e-02 0.000000000000000000e+00 8.306363250422539026e-04 0.000000000000000000e+00
3.615310235538880812e-02 5.688917642163865418e-02 0.000000000000000000e+00 0.000000000000000000e+00 0.000000000000000000e+00
7.215623255790790114e-02 3.712558031323703184e-02 0.000000000000000000e+00 0.000000000000000000e+00 0.000000000000000000e+00
9.562793328612589905e-02 1.040793557592750371e-02 1.622550044201479229e-03 1.477103336760755316e-02 0.000000000000000000e+00
7.971727653723885421e-02 0.000000000000000000e+00 3.064685905568024019e-02 4.638676197420836533e-02 0.000000000000000000e+00
3.064703934693434675e-02 0.000000000000000000e+00 5.982950335324818680e-02 7.504229408827008119e-02 0.000000000000000000e+00
0.000000000000000000e+00 0.000000000000000000e+00 7.191621070947448735e-02 7.844799282598464985e-02 0.000000000000000000e+00
0.000000000000000000e+00 0.000000000000000000e+00 6.475717370921338367e-02 4.717280322534123799e-02 4.143448944401619677e-02
0.000000000000000000e+00 0.000000000000000000e+00 4.221648436430366913e-02 1.068753023722915883e-02 8.151279042038411804e-02
0.000000000000000000e+00 0.000000000000000000e+00 2.201918990896523098e-02 0.000000000000000000e+00 7.634519188471143580e-02
0.000000000000000000e+00 0.000000000000000000e+00 1.040235789601031899e-02 0.000000000000000000e+00 4.909774333380689110e-02
0.000000000000000000e+00 0.000000000000000000e+00 5.222428284528512175e-03 0.000000000000000000e+00 2.401639951257520528e-02
0.000000000000000000e+00 0.000000000000000000e+00 1.999455263816849251e-03 0.000000000000000000e+00 8.832420389278483261e-03
0.000000000000000000e+00 0.000000000000000000e+00 5.991091074806411537e-04 0.000000000000000000e+00 3.868877560183047685e-03
0.000000000000000000e+00 0.000000000000000000e+00 1.182194994571379346e-05 0.000000000000000000e+00 4.020340112093440067e-04
7.998700427427836478e-06 3.248557380318016924e-06 0.000000000000000000e+00 0.000000000000000000e+00 1.455909914169615138e-04
0.000000000000000000e+00 0.000000000000000000e+00 0.000000000000000000e+00 0.000000000000000000e+00 0.000000000000000000e+00
0.000000000000000000e+00 0.000000000000000000e+00 0.000000000000000000e+00 0.000000000000000000e+00 0.000000000000000000e+00
0.000000000000000000e+00 0.000000000000000000e+00 0.000000000000000000e+00 0.000000000000000000e+00 0.000000000000000000e+00
0.000000000000000000e+00 0.000000000000000000e+00 0.000000000000000000e+00 0.000000000000000000e+00 0.000000000000000000e+00
1.737789113360836364e-06 0.000000000000000000e+00 7.400584028037397526e-05 0.000000000000000000e+00 7.409110151973479050e-05
0.000000000000000000e+00 1.249876717845909151e-04 1.085841399147025206e-04 0.000000000000000000e+00 9.301988908594594304e-06
0.000000000000000000e+00 1.417810436898784762e-03 4.822572856576698148e-05 0.000000000000000000e+00 4.056285588371615503e-04
0.000000000000000000e+00 5.157821701519418878e-03 0.000000000000000000e+00 7.871451101131853338e-04 0.000000000000000000e+00
0.000000000000000000e+00 1.393042481079543801e-02 0.000000000000000000e+00 2.315308699398997781e-03 0.000000000000000000e+00
0.000000000000000000e+00 2.997611817310416593e-02 0.000000000000000000e+00 4.147248942582944936e-03 0.000000000000000000e+00
0.000000000000000000e+00 5.386178985352578497e-02 0.000000000000000000e+00 4.921303868322025529e-03 0.000000000000000000e+00
0.000000000000000000e+00 7.399110418405493994e-02 0.000000000000000000e+00 3.060258779151182971e-03 0.000000000000000000e+00
2.532363977869735508e-02 7.906040886808385348e-02 0.000000000000000000e+00 0.000000000000000000e+00 0.000000000000000000e+00
7.058263190000932386e-02 6.052390791940675391e-02 0.000000000000000000e+00 0.000000000000000000e+00 0.000000000000000000e+00
1.152637908971877595e-01 2.761294586108347868e-02 0.000000000000000000e+00 0.000000000000000000e+00 0.000000000000000000e+00
1.187254705321922482e-01 0.000000000000000000e+00 2.361146187954673778e-02 3.271898053744202312e-02 0.000000000000000000e+00
7.430788133377320970e-02 0.000000000000000000e+00 6.082341268643969012e-02 7.617243360677632136e-02 0.000000000000000000e+00
1.527016918433915169e-02 0.000000000000000000e+00 8.314491571413540338e-02 9.826536292498626313e-02 0.000000000000000000e+00
0.000000000000000000e+00 0.000000000000000000e+00 8.104499596549662177e-02 7.461875311188678750e-02 4.629620001022786979e-02
0.000000000000000000e+00 0.000000000000000000e+00 6.174717768852748534e-02 3.012796071268356718e-02 1.120373734472336485e-01
0.000000000000000000e+00 0.000000000000000000e+00 3.446968102018716645e-02 0.000000000000000000e+00 1.315381837059368120e-01
1.278244450725303646e-03 0.000000000000000000e+00 1.839573032368740230e-02 0.000000000000000000e+00 1.049161938848121450e-01
2.177223917738416344e-03 0.000000000000000000e+00 9.508656276381201658e-03 0.000000000000000000e+00 6.651598673538028361e-02
1.646261127156996512e-03 0.000000000000000000e+00 4.144139600947553681e-03 0.000000000000000000e+00 3.524294979895380153e-02
6.661694772274016777e-04 0.000000000000000000e+00 1.994196144095507391e-03 0.000000000000000000e+00 1.511502233859117125e-02
7.951537182522535393e-05 0.000000000000000000e+00 4.518206556262282418e-04 0.000000000000000000e+00 5.931469872509197681e-03
0.000000000000000000e+00 0.000000000000000000e+00 2.882881851174039651e-05 0.000000000000000000e+00 1.263940696021191492e-03
3.536357773440885901e-06 4.544419427164395878e-06 0.000000000000000000e+00 0.000000000000000000e+00 6.884857111072472703e-05
2.412573415868383481e-06 4.088010539020573457e-06 0.000000000000000000e+00 0.000000000000000000e+00 4.839363843230871720e-05
0.000000000000000000e+00 0.000000000000000000e+00 0.000000000000000000e+00 0.000000000000000000e+00 0.000000000000000000e+00
0.000000000000000000e+00 0.000000000000000000e+00 0.000000000000000000e+00 0.000000000000000000e+00 0.000000000000000000e+00
0.000000000000000000e+00 0.000000000000000000e+00 2.080450820025386819e-05 4.589545516517439933e-06 1.630016145372161114e-05
0.000000000000000000e+00 0.000000000000000000e+00 0.000000000000000000e+00 0.000000000000000000e+00 0.000000000000000000e+00
0.000000000000000000e+00 4.106994942721088030e-04 2.257910568938773389e-04 4.858637805192265823e-05 0.000000000000000000e+00
0.000000000000000000e+00 2.282240266603261653e-03 0.000000000000000000e+00 2.141933662250417481e-04 3.383512883112748922e-04
0.000000000000000000e+00 6.751497373169071566e-03 0.000000000000000000e+00 1.106043900442361646e-03 0.000000000000000000e+00
0.000000000000000000e+00 1.896549526938469399e-02 0.000000000000000000e+00 2.808299436248854093e-03 0.000000000000000000e+00
0.000000000000000000e+00 4.410927522237606535e-02 0.000000000000000000e+00 5.434763210349211580e-03 0.000000000000000000e+00
0.000000000000000000e+00 7.292006430483341517e-02 0.000000000000000000e+00 5.673322380907942948e-03 0.000000000000000000e+00
7.419125755935849012e-03 9.169054928664224779e-02 0.000000000000000000e+00 6.612290588021505888e-04 0.000000000000000000e+00
5.316236012124910676e-02 7.992437300255858523e-02 0.000000000000000000e+00 0.000000000000000000e+00 0.000000000000000000e+00
1.114980245274852649e-01 4.397362990026285057e-02 0.000000000000000000e+00 0.000000000000000000e+00 0.000000000000000000e+00
1.368650466576628866e-01 3.084995446764401180e-03 1.723043174991371190e-02 1.345333478942930400e-02 0.000000000000000000e+00
9.766849410229863637e-02 0.000000000000000000e+00 6.101373278122622368e-02 6.423498876259363388e-02 0.000000000000000000e+00
2.859353338281404866e-02 0.000000000000000000e+00 8.860982664763453198e-02 1.037080746878795423e-01 0.000000000000000000e+00
0.000000000000000000e+00 0.000000000000000000e+00 9.057157082755885880e-02 9.189482950736269085e-02 3.749158187621516591e-02
0.000000000000000000e+00 0.000000000000000000e+00 6.828583807942552319e-02 4.266742428433065865e-02 1.193780221722353235e-01
0.000000000000000000e+00 0.000000000000000000e+00 4.055644593445208862e-02 7.680554638944189902e-04 1.516786019511445482e-01
2.917233395998327858e-03 0.000000000000000000e+00 2.092263205326390374e-02 0.000000000000000000e+00 1.319344640164013260e-01
4.954525405633797806e-03 0.000000000000000000e+00 1.092192702473371475e-02 0.000000000000000000e+00 8.931383816089547012e-02
3.787492561283657515e-03 0.000000000000000000e+00 5.775026723334216253e-03 0.000000000000000000e+00 5.216214656738708128e-02
1.694668788572087272e-03 0.000000000000000000e+00 2.906435878343313194e-03 0.000000000000000000e+00 2.795607914194662633e-02
8.893991490168811102e-04 0.000000000000000000e+00 1.605809827257816428e-03 0.000000000000000000e+00 1.406143548723095583e-02
3.868423284288846002e-04 0.000000000000000000e+00 5.524024321013515674e-04 0.000000000000000000e+00 6.104655640244422213e-03
0.000000000000000000e+00 2.263948058094174167e-04 9.552898484505371846e-05 0.000000000000000000e+00 1.356486686319562009e-03
4.228748903290191690e-06 2.504408688891428942e-05 0.000000000000000000e+00 0.000000000000000000e+00 2.128847712341842260e-04
3.561417899615281059e-06 6.034682224268437345e-06 0.000000000000000000e+00 0.000000000000000000e+00 7.143822816197983145e-05
0.000000000000000000e+00 0.000000000000000000e+00 0.000000000000000000e+00 0.000000000000000000e+00 0.000000000000000000e+00
0.000000000000000000e+00 0.000000000000000000e+00 0.000000000000000000e+00 0.000000000000000000e+00 0.000000000000000000e+00
0.000000000000000000e+00 9.005754994471835715e-06 4.281399647258492567e-05 3.236950360932376618e-05 0.000000000000000000e+00
0.000000000000000000e+00 2.938006703134402463e-06 0.000000000000000000e+00 2.049045038491252316e-06 1.046826545738753595e-05
0.000000000000000000e+00 3.204877813624161715e-04 1.390611715706449548e-04 1.052920208841982413e-04 0.000000000000000000e+00
0.000000000000000000e+00 2.819781079638061273e-03 0.000000000000000000e+00 3.826890589238729642e-04 1.743240912947624467e-04
0.000000000000000000e+00 9.570261965583214125e-03 0.000000000000000000e+00 1.368793365944397707e-03 0.000000000000000000e+00
0.000000000000000000e+00 2.809764350794311319e-02 0.000000000000000000e+00 3.930041423348317776e-03 0.000000000000000000e+00
0.000000000000000000e+00 5.806211157134818363e-02 0.000000000000000000e+00 6.539782266202662404e-03 0.000000000000000000e+00
0.000000000000000000e+00 9.136332022650116291e-02 0.000000000000000000e+00 4.173600735115737780e-03 0.000000000000000000e+00
2.890431604995779072e-02 9.709951250006122747e-02 0.000000000000000000e+00 0.000000000000000000e+00 0.000000000000000000e+00
9.230132775006615053e-02 6.635974619355608506e-02 0.000000000000000000e+00 0.000000000000000000e+00 0.000000000000000000e+00
1.420285969119216285e-01 1.460815319616626945e-02 1.309452497095873504e-02 0.000000000000000000e+00 0.000000000000000000e+00
1.208100526123300350e-01 0.000000000000000000e+00 5.618819880190860372e-02 4.508445896938929887e-02 0.000000000000000000e+00
4.492038155787405479e-02 0.000000000000000000e+00 9.243015967362368246e-02 9.994710225445502250e-02 0.000000000000000000e+00
0.000000000000000000e+00 0.000000000000000000e+00 9.726781135976672599e-02 1.072021953237383834e-01 1.954344258795533834e-02
0.000000000000000000e+00 0.000000000000000000e+00 7.159047754886012360e-02 6.004958533989520481e-02 1.110124836400073617e-01
0.000000000000000000e+00 0.000000000000000000e+00 3.860011994616762560e-02 1.024821295224875167e-02 1.541833650783943910e-01
0.000000000000000000e+00 0.000000000000000000e+00 1.738707781871227237e-02 0.000000000000000000e+00 1.345302389763923800e-01
5.744986028278302112e-03 0.000000000000000000e+00 8.798988237341796165e-03 0.000000000000000000e+00 8.962879911247144393e-02
5.260385731441362574e-03 0.000000000000000000e+00 5.144801133519835874e-03 0.000000000000000000e+00 5.057546229613194694e-02
3.532052972043285208e-03 0.000000000000000000e+00 2.677068899852082934e-03 0.000000000000000000e+00 2.980084964799775693e-02
1.750204397661041245e-03 0.000000000000000000e+00 1.278747892878981688e-03 0.000000000000000000e+00 1.722773078431264621e-02
7.769657508390117456e-04 0.000000000000000000e+00 9.175177253983492079e-04 0.000000000000000000e+00 8.136234789702117068e-03
4.064715909740015520e-04 0.000000000000000000e+00 2.569421487231717655e-04 0.000000000000000000e+00 3.131893565127222973e-03
0.000000000000000000e+00 3.413058750026175888e-04 1.177519643936199528e-04 0.000000000000000000e+00 1.004451411694686543e-03
5.752411615983859757e-06 6.926915822555112742e-05 0.000000000000000000e+00 1.371142858050325493e-05 2.090470235293333950e-04
0.000000000000000000e+00 4.020720265666978928e-05 0.000000000000000000e+00 0.000000000000000000e+00 1.547248843935858083e-04
0.000000000000000000e+00 0.000000000000000000e+00 0.000000000000000000e+00 0.000000000000000000e+00 0.000000000000000000e+00
0.000000000000000000e+00 0.000000000000000000e+00 0.000000000000000000e+00 0.000000000000000000e+00 0.000000000000000000e+00
0.000000000000000000e+00 0.000000000000000000e+00 0.000000000000000000e+00 0.000000000000000000e+00 0.000000000000000000e+00
0.000000000000000000e+00 4.294009796888743658e-06 0.000000000000000000e+00 2.994758133179522030e-06 1.529977259156642684e-05
0.000000000000000000e+00 2.947873910737138533e-04 7.083988619418481127e-05 1.359240506555323082e-04 0.000000000000000000e+00
0.000000000000000000e+00 3.526133868019486889e-03 0.000000000000000000e+00 5.170924955316195644e-04 5.671350331023595413e-05
0.000000000000000000e+00 1.438279789587642785e-02 0.000000000000000000e+00 2.299929892556768114e-03 0.000000000000000000e+00
0.000000000000000000e+00 4.085797236641750679e-02 0.000000000000000000e+00 5.647647487913603180e-03 0.000000000000000000e+00
0.000000000000000000e+00 7.762514288362099002e-02 0.000000000000000000e+00 7.079223595631510199e-03 0.000000000000000000e+00
3.882244759223840453e-03 1.056473132276135596e-01 0.000000000000000000e+00 3.159653042445603461e-04 0.000000000000000000e+00
6.185907918845895415e-02 9.157072676601418770e-02 0.000000000000000000e+00 0.000000000000000000e+00 0.000000000000000000e+00
1.305567141532880948e-01 3.852621142860928466e-02 9.027520230172817253e-03 0.000000000000000000e+00 0.000000000000000000e+00
1.419170814176811679e-01 0.000000000000000000e+00 5.008096498799746721e-02 1.657241810412535959e-02 0.000000000000000000e+00
7.249798442713228930e-02 0.000000000000000000e+00 9.117546629325312679e-02 8.534917793850317624e-02 0.000000000000000000e+00
0.000000000000000000e+00 0.000000000000000000e+00 1.019087528879434879e-01 1.174116369341675209e-01 0.000000000000000000e+00
0.000000000000000000e+00 0.000000000000000000e+00 7.623429143971269251e-02 8.352981850567502142e-02 9.533365848097710704e-02
0.000000000000000000e+00 0.000000000000000000e+00 3.790224529196415532e-02 2.287743550595413428e-02 1.522584847090526772e-01
0.000000000000000000e+00 0.000000000000000000e+00 1.348348194607197278e-02 0.000000000000000000e+00 1.361174323759748173e-01
1.801014769563573327e-03 0.000000000000000000e+00 4.612158009976412808e-03 0.000000000000000000e+00 8.596853240956690845e-02
3.465148518256814993e-03 0.000000000000000000e+00 2.396087321200772880e-03 0.000000000000000000e+00 4.253938540035397120e-02
2.673002367760049687e-03 0.000000000000000000e+00 2.319631282326795572e-03 0.000000000000000000e+00 2.304920105294390800e-02
2.341368521708947232e-03 0.000000000000000000e+00 1.597202920566717079e-03 0.000000000000000000e+00 1.375079749933703910e-02
1.225551772805964692e-03 0.000000000000000000e+00 6.423595361658257204e-04 0.000000000000000000e+00 9.318221164322853731e-03
6.434159369562431063e-04 4.776390724251196112e-05 6.457756126569951394e-04 0.000000000000000000e+00 4.439471737079188872e-03
2.345323250916214795e-04 9.342100369088550025e-05 3.644942588241005901e-04 0.000000000000000000e+00 1.925867428298419460e-03
0.000000000000000000e+00 4.965519552493721398e-04 0.000000000000000000e+00 5.398440796073772362e-06 5.800045120006215452e-04
1.519110534919458882e-04 1.950937946735218081e-04 0.000000000000000000e+00 0.000000000000000000e+00 2.728032743251315229e-04
0.000000000000000000e+00 2.604617530589307709e-05 0.000000000000000000e+00 0.000000000000000000e+00 1.002305854876686496e-04
0.000000000000000000e+00 0.000000000000000000e+00 0.000000000000000000e+00 0.000000000000000000e+00 0.000000000000000000e+00
0.000000000000000000e+00 0.000000000000000000e+00 0.000000000000000000e+00 0.000000000000000000e+00 0.000000000000000000e+00
0.000000000000000000e+00 0.000000000000000000e+00 0.000000000000000000e+00 0.000000000000000000e+00 0.000000000000000000e+00
0.000000000000000000e+00 0.000000000000000000e+00 0.000000000000000000e+00 0.000000000000000000e+00 0.000000000000000000e+00
0.000000000000000000e+00 4.354460557560432604e-04 1.267496959228401904e-04 7.486371931880050575e-05 0.000000000000000000e+00
0.000000000000000000e+00 4.572131913586076693e-03 0.000000000000000000e+00 7.720449592499447180e-04 0.000000000000000000e+00
0.000000000000000000e+00 2.028649708360842630e-02 0.000000000000000000e+00 3.048087067667475895e-03 0.000000000000000000e+00
0.000000000000000000e+00 5.517725932674517886e-02 0.000000000000000000e+00 6.664843028923452331e-03 0.000000000000000000e+00
0.000000000000000000e+00 9.752326035984970609e-02 0.000000000000000000e+00 6.384794206795883428e-03 0.000000000000000000e+00
2.442281637135177569e-02 1.122500703745831635e-01 0.000000000000000000e+00 0.000000000000000000e+00 0.000000000000000000e+00
9.967572272867274152e-02 7.054288133074368417e-02 5.016285280739422696e-03 0.000000000000000000e+00 0.000000000000000000e+00
1.492978585857175633e-01 3.195985774312056892e-03 4.298084380203128635e-02 0.000000000000000000e+00 0.000000000000000000e+00
1.100521759113203268e-01 0.000000000000000000e+00 8.396413073962642748e-02 5.511419127455659955e-02 0.000000000000000000e+00
1.880082509328238546e-02 0.000000000000000000e+00 1.033471070275885223e-01 1.143467435872479732e-01 0.000000000000000000e+00
0.000000000000000000e+00 0.000000000000000000e+00 8.195330148625823430e-02 1.070301122846942093e-01 7.080732270337240786e-02
0.000000000000000000e+00 0.000000000000000000e+00 3.843900713540806396e-02 4.533689039919581998e-02 1.454487591839294103e-01
0.000000000000000000e+00 0.000000000000000000e+00 1.037019704677651262e-02 0.000000000000000000e+00 1.418727598140989976e-01
0.000000000000000000e+00 0.000000000000000000e+00 1.830833020459422757e-04 0.000000000000000000e+00 8.736941305063014584e-02
5.453279027914091940e-04 4.239064087539662871e-03 0.000000000000000000e+00 0.000000000000000000e+00 3.918277154331388512e-02
2.518050233958457726e-04 6.143493133219195095e-03 0.000000000000000000e+00 0.000000000000000000e+00 1.597054459189339859e-02
0.000000000000000000e+00 6.650101766762336192e-03 2.386697706598197883e-04 0.000000000000000000e+00 9.448506702120619202e-03
0.000000000000000000e+00 5.108262552453956412e-03 9.538609163345017176e-04 0.000000000000000000e+00 7.217777261162169888e-03
0.000000000000000000e+00 3.090047529175871371e-03 9.428394779933136618e-04 0.000000000000000000e+00 3.980928104871444759e-03
6.048091037036779175e-05 1.374558438514219194e-03 5.591843698107097291e-04 0.000000000000000000e+00 1.736446023155240742e-03
1.696488052256592619e-04 1.950798959401246551e-04 3.558023262757835782e-04 0.000000000000000000e+00 5.261810579819174672e-04
1.149440145017996255e-04 3.466982955220835770e-04 0.000000000000000000e+00 0.000000000000000000e+00 1.815476464713430393e-04
2.034067127870690570e-04 1.928184329338485299e-04 0.000000000000000000e+00 0.000000000000000000e+00 1.449025588173864375e-04
0.000000000000000000e+00 0.000000000000000000e+00 0.000000000000000000e+00 0.000000000000000000e+00 0.000000000000000000e+00
0.000000000000000000e+00 0.000000000000000000e+00 0.000000000000000000e+00 0.000000000000000000e+00 0.000000000000000000e+00
0.000000000000000000e+00 0.000000000000000000e+00 0.000000000000000000e+00 0.000000000000000000e+00 0.000000000000000000e+00
0.000000000000000000e+00 0.000000000000000000e+00 0.000000000000000000e+00 0.000000000000000000e+00 0.000000000000000000e+00
0.000000000000000000e+00 0.000000000000000000e+00 1.130028728620145057e-05 3.715771382433366213e-07 2.794883411850724680e-05
0.000000000000000000e+00 5.379826943792723973e-04 1.263962460017360723e-04 1.055641090919918768e-04 0.000000000000000000e+00
0.000000000000000000e+00 6.560719195256917852e-03 0.000000000000000000e+00 1.143419505315088937e-03 0.000000000000000000e+00
0.000000000000000000e+00 2.933897919784879058e-02 0.000000000000000000e+00 4.059108391553698826e-03 0.000000000000000000e+00
0.000000000000000000e+00 7.310419147506284909e-02 0.000000000000000000e+00 7.504630599996654772e-03 0.000000000000000000e+00
0.000000000000000000e+00 1.128061190255226359e-01 0.000000000000000000e+00 2.457533330910961419e-03 0.000000000000000000e+00
5.377958861593229445e-02 1.040304406343113275e-01 1.923832730633629222e-03 0.000000000000000000e+00 0.000000000000000000e+00
1.293724222837598081e-01 3.902501710361954562e-02 3.657656108461997124e-02 0.000000000000000000e+00 0.000000000000000000e+00
1.383018893831166329e-01 0.000000000000000000e+00 8.014043616745793186e-02 1.523291537304816493e-02 0.000000000000000000e+00
6.044565635979041313e-02 0.000000000000000000e+00 1.035753729542029378e-01 9.410489339901735584e-02 0.000000000000000000e+00
0.000000000000000000e+00 0.000000000000000000e+00 8.583794124113738877e-02 1.230488031771898860e-01 4.314752180473416243e-02
0.000000000000000000e+00 0.000000000000000000e+00 3.958323551600810564e-02 7.610786265260985339e-02 1.307769968105178537e-01
0.000000000000000000e+00 0.000000000000000000e+00 6.481078498322102692e-03 1.154676098121154050e-02 1.509870685341639929e-01
0.000000000000000000e+00 5.673624433168399962e-03 0.000000000000000000e+00 0.000000000000000000e+00 9.678489610089287265e-02
0.000000000000000000e+00 1.374645981350255085e-02 0.000000000000000000e+00 0.000000000000000000e+00 4.140595454667962694e-02
0.000000000000000000e+00 2.029892757971394485e-02 0.000000000000000000e+00 0.000000000000000000e+00 1.681055617379093037e-02
0.000000000000000000e+00 2.393574375686035802e-02 0.000000000000000000e+00 0.000000000000000000e+00 9.463315025097512531e-03
0.000000000000000000e+00 2.401083191784177812e-02 9.163315185170948672e-04 0.000000000000000000e+00 5.651111586327671639e-03
0.000000000000000000e+00 1.992158097500603200e-02 2.771751605022471174e-03 0.000000000000000000e+00 2.899500708837265961e-03
0.000000000000000000e+00 1.269728747082610014e-02 2.245809755498305495e-03 0.000000000000000000e+00 1.074319964336826767e-03
0.000000000000000000e+00 6.016538464958974194e-03 9.147494588491182806e-04 0.000000000000000000e+00 3.627745216360835100e-04
0.000000000000000000e+00 1.512339327151074591e-03 4.591848137899530273e-04 0.000000000000000000e+00 3.196869510428989897e-05
9.284575516208079960e-05 3.978742573495772962e-04 8.575484970194485160e-05 0.000000000000000000e+00 1.008587908501550057e-04
2.066214992034051342e-04 1.844735418164270317e-04 0.000000000000000000e+00 0.000000000000000000e+00 1.127898469621136502e-04
0.000000000000000000e+00 0.000000000000000000e+00 0.000000000000000000e+00 0.000000000000000000e+00 0.000000000000000000e+00
0.000000000000000000e+00 0.000000000000000000e+00 0.000000000000000000e+00 0.000000000000000000e+00 0.000000000000000000e+00
0.000000000000000000e+00 0.000000000000000000e+00 0.000000000000000000e+00 0.000000000000000000e+00 0.000000000000000000e+00
0.000000000000000000e+00 0.000000000000000000e+00 0.000000000000000000e+00 0.000000000000000000e+00 0.000000000000000000e+00
0.000000000000000000e+00 0.000000000000000000e+00 1.537897267536915362e-05 8.178797488941999252e-07 3.097672718062383822e-05
0.000000000000000000e+00 5.608042322033712562e-04 9.624658160173890989e-05 1.201850870309663659e-04 0.000000000000000000e+00
0.000000000000000000e+00 9.575237546003716529e-03 0.000000000000000000e+00 1.531901772707729191e-03 0.000000000000000000e+00
0.000000000000000000e+00 4.035382941072282459e-02 0.000000000000000000e+00 5.201202996840929502e-03 0.000000000000000000e+00
0.000000000000000000e+00 8.883213294502211033e-02 0.000000000000000000e+00 7.082538811803617586e-03 0.000000000000000000e+00
8.560728204359532856e-03 1.196309568869031725e-01 8.586261864103396672e-04 0.000000000000000000e+00 0.000000000000000000e+00
8.309109221683831648e-02 8.432529238629597745e-02 2.747143264204665244e-02 0.000000000000000000e+00 0.000000000000000000e+00
1.400150923051336482e-01 8.670374270750732387e-03 7.358998396934247899e-02 0.000000000000000000e+00 0.000000000000000000e+00
1.068487229333986016e-01 0.000000000000000000e+00 1.037127682502604620e-01 5.288640546721649210e-02 0.000000000000000000e+00
1.732453850885108670e-02 0.000000000000000000e+00 9.193257775769529683e-02 1.197000797846109604e-01 1.977707325322139789e-02
0.000000000000000000e+00 0.000000000000000000e+00 4.468527161485174454e-02 1.073481670348803707e-01 1.059176045755881174e-01
0.000000000000000000e+00 0.000000000000000000e+00 1.504181558607257073e-03 3.705906286466699451e-02 1.538874954128704453e-01
0.000000000000000000e+00 1.071429768691944083e-02 0.000000000000000000e+00 0.000000000000000000e+00 1.145070791978314712e-01
5.837277080798937076e-03 2.232002226448912344e-02 0.000000000000000000e+00 0.000000000000000000e+00 5.325346634589059325e-02
6.847234417757524540e-03 3.390498306107724014e-02 0.000000000000000000e+00 0.000000000000000000e+00 2.270704794616057801e-02
4.106654923968292015e-03 4.349456944641676148e-02 8.040538690339749843e-04 0.000000000000000000e+00 1.227821108606886452e-02
0.000000000000000000e+00 5.129000668694892046e-02 6.826820431956679563e-03 0.000000000000000000e+00 6.072599349515045951e-03
0.000000000000000000e+00 5.340040571887356979e-02 1.089983233031887287e-02 0.000000000000000000e+00 1.078161102508319114e-03
0.000000000000000000e+00 4.726454318633755564e-02 1.082382161917826678e-02 0.000000000000000000e+00 0.000000000000000000e+00
0.000000000000000000e+00 3.364156771228093978e-02 8.485099218771240126e-03 1.019389711752671877e-03 0.000000000000000000e+00
0.000000000000000000e+00 1.631667560919171020e-02 3.977191748718971950e-03 5.877231007732959143e-04 0.000000000000000000e+00
0.000000000000000000e+00 5.397740520829807931e-03 1.310555982350856616e-03 9.041787535132541275e-05 0.000000000000000000e+00
0.000000000000000000e+00 1.001992350208188347e-03 2.608326469477823591e-04 4.609491116924631372e-06 0.000000000000000000e+00
2.066214992034051342e-04 1.844735418164270317e-04 0.000000000000000000e+00 0.000000000000000000e+00 1.127898469621136502e-04
0.000000000000000000e+00 0.000000000000000000e+00 0.000000000000000000e+00 0.000000000000000000e+00 0.000000000000000000e+00
0.000000000000000000e+00 0.000000000000000000e+00 0.000000000000000000e+00 0.000000000000000000e+00 0.000000000000000000e+00
0.000000000000000000e+00 0.000000000000000000e+00 0.000000000000000000e+00 0.000000000000000000e+00 0.000000000000000000e+00
0.000000000000000000e+00 0.000000000000000000e+00 0.000000000000000000e+00 0.000000000000000000e+00 0.000000000000000000e+00
0.000000000000000000e+00 0.000000000000000000e+00 0.000000000000000000e+00 0.000000000000000000e+00 0.000000000000000000e+00
0.000000000000000000e+00 6.726357622839925334e-04 7.799634654574549950e-05 1.496401618754097343e-04 0.000000000000000000e+00
0.000000000000000000e+00 1.386026495293277844e-02 0.000000000000000000e+00 2.023246296977986285e-03 0.000000000000000000e+00
0.000000000000000000e+00 5.089193492246230771e-02 0.000000000000000000e+00 5.617751400965205304e-03 0.000000000000000000e+00
0.000000000000000000e+00 1.003866749353647669e-01 2.571095253312526683e-04 4.152962551826544155e-03 0.000000000000000000e+00
2.627120634007461611e-02 1.169114630694781942e-01 2.002108268730025398e-02 0.000000000000000000e+00 0.000000000000000000e+00
1.042932615714470129e-01 6.171645814127237062e-02 6.313187054480492999e-02 0.000000000000000000e+00 0.000000000000000000e+00
1.338424138523099938e-01 0.000000000000000000e+00 1.014530228340379953e-01 2.934026905620472445e-03 0.000000000000000000e+00
7.244388552524357039e-02 0.000000000000000000e+00 9.969257876400304530e-02 8.631571832661165400e-02 8.924713841797214317e-03
0.000000000000000000e+00 0.000000000000000000e+00 5.300788674033212605e-02 1.233020514397185213e-01 7.820333540765631031e-02
0.000000000000000000e+00 0.000000000000000000e+00 0.000000000000000000e+00 7.464533962691551061e-02 1.476202194348803232e-01
2.215190357480294192e-03 1.128155592169448676e-02 0.000000000000000000e+00 9.711817711049917923e-03 1.369288726459579886e-01
2.161302907468668627e-02 2.545003118208066795e-02 0.000000000000000000e+00 0.000000000000000000e+00 7.277406459986694720e-02
3.017418021985563553e-02 4.190914868134876237e-02 0.000000000000000000e+00 0.000000000000000000e+00 3.436225969443879730e-02
3.072496949161654736e-02 5.645497467132734593e-02 4.233204679873486462e-03 0.000000000000000000e+00 1.650134180759239497e-02
2.417747032577118038e-02 6.833886310128294006e-02 1.996046878976803426e-02 0.000000000000000000e+00 4.636318447559528884e-03
1.265883885094224934e-02 7.882521656221089246e-02 3.071596485362452014e-02 0.000000000000000000e+00 0.000000000000000000e+00
0.000000000000000000e+00 8.332952877345023435e-02 3.329179896090661561e-02 0.000000000000000000e+00 0.000000000000000000e+00
0.000000000000000000e+00 7.883322083125733626e-02 2.714894191784242988e-02 0.000000000000000000e+00 0.000000000000000000e+00
0.000000000000000000e+00 6.108611750541704383e-02 1.743144735915678339e-02 3.766992263279749496e-04 0.000000000000000000e+00
0.000000000000000000e+00 3.771376361898848978e-02 8.078235433558018930e-03 1.852948756006242512e-03 0.000000000000000000e+00
0.000000000000000000e+00 1.325200089872117896e-02 3.196911378003448184e-03 8.744498186427206859e-04 0.000000000000000000e+00
0.000000000000000000e+00 1.987858271451157025e-03 6.021114937264887383e-04 2.192809427978855796e-04 0.000000000000000000e+00
1.109379776971461011e-04 1.094635432990959708e-04 0.000000000000000000e+00 9.192559956288888092e-06 4.040089217868150147e-06
2.062918135891953910e-05 6.832835311934740239e-05 0.000000000000000000e+00 5.624255257044880350e-06 0.000000000000000000e+00
0.000000000000000000e+00 0.000000000000000000e+00 0.000000000000000000e+00 0.000000000000000000e+00 0.000000000000000000e+00
0.000000000000000000e+00 0.000000000000000000e+00 0.000000000000000000e+00 0.000000000000000000e+00 0.000000000000000000e+00
0.000000000000000000e+00 0.000000000000000000e+00 0.000000000000000000e+00 0.000000000000000000e+00 0.000000000000000000e+00
0.000000000000000000e+00 0.000000000000000000e+00 0.000000000000000000e+00 0.000000000000000000e+00 0.000000000000000000e+00
0.000000000000000000e+00 7.409260989672956628e-04 8.475423478931472167e-05 1.645528921872759550e-04 0.000000000000000000e+00
0.000000000000000000e+00 1.754897819871071435e-02 0.000000000000000000e+00 2.413991160738129717e-03 0.000000000000000000e+00
0.000000000000000000e+00 6.029343196578325348e-02 0.000000000000000000e+00 5.170019514047519485e-03 0.000000000000000000e+00
0.000000000000000000e+00 1.077872477928197986e-01 1.256320891031838596e-02 0.000000000000000000e+00 0.000000000000000000e+00
4.104079522455444246e-02 1.083480001371291412e-01 4.827964962256377918e-02 0.000000000000000000e+00 0.000000000000000000e+00
1.133234806894301561e-01 4.032879332594102584e-02 9.558515833914923987e-02 0.000000000000000000e+00 0.000000000000000000e+00
1.157927694430111731e-01 0.000000000000000000e+00 1.094919119326226570e-01 3.187023695844412585e-02 9.569387026083437872e-03
4.955221491470683526e-02 0.000000000000000000e+00 6.878240350940598158e-02 1.083915778243278311e-01 5.552846309743843939e-02
0.000000000000000000e+00 0.000000000000000000e+00 5.405682486094072307e-03 1.089268346178615954e-01 1.256393831722954213e-01
9.956318656184279248e-03 4.735481576054049666e-03 0.000000000000000000e+00 3.979463756316906076e-02 1.539973821846301605e-01
4.151571342950289428e-02 1.976055587852908538e-02 0.000000000000000000e+00 0.000000000000000000e+00 1.074765665471681259e-01
5.994723301309658886e-02 3.687764327259764746e-02 0.000000000000000000e+00 0.000000000000000000e+00 5.998118422529115368e-02
6.629618415230933981e-02 5.413803704727966626e-02 1.216587430660006491e-02 0.000000000000000000e+00 3.466527808988689036e-02
6.330333433908896801e-02 6.531495359243778831e-02 3.983628326742877368e-02 1.273214713163683650e-03 1.251217950820660355e-02
5.394646767433598777e-02 7.202089622153529103e-02 6.058841922085271559e-02 3.748752758225178117e-03 0.000000000000000000e+00
4.113669461544135902e-02 7.892051929977642044e-02 7.025415023025882721e-02 8.018965620017314694e-04 0.000000000000000000e+00
2.330049652272196334e-02 8.941398908133529888e-02 6.936705644931452641e-02 0.000000000000000000e+00 0.000000000000000000e+00
2.143848821513120832e-03 9.743501606403184856e-02 5.467223265429245471e-02 0.000000000000000000e+00 0.000000000000000000e+00
0.000000000000000000e+00 8.700697073317205377e-02 3.251744130399601002e-02 0.000000000000000000e+00 0.000000000000000000e+00
0.000000000000000000e+00 6.136385542058286208e-02 1.320123070206125938e-02 1.730974384072576835e-03 0.000000000000000000e+00
0.000000000000000000e+00 2.819001969608733726e-02 4.377789649845672051e-03 2.317821300208114735e-03 0.000000000000000000e+00
0.000000000000000000e+00 4.394802667251795220e-03 4.909009932221158326e-04 6.118785062938677773e-04 0.000000000000000000e+00
6.986605271614137330e-05 1.424641011052808282e-04 0.000000000000000000e+00 3.181650046030851797e-05 0.000000000000000000e+00
2.393614936302093004e-05 7.928175323771657304e-05 0.000000000000000000e+00 6.525853428021556672e-06 0.000000000000000000e+00
0.000000000000000000e+00 0.000000000000000000e+00 0.000000000000000000e+00 0.000000000000000000e+00 0.000000000000000000e+00
0.000000000000000000e+00 0.000000000000000000e+00 0.000000000000000000e+00 0.000000000000000000e+00 0.000000000000000000e+00
0.000000000000000000e+00 0.000000000000000000e+00 0.000000000000000000e+00 0.000000000000000000e+00 0.000000000000000000e+00
0.000000000000000000e+00 0.000000000000000000e+00 0.000000000000000000e+00 0.000000000000000000e+00 0.000000000000000000e+00
0.000000000000000000e+00 6.834588018293392140e-04 1.105820633511418028e-04 1.234679801362794998e-04 0.000000000000000000e+00
0.000000000000000000e+00 1.955990886334577419e-02 0.000000000000000000e+00 2.305649426350092710e-03 0.000000000000000000e+00
0.000000000000000000e+00 6.728265079832070061e-02 4.602955735315885158e-03 3.858865562932621476e-03 0.000000000000000000e+00
0.000000000000000000e+00 1.096344488648937493e-01 3.168147370759998027e-02 0.000000000000000000e+00 0.000000000000000000e+00
5.004149754605234646e-02 9.718391408434501333e-02 8.150246290283984230e-02 0.000000000000000000e+00 0.000000000000000000e+00
1.116601335726806615e-01 2.503454179486984746e-02 1.165258165936781803e-01 0.000000000000000000e+00 1.089624107703657772e-02
1.018429382266976130e-01 0.000000000000000000e+00 9.192129533922013818e-02 5.734022822835344035e-02 4.579332734905258717e-02
4.291330447349139127e-02 0.000000000000000000e+00 2.289346644050314558e-02 1.156829934601675269e-01 9.862848705586901854e-02
2.054408676598882405e-02 0.000000000000000000e+00 0.000000000000000000e+00 8.433424416077331398e-02 1.458593233162620018e-01
5.164844975762619000e-02 9.870624266195051830e-03 0.000000000000000000e+00 1.785040010413877984e-02 1.371354963962183315e-01
7.945805529322050309e-02 2.514544950961045133e-02 0.000000000000000000e+00 0.000000000000000000e+00 9.445259893233391713e-02
8.580369906816893988e-02 4.454681896267884134e-02 1.961616364528662171e-02 8.830609280806927738e-03 5.972831662116052237e-02
8.098194125284653710e-02 5.685383897784091617e-02 5.058604985266890175e-02 2.498330928635384557e-02 3.200133699249350927e-02
7.393608746274006605e-02 5.520921607777953127e-02 7.693150291133563079e-02 3.200544850107969047e-02 1.142821278300278770e-02
6.974307708053512078e-02 4.884641947861885491e-02 9.194738604650200264e-02 3.081698847856352216e-02 0.000000000000000000e+00
6.893557437595733417e-02 4.882379929007243241e-02 9.681454278149995152e-02 1.698387275025489696e-02 0.000000000000000000e+00
5.412827227335449687e-02 6.615773448744602381e-02 9.727410905354763604e-02 0.000000000000000000e+00 0.000000000000000000e+00
2.717305495525764933e-02 9.191507656157087147e-02 8.169432767691887920e-02 0.000000000000000000e+00 0.000000000000000000e+00
0.000000000000000000e+00 1.007867538730818774e-01 4.994637835150893268e-02 0.000000000000000000e+00 0.000000000000000000e+00
0.000000000000000000e+00 8.198602381043904042e-02 2.113886355536687481e-02 6.511210532497691255e-04 0.000000000000000000e+00
0.000000000000000000e+00 4.395138129944040073e-02 5.620599972799492430e-03 2.939798906698441999e-03 0.000000000000000000e+00
0.000000000000000000e+00 8.296868458816650249e-03 3.142086709316734569e-04 8.108848383576990147e-04 0.000000000000000000e+00
0.000000000000000000e+00 3.375550750354013030e-04 0.000000000000000000e+00 3.293968800613680071e-05 0.000000000000000000e+00
6.456461341341197775e-06 2.138520975491029556e-05 0.000000000000000000e+00 1.760263095716336152e-06 0.000000000000000000e+00
0.000000000000000000e+00 0.000000000000000000e+00 0.000000000000000000e+00 0.000000000000000000e+00 0.000000000000000000e+00
0.000000000000000000e+00 0.000000000000000000e+00 0.000000000000000000e+00 0.000000000000000000e+00 0.000000000000000000e+00
0.000000000000000000e+00 0.000000000000000000e+00 0.000000000000000000e+00 0.000000000000000000e+00 0.000000000000000000e+00
0.000000000000000000e+00 0.000000000000000000e+00 0.000000000000000000e+00 0.000000000000000000e+00 0.000000000000000000e+00
0.000000000000000000e+00 2.849885562993382084e-04 1.157969137426600683e-04 3.648700154325990275e-05 0.000000000000000000e+00
0.000000000000000000e+00 2.053625661349568060e-02 2.037603654572685361e-03 1.479744945493239976e-03 0.000000000000000000e+00
0.000000000000000000e+00 6.918545193386098358e-02 1.514816200287782966e-02 1.335678734287352792e-03 0.000000000000000000e+00
0.000000000000000000e+00 1.088063296454884060e-01 5.677882349600170409e-02 0.000000000000000000e+00 0.000000000000000000e+00
5.033321543345507104e-02 8.727893562139285577e-02 1.105912766248690893e-01 0.000000000000000000e+00 1.090239832718012825e-03
1.048937364793789268e-01 1.888757306920865742e-02 1.204222851955522450e-01 7.996931812164708678e-05 3.456213181896917314e-02
9.370809695926690663e-02 0.000000000000000000e+00 5.694731208209091733e-02 7.803983071751925682e-02 7.764132683059407625e-02
5.292423896420900276e-02 0.000000000000000000e+00 0.000000000000000000e+00 1.107280252425487527e-01 1.247239452524967346e-01
5.237430777064309984e-02 1.864435328581612880e-03 0.000000000000000000e+00 6.186229795124331687e-02 1.405558610790704210e-01
7.799835757408551951e-02 1.780156425466430589e-02 0.000000000000000000e+00 1.877052964423685938e-02 1.107286133018611229e-01
8.282262799704544209e-02 3.961654894577852637e-02 2.152476983868652910e-02 2.906868481827845629e-02 7.306526556244086201e-02
6.816410104223712130e-02 5.776486981577164809e-02 5.277476920210708716e-02 5.875745303608669035e-02 4.123992351211153845e-02
5.202596938264104215e-02 5.617773576452636530e-02 7.759858406072499271e-02 7.691427322243572784e-02 2.094158962051142006e-02
4.572431675561396125e-02 4.137846987002820331e-02 8.627607975667309081e-02 7.985768204758693367e-02 1.254709924019353426e-02
5.687982314900843356e-02 2.356493613995873718e-02 8.456993066872012244e-02 7.100444833154315183e-02 4.463639512248332442e-03
7.163574682967935314e-02 1.579496922427645056e-02 9.173266436902911825e-02 5.029960522337261625e-02 0.000000000000000000e+00
7.719446409180316659e-02 3.364076203146211530e-02 1.047219359554704687e-01 1.174653476191578685e-02 0.000000000000000000e+00
5.240362702750339663e-02 7.185267870601141915e-02 9.531634656959848961e-02 0.000000000000000000e+00 0.000000000000000000e+00
1.444572038626223444e-02 1.005194436671973668e-01 5.944759794754606030e-02 0.000000000000000000e+00 0.000000000000000000e+00
0.000000000000000000e+00 9.208797839185371703e-02 2.471203463818533522e-02 0.000000000000000000e+00 0.000000000000000000e+00
0.000000000000000000e+00 5.281016344025704634e-02 4.727102607455926225e-03 3.274095951611501708e-03 0.000000000000000000e+00
0.000000000000000000e+00 1.270599994051816242e-02 1.359048438989226171e-04 1.115879341004229587e-03 0.000000000000000000e+00
0.000000000000000000e+00 3.261162598418769032e-04 0.000000000000000000e+00 1.017152955354984794e-05 5.622257857679741164e-05
0.000000000000000000e+00 0.000000000000000000e+00 0.000000000000000000e+00 0.000000000000000000e+00 0.000000000000000000e+00
0.000000000000000000e+00 0.000000000000000000e+00 0.000000000000000000e+00 0.000000000000000000e+00 0.000000000000000000e+00
0.000000000000000000e+00 0.000000000000000000e+00 0.000000000000000000e+00 0.000000000000000000e+00 0.000000000000000000e+00
0.000000000000000000e+00 0.000000000000000000e+00 0.000000000000000000e+00 0.000000000000000000e+00 0.000000000000000000e+00
0.000000000000000000e+00 0.000000000000000000e+00 0.000000000000000000e+00 0.000000000000000000e+00 0.000000000000000000e+00
0.000000000000000000e+00 1.772865924563872769e-04 3.364356849456819868e-04 0.000000000000000000e+00 1.768381499951521664e-04
0.000000000000000000e+00 1.903474917929374663e-02 5.852562109998019763e-03 4.986367678049657666e-04 0.000000000000000000e+00
0.000000000000000000e+00 6.701464385989104600e-02 2.910116175222927232e-02 0.000000000000000000e+00 0.000000000000000000e+00
0.000000000000000000e+00 1.006168676274117324e-01 8.176004763589089785e-02 0.000000000000000000e+00 0.000000000000000000e+00
4.532251485277604547e-02 8.096739434626155918e-02 1.307625329521733826e-01 0.000000000000000000e+00 1.485589889776841102e-02
9.800991975442260862e-02 2.315824515846131096e-02 1.076917853591705665e-01 1.405073732378239910e-02 6.037425019513460028e-02
9.557408290997573830e-02 0.000000000000000000e+00 1.833479919301986977e-02 8.929281552053829063e-02 1.009374060751713487e-01
6.829719884052984358e-02 0.000000000000000000e+00 0.000000000000000000e+00 1.042069709137216360e-01 1.228500433364941302e-01
6.964536510516707024e-02 1.277772035084853708e-02 0.000000000000000000e+00 5.897756334525539046e-02 1.113614826614194725e-01
6.726705020853927797e-02 3.726916257496368234e-02 1.868449756740702544e-02 4.670596727561418526e-02 7.296755317946285180e-02
4.604111001732887065e-02 6.376878147348795378e-02 5.268847174589790655e-02 7.693151840365704264e-02 3.241142711777236091e-02
2.032406527933918600e-02 7.086675073754396259e-02 7.625388597682362934e-02 1.005930333333005938e-01 8.111178419495115866e-03
5.841762093568026067e-03 5.602476498305183905e-02 7.445898663173218524e-02 1.059956654815219501e-01 1.037180522205270392e-02
9.743847513357675738e-03 3.399366323333225665e-02 5.577271197829337251e-02 1.047156101549859553e-01 2.371552098301769537e-02
2.772124442059205329e-02 1.268341140672391704e-02 4.837180031832748889e-02 1.016658133058221669e-01 2.233190870267957526e-02
5.540981670264357589e-02 5.061361031583160979e-05 7.151499341349892847e-02 7.907897099469628210e-02 5.032190492234197600e-03
8.189168944574248821e-02 1.493869189315599234e-02 1.032394672957131637e-01 2.560601504406039355e-02 0.000000000000000000e+00
6.733096297600489610e-02 6.104464082588487855e-02 9.838682605274413906e-02 0.000000000000000000e+00 0.000000000000000000e+00
2.682952624724990395e-02 9.839079118003403457e-02 5.942087386901911961e-02 0.000000000000000000e+00 0.000000000000000000e+00
0.000000000000000000e+00 9.094796190129132707e-02 2.113262808243887916e-02 0.000000000000000000e+00 0.000000000000000000e+00
0.000000000000000000e+00 5.411258539293437725e-02 3.066084025406310906e-03 2.951110706298618828e-03 0.000000000000000000e+00
0.000000000000000000e+00 1.514212311672233878e-02 0.000000000000000000e+00 1.586989924179213430e-03 0.000000000000000000e+00
0.000000000000000000e+00 3.568165988874086661e-04 0.000000000000000000e+00 7.333014775315476839e-07 4.311595182383468451e-05
0.000000000000000000e+00 0.000000000000000000e+00 0.000000000000000000e+00 0.000000000000000000e+00 0.000000000000000000e+00
0.000000000000000000e+00 0.000000000000000000e+00 0.000000000000000000e+00 0.000000000000000000e+00 0.000000000000000000e+00
0.000000000000000000e+00 0.000000000000000000e+00 0.000000000000000000e+00 0.000000000000000000e+00 0.000000000000000000e+00
0.000000000000000000e+00 0.000000000000000000e+00 0.000000000000000000e+00 0.000000000000000000e+00 0.000000000000000000e+00
0.000000000000000000e+00 0.000000000000000000e+00 0.000000000000000000e+00 0.000000000000000000e+00 0.000000000000000000e+00
0.000000000000000000e+00 2.997793286651092518e-04 8.466701827920688041e-04 0.000000000000000000e+00 1.417461331442599617e-04
0.000000000000000000e+00 1.595566341192923218e-02 1.027409853028686364e-02 0.000000000000000000e+00 0.000000000000000000e+00
0.000000000000000000e+00 5.712424280831612106e-02 4.356337732770255294e-02 0.000000000000000000e+00 0.000000000000000000e+00
0.000000000000000000e+00 8.992861580872651972e-02 1.015148360182524800e-01 0.000000000000000000e+00 2.847798927491014022e-04
3.481759766473845746e-02 7.936160690917197502e-02 1.401122581012385626e-01 0.000000000000000000e+00 3.165070112667627694e-02
9.044635849380570913e-02 3.777017832003157910e-02 8.976373202796544826e-02 2.375200689510101326e-02 7.887391522309207537e-02
1.004096888025308304e-01 9.898657977104943773e-03 0.000000000000000000e+00 9.408993626411281397e-02 1.046757563729875246e-01
7.724081175978110558e-02 1.357381345305918793e-02 0.000000000000000000e+00 1.044893214209538790e-01 9.992559281358820433e-02
5.703066971785476780e-02 3.280280415077841544e-02 0.000000000000000000e+00 7.826893142306111384e-02 6.744474547550814714e-02
3.318957021595506096e-02 6.020420503636666337e-02 4.520464376835720693e-02 8.067010811298568063e-02 2.888659415698195329e-02
5.100371466553658799e-03 8.137231496418904919e-02 6.831377782605502214e-02 9.968176227084205032e-02 0.000000000000000000e+00
0.000000000000000000e+00 7.543669900133324890e-02 6.968565969777361369e-02 1.001005571055335053e-01 0.000000000000000000e+00
0.000000000000000000e+00 5.455406991647394899e-02 4.594527847816193972e-02 9.352832813836692294e-02 1.338945431111100703e-02
0.000000000000000000e+00 3.313312569635522287e-02 2.272800250641379000e-02 9.975194861200206708e-02 3.772140509813410453e-02
3.235009179260701830e-03 1.357680587829255062e-02 2.974047998375522334e-02 1.146685989304311315e-01 3.622349575059805038e-02
4.065356455113134510e-02 2.953851701522880544e-03 7.170342957434391873e-02 9.124126405688867680e-02 1.091876811148814568e-02
8.115018330287278314e-02 1.843587626117874564e-02 1.049034727597553118e-01 2.844662325403299330e-02 0.000000000000000000e+00
7.379182944193186933e-02 6.393805547213590734e-02 8.725947374666455369e-02 0.000000000000000000e+00 0.000000000000000000e+00
3.600491363325735578e-02 9.460962768713410131e-02 4.634590863525968329e-02 0.000000000000000000e+00 0.000000000000000000e+00
3.265213615230764654e-03 8.345405062475451385e-02 1.246259876157176233e-02 0.000000000000000000e+00 0.000000000000000000e+00
0.000000000000000000e+00 4.739183069100408319e-02 1.117426104373304193e-03 2.473270677405209252e-03 0.000000000000000000e+00
0.000000000000000000e+00 1.348995279618729788e-02 0.000000000000000000e+00 1.481302332768821492e-03 0.000000000000000000e+00
1.004701535939315783e-04 2.119306982005228544e-04 0.000000000000000000e+00 0.000000000000000000e+00 0.000000000000000000e+00
0.000000000000000000e+00 0.000000000000000000e+00 0.000000000000000000e+00 0.000000000000000000e+00 0.000000000000000000e+00
0.000000000000000000e+00 0.000000000000000000e+00 0.000000000000000000e+00 0.000000000000000000e+00 0.000000000000000000e+00
0.000000000000000000e+00 0.000000000000000000e+00 0.000000000000000000e+00 0.000000000000000000e+00 0.000000000000000000e+00
0.000000000000000000e+00 0.000000000000000000e+00 0.000000000000000000e+00 0.000000000000000000e+00 0.000000000000000000e+00
0.000000000000000000e+00 1.492285623172014956e-06 1.131901316876737615e-05 1.587322280019523986e-05 0.000000000000000000e+00
0.000000000000000000e+00 2.721628073641963862e-04 1.000444181104138920e-03 0.000000000000000000e+00 1.575845698712763897e-04
0.000000000000000000e+00 1.117373050753866538e-02 1.359375519754126363e-02 0.000000000000000000e+00 0.000000000000000000e+00
0.000000000000000000e+00 4.077658925763522763e-02 5.033368192934292717e-02 0.000000000000000000e+00 6.538974478702887791e-04
0.000000000000000000e+00 7.302821145110281742e-02 1.108939490835321035e-01 0.000000000000000000e+00 1.217862517357931433e-02
2.000620890026669207e-02 7.708237879338734888e-02 1.443266287708477036e-01 0.000000000000000000e+00 4.744218170293836717e-02
7.768098058938825712e-02 5.622704549632719095e-02 8.646306823345259462e-02 2.705088435661219884e-02 8.386370461540973431e-02
9.911321891340856005e-02 4.069052454215092707e-02 0.000000000000000000e+00 9.409673977063792716e-02 9.308985560069840681e-02
7.824824520709150466e-02 4.063991134631422114e-02 0.000000000000000000e+00 1.143306351483010103e-01 6.687482116729995263e-02
4.383304419062377527e-02 5.621955354475167282e-02 1.442149083684516470e-02 1.002782099118088438e-01 2.996314380863671425e-02
1.000950986017860346e-02 7.908757574363960152e-02 5.307144629781864603e-02 9.801570596068072405e-02 0.000000000000000000e+00
0.000000000000000000e+00 8.963479711711234976e-02 6.381512477113478188e-02 9.503336146647163585e-02 0.000000000000000000e+00
0.000000000000000000e+00 8.061310756832748559e-02 5.280866171896143879e-02 8.268799643980274949e-02 0.000000000000000000e+00
0.000000000000000000e+00 6.255174017915263174e-02 3.403498197099902312e-02 8.177173098819791319e-02 1.854011869099087689e-02
0.000000000000000000e+00 4.507826718157573187e-02 3.069218004084937890e-02 1.062266168626754964e-01 3.671396378272408917e-02
0.000000000000000000e+00 3.271473083395174536e-02 5.394390182953934937e-02 1.221011214421588997e-01 2.623125632159354140e-02
4.482196606215813062e-02 2.624258477705172440e-02 8.848976506887350213e-02 8.496334105246164392e-02 4.974372492390688461e-03
8.940592716670898998e-02 4.160218199108168396e-02 9.461554638972881348e-02 1.659806142699187317e-02 0.000000000000000000e+00
7.672190599407802125e-02 7.661754602680367898e-02 6.227052554767807668e-02 0.000000000000000000e+00 0.000000000000000000e+00
3.573312664936906247e-02 8.961380775344632288e-02 2.425036496141213735e-02 0.000000000000000000e+00 0.000000000000000000e+00
4.444596771246387377e-03 6.889254464722714688e-02 3.602223413272520255e-03 0.000000000000000000e+00 0.000000000000000000e+00
0.000000000000000000e+00 3.291207247968450794e-02 0.000000000000000000e+00 2.098681794355870822e-03 0.000000000000000000e+00
0.000000000000000000e+00 8.563718308867677639e-03 0.000000000000000000e+00 1.317343185493855852e-03 0.000000000000000000e+00
5.225917488718979492e-06 7.484205641436932337e-05 1.040722256055170957e-05 3.187219726035220665e-05 1.321247043808857153e-05
0.000000000000000000e+00 0.000000000000000000e+00 0.000000000000000000e+00 0.000000000000000000e+00 0.000000000000000000e+00
0.000000000000000000e+00 0.000000000000000000e+00 0.000000000000000000e+00 0.000000000000000000e+00 0.000000000000000000e+00
0.000000000000000000e+00 0.000000000000000000e+00 0.000000000000000000e+00 0.000000000000000000e+00 0.000000000000000000e+00
0.000000000000000000e+00 0.000000000000000000e+00 0.000000000000000000e+00 0.000000000000000000e+00 0.000000000000000000e+00
0.000000000000000000e+00 2.238428434758028046e-06 1.697851975315101255e-05 2.380983420029280897e-05 0.000000000000000000e+00
0.000000000000000000e+00 2.305118031087082821e-04 1.309567829025453083e-03 0.000000000000000000e+00 6.693436712622439014e-04
0.000000000000000000e+00 6.891641874598875527e-03 1.359093119997038107e-02 0.000000000000000000e+00 1.315842511569068366e-03
0.000000000000000000e+00 2.444790948207829079e-02 4.839158320587610279e-02 0.000000000000000000e+00 7.253524614892335742e-03
0.000000000000000000e+00 5.037661148384559029e-02 1.084919037898058325e-01 0.000000000000000000e+00 2.367660788292652585e-02
3.051618127011304117e-03 6.669497691424733365e-02 1.487853591875709369e-01 0.000000000000000000e+00 5.330610281541662415e-02
5.401467149679179541e-02 6.841585142996377267e-02 1.061173296047506626e-01 2.235773190823079834e-02 8.116557052112030601e-02
8.560928738151792061e-02 7.034049197566502598e-02 2.415227926305709913e-02 8.962574066517066396e-02 7.499137552849234611e-02
7.619515905666179867e-02 7.491998620785890461e-02 0.000000000000000000e+00 1.231801675151626002e-01 3.520766762659400390e-02
4.075935510189911126e-02 8.593081395165710901e-02 2.460259650390673319e-02 1.175770819227608538e-01 0.000000000000000000e+00
1.069344060929500358e-02 9.691332510947528456e-02 5.435796468245944479e-02 1.039252280672710305e-01 0.000000000000000000e+00
0.000000000000000000e+00 1.023139901193584750e-01 6.569176603008305970e-02 9.080902950472140300e-02 0.000000000000000000e+00
0.000000000000000000e+00 9.616733574720612299e-02 6.314526606607295811e-02 8.379270862769150341e-02 0.000000000000000000e+00
0.000000000000000000e+00 8.556954606190123047e-02 5.958917809240543706e-02 9.974162124159950682e-02 1.643458459755095177e-02
0.000000000000000000e+00 7.205371651999460669e-02 6.826791398545029033e-02 1.207523281473372595e-01 2.607339844422043931e-02
2.113076296435625542e-02 5.850401623747262386e-02 8.187116156374946163e-02 1.093013422602851781e-01 1.726208029742295341e-02
7.976862563791256577e-02 5.149524532609710964e-02 8.427258017153745062e-02 5.149139828289361204e-02 6.569716888741992077e-03
9.935056911498077459e-02 6.408614554129883623e-02 6.210109144714271584e-02 0.000000000000000000e+00 5.249269219020501372e-03
7.050490668482314871e-02 8.109766683541641541e-02 2.756892752170077981e-02 0.000000000000000000e+00 4.250238846048662485e-03
2.659783048852827278e-02 7.491276777138058951e-02 6.096230131120122797e-03 0.000000000000000000e+00 0.000000000000000000e+00
2.952357193133387826e-03 4.622566887835648924e-02 0.000000000000000000e+00 0.000000000000000000e+00 0.000000000000000000e+00
0.000000000000000000e+00 1.602594205599707985e-02 0.000000000000000000e+00 1.228809009484960971e-03 0.000000000000000000e+00
0.000000000000000000e+00 3.803456298312251401e-03 0.000000000000000000e+00 5.827925450352604677e-04 0.000000000000000000e+00
0.000000000000000000e+00 4.030717546170532636e-07 9.592793620520590706e-06 1.341115403933991713e-05 7.996153284044492244e-06
0.000000000000000000e+00 0.000000000000000000e+00 0.000000000000000000e+00 0.000000000000000000e+00 0.000000000000000000e+00
0.000000000000000000e+00 0.000000000000000000e+00 0.000000000000000000e+00 0.000000000000000000e+00 0.000000000000000000e+00
0.000000000000000000e+00 0.000000000000000000e+00 0.000000000000000000e+00 0.000000000000000000e+00 0.000000000000000000e+00
0.000000000000000000e+00 0.000000000000000000e+00 0.000000000000000000e+00 0.000000000000000000e+00 0.000000000000000000e+00
0.000000000000000000e+00 0.000000000000000000e+00 0.000000000000000000e+00 0.000000000000000000e+00 0.000000000000000000e+00
0.000000000000000000e+00 1.297790688109484269e-04 1.177343871211276481e-03 0.000000000000000000e+00 1.214497392353386255e-03
0.000000000000000000e+00 3.729679156720034153e-03 1.028532936278842881e-02 0.000000000000000000e+00 3.189197124583975466e-03
0.000000000000000000e+00 1.166087605158093454e-02 3.733502722323196049e-02 0.000000000000000000e+00 1.067818515514100744e-02
0.000000000000000000e+00 2.588314984249558831e-02 8.987192627833202885e-02 0.000000000000000000e+00 3.122002297626737255e-02
0.000000000000000000e+00 4.380799025620414622e-02 1.430045870983116529e-01 0.000000000000000000e+00 5.962194347509130327e-02
2.390432012255725922e-02 5.886466192530507430e-02 1.380543732519894928e-01 8.276570135140673412e-03 8.216264057791811126e-02
6.101926537048658894e-02 7.502203149228622858e-02 8.152039831652241331e-02 6.981285285824841147e-02 7.862446782301543702e-02
6.963105652282286506e-02 9.083762713788598453e-02 4.540491184413177755e-02 1.168972016231682454e-01 3.380260223348009047e-02
5.275479021405510976e-02 1.026886612012592598e-01 4.966546329011752720e-02 1.243152574321565312e-01 0.000000000000000000e+00
2.936677299433498867e-02 1.104090656028646894e-01 6.929841168421717323e-02 1.130102204148365069e-01 0.000000000000000000e+00
9.896399650175998278e-03 1.143824310876587341e-01 8.026019534568086533e-02 1.028315135804707403e-01 0.000000000000000000e+00
6.386172510806577447e-04 1.098146726458210237e-01 8.331177597312167116e-02 1.045163768780422442e-01 8.719164762088886522e-03
6.573317290450506056e-03 9.889896952631031801e-02 8.201105405999227493e-02 1.123776494508942347e-01 2.838645254212450453e-02
3.593853079887927848e-02 8.226408691190886802e-02 7.781917265157257957e-02 1.048211691784829147e-01 3.147411834092685157e-02
8.188233445282930290e-02 6.703175705960839892e-02 6.356375235572450655e-02 6.579880056244216679e-02 2.508878430773492027e-02
1.107498474923903353e-01 6.394603544708699072e-02 4.308329032722775509e-02 9.437487380950125224e-03 2.144244599826040237e-02
9.311148304472548209e-02 7.017299524156415946e-02 1.910224310324211763e-02 0.000000000000000000e+00 1.769026997201650006e-02
4.963098754912352584e-02 6.667873143942072700e-02 4.031202077234878438e-03 0.000000000000000000e+00 8.675812722663506921e-03
1.530516715490180639e-02 4.567194114349863721e-02 0.000000000000000000e+00 0.000000000000000000e+00 2.319008541426401983e-03
1.713789503375277076e-03 2.112328988903069624e-02 0.000000000000000000e+00 0.000000000000000000e+00 0.000000000000000000e+00
0.000000000000000000e+00 5.855814197242012638e-03 0.000000000000000000e+00 5.351624481489994064e-04 0.000000000000000000e+00
0.000000000000000000e+00 1.074945603532834930e-03 1.228267687736721422e-05 1.616786538303702496e-04 0.000000000000000000e+00
6.646366664715837834e-05 1.893211445512084788e-05 5.461010538576865649e-06 4.043704664904421197e-05 0.000000000000000000e+00
0.000000000000000000e+00 0.000000000000000000e+00 0.000000000000000000e+00 0.000000000000000000e+00 0.000000000000000000e+00
0.000000000000000000e+00 0.000000000000000000e+00 0.000000000000000000e+00 0.000000000000000000e+00 0.000000000000000000e+00
0.000000000000000000e+00 0.000000000000000000e+00 0.000000000000000000e+00 0.000000000000000000e+00 0.000000000000000000e+00
0.000000000000000000e+00 0.000000000000000000e+00 6.941883145016769274e-06 5.240757754845191429e-07 0.000000000000000000e+00
0.000000000000000000e+00 0.000000000000000000e+00 0.000000000000000000e+00 0.000000000000000000e+00 0.000000000000000000e+00
0.000000000000000000e+00 1.563077020790157800e-04 9.921513478690407919e-04 0.000000000000000000e+00 9.323381774798376875e-04
0.000000000000000000e+00 1.121948213363466217e-03 5.128832718804427274e-03 0.000000000000000000e+00 3.432187298514440335e-03
0.000000000000000000e+00 4.614930604584575706e-03 1.954030396752270277e-02 0.000000000000000000e+00 1.076381630384923641e-02
0.000000000000000000e+00 8.991654508295162870e-03 5.635996765707623757e-02 0.000000000000000000e+00 3.227996111708290178e-02
0.000000000000000000e+00 1.699042610502924169e-02 1.082546647247809857e-01 0.000000000000000000e+00 6.349810114371090553e-02
0.000000000000000000e+00 2.735025871660827501e-02 1.427865251713656136e-01 0.000000000000000000e+00 9.281957149188614642e-02
3.057751385919910830e-02 4.466260450593129844e-02 1.254974856582004028e-01 3.285451160830115541e-02 1.044852607998761479e-01
5.920214565412747904e-02 6.460721023831973719e-02 9.200885589066742920e-02 8.216402073097175962e-02 7.903378889847288702e-02
7.023635593005236877e-02 8.011431140402014428e-02 7.639056071178294827e-02 1.060048124276365134e-01 4.749876455082062410e-02
6.721061998516372760e-02 8.988318065350751895e-02 7.688575782088334643e-02 1.070336802565570317e-01 3.411723847511485136e-02
6.222641202562541329e-02 9.363616639071539738e-02 7.501403260918580729e-02 1.037447359698220190e-01 4.043149819463288247e-02
6.445385624135496760e-02 8.961686083694986316e-02 6.810889033092205891e-02 9.965750161416969677e-02 5.010388033362531829e-02
8.279184615989308715e-02 7.878301350518672475e-02 5.167917030423938018e-02 8.409617243469821868e-02 5.744872930694575747e-02
1.082280713436794689e-01 6.667858624528238964e-02 3.234409707810639162e-02 5.180637407602130956e-02 5.237856137392064848e-02
1.236771798090558760e-01 5.631483803925449450e-02 1.207159770995204322e-02 1.017524278958390274e-02 4.534362134481062512e-02
1.031880289065007367e-01 5.281322404744702437e-02 1.282449796771777421e-03 0.000000000000000000e+00 3.440308775585836781e-02
5.950732747642288600e-02 4.591457885872095995e-02 0.000000000000000000e+00 0.000000000000000000e+00 1.975299055508938570e-02
2.273109829720581024e-02 3.238651179336067554e-02 0.000000000000000000e+00 0.000000000000000000e+00 7.670285942040840944e-03
6.560118434225174246e-03 1.508977367216379935e-02 0.000000000000000000e+00 0.000000000000000000e+00 2.047248320846664117e-03
1.029538299592652967e-03 5.904365269848273028e-03 0.000000000000000000e+00 0.000000000000000000e+00 0.000000000000000000e+00
1.250969979707017060e-04 1.155679916040322974e-03 1.675596665316358329e-04 0.000000000000000000e+00 0.000000000000000000e+00
6.018189731551909424e-05 3.108469663852803772e-04 3.847578471997150474e-05 0.000000000000000000e+00 0.000000000000000000e+00
8.769028269677528627e-05 2.497849655858869151e-05 7.205102909536104221e-06 5.335149610240356749e-05 0.000000000000000000e+00
0.000000000000000000e+00 0.000000000000000000e+00 0.000000000000000000e+00 0.000000000000000000e+00 0.000000000000000000e+00
0.000000000000000000e+00 0.000000000000000000e+00 0.000000000000000000e+00 0.000000000000000000e+00 0.000000000000000000e+00
0.000000000000000000e+00 0.000000000000000000e+00 0.000000000000000000e+00 0.000000000000000000e+00 0.000000000000000000e+00
0.000000000000000000e+00 0.000000000000000000e+00 1.928300873615771012e-05 1.455766043012549069e-06 0.000000000000000000e+00
0.000000000000000000e+00 0.000000000000000000e+00 0.000000000000000000e+00 0.000000000000000000e+00 0.000000000000000000e+00
0.000000000000000000e+00 4.147723860529142515e-05 1.770307345719069139e-04 0.000000000000000000e+00 3.105757957262038414e-04
0.000000000000000000e+00 7.179623412717308132e-05 1.517799365411047572e-03 0.000000000000000000e+00 1.207813199285891030e-03
0.000000000000000000e+00 1.065471522484040751e-03 6.579912254230035722e-03 0.000000000000000000e+00 6.222865164147440599e-03
0.000000000000000000e+00 2.406003853092111584e-03 2.138670030541902148e-02 0.000000000000000000e+00 2.211489179460272847e-02
0.000000000000000000e+00 2.019088243216869433e-03 5.010677605823300740e-02 0.000000000000000000e+00 5.124761718820117912e-02
0.000000000000000000e+00 2.136532354025508142e-03 8.694901587326718528e-02 0.000000000000000000e+00 8.801982339745509365e-02
3.940872691883466963e-03 4.541527493164822411e-03 1.083841924249352578e-01 0.000000000000000000e+00 1.192349978160113511e-01
3.068223183483829303e-02 1.110104682835418889e-02 9.958473207426048190e-02 3.168308989594859071e-02 1.284067162873744339e-01
6.016010062266323455e-02 2.310912519038262752e-02 8.011042176438204487e-02 6.052735730249778068e-02 1.174387497569276823e-01
8.492489192777888385e-02 3.202560152984924163e-02 5.934129775458204387e-02 7.263445878728599925e-02 1.030396397691272642e-01
1.037047786465471744e-01 3.854958076080865215e-02 3.705376653156471772e-02 6.840859129978325848e-02 9.378739012351056115e-02
1.181276432953284883e-01 3.562936246329422713e-02 1.399542518689409626e-02 5.135292573007364109e-02 9.070705810296880722e-02
1.252321036709769797e-01 3.234889540537884411e-02 0.000000000000000000e+00 2.496085177891223250e-02 8.126453639399280893e-02
1.174124637818853983e-01 2.650309337913352506e-02 0.000000000000000000e+00 0.000000000000000000e+00 6.597694407242087056e-02
8.873933109713383338e-02 2.365179155120787288e-02 0.000000000000000000e+00 0.000000000000000000e+00 4.553253438923720448e-02
5.128172786220186463e-02 1.989979661227075577e-02 0.000000000000000000e+00 0.000000000000000000e+00 2.494934825055248814e-02
2.152719930287073230e-02 1.344480729582788262e-02 0.000000000000000000e+00 0.000000000000000000e+00 1.063684454137074110e-02
7.671424094371692357e-03 7.314071312689373640e-03 0.000000000000000000e+00 0.000000000000000000e+00 4.120227185253952547e-03
2.733360349211241738e-03 2.510409264016837810e-03 0.000000000000000000e+00 0.000000000000000000e+00 1.200083712446646392e-03
5.375762930515666331e-04 5.458916898520903369e-04 0.000000000000000000e+00 0.000000000000000000e+00 1.715033976555754478e-04
9.250446463899109452e-05 2.032706420579102262e-04 1.101176949424200732e-06 0.000000000000000000e+00 3.023485193697545936e-05
1.770031288551905481e-05 1.632938531129367495e-04 3.423181764942547964e-05 0.000000000000000000e+00 0.000000000000000000e+00
8.769028269677528627e-05 2.497849655858869151e-05 7.205102909536104221e-06 5.335149610240356749e-05 0.000000000000000000e+00
0.000000000000000000e+00 0.000000000000000000e+00 0.000000000000000000e+00 0.000000000000000000e+00 0.000000000000000000e+00
0.000000000000000000e+00 0.000000000000000000e+00 0.000000000000000000e+00 0.000000000000000000e+00 0.000000000000000000e+00
0.000000000000000000e+00 0.000000000000000000e+00 0.000000000000000000e+00 0.000000000000000000e+00 0.000000000000000000e+00
0.000000000000000000e+00 0.000000000000000000e+00 0.000000000000000000e+00 0.000000000000000000e+00 0.000000000000000000e+00
0.000000000000000000e+00 0.000000000000000000e+00 0.000000000000000000e+00 0.000000000000000000e+00 0.000000000000000000e+00
0.000000000000000000e+00 0.000000000000000000e+00 0.000000000000000000e+00 0.000000000000000000e+00 0.000000000000000000e+00
0.000000000000000000e+00 1.970857241014821991e-05 6.592195044021853349e-05 0.000000000000000000e+00 2.048995845832679195e-04
0.000000000000000000e+00 3.205858988312122125e-05 5.883349832182656293e-04 0.000000000000000000e+00 8.517157628465775324e-04
4.400654666275250709e-06 0.000000000000000000e+00 3.074616011573402460e-03 0.000000000000000000e+00 7.670309581737861163e-03
0.000000000000000000e+00 0.000000000000000000e+00 8.031705074849196380e-03 0.000000000000000000e+00 2.113181468177900701e-02
7.295782529087272046e-04 0.000000000000000000e+00 1.562321490414370594e-02 0.000000000000000000e+00 4.391377907120231489e-02
5.938981686888601848e-03 0.000000000000000000e+00 2.453276474930074155e-02 0.000000000000000000e+00 7.914741450292639424e-02
1.749193615904688290e-02 0.000000000000000000e+00 2.413057314807427745e-02 0.000000000000000000e+00 1.107254399970789005e-01
3.455278536985831317e-02 0.000000000000000000e+00 1.266938764912566365e-02 0.000000000000000000e+00 1.277303361458470565e-01
5.377481970881506368e-02 0.000000000000000000e+00 0.000000000000000000e+00 5.375572844453862208e-03 1.236395967069825880e-01
6.826541692981810683e-02 0.000000000000000000e+00 0.000000000000000000e+00 7.879590410474663492e-03 1.057904983026706353e-01
7.169577477744151772e-02 0.000000000000000000e+00 0.000000000000000000e+00 2.142361984293511025e-03 8.180579072894629544e-02
6.299747715593879971e-02 0.000000000000000000e+00 0.000000000000000000e+00 0.000000000000000000e+00 5.631982223204309163e-02
4.554464054467793205e-02 0.000000000000000000e+00 0.000000000000000000e+00 0.000000000000000000e+00 3.512477567652277921e-02
2.701067047845540775e-02 0.000000000000000000e+00 0.000000000000000000e+00 0.000000000000000000e+00 1.840199702393572126e-02
1.228886480026216386e-02 1.568446281359938636e-03 0.000000000000000000e+00 0.000000000000000000e+00 8.363302300582050111e-03
4.973498652456315346e-03 1.270089940242363638e-03 0.000000000000000000e+00 0.000000000000000000e+00 3.637543217768400127e-03
1.602328308197446382e-03 4.154467238814173527e-04 0.000000000000000000e+00 0.000000000000000000e+00 1.602351530327588824e-03
5.195663052045083191e-04 0.000000000000000000e+00 4.591680797319542124e-05 0.000000000000000000e+00 4.931326136951899022e-04
7.504641597091160523e-05 3.524597339103653496e-05 0.000000000000000000e+00 0.000000000000000000e+00 7.123255931946224451e-05
4.162404066719272726e-06 7.093467011357672169e-06 0.000000000000000000e+00 0.000000000000000000e+00 4.858700110275816307e-06
3.225869485841257765e-05 0.000000000000000000e+00 2.008892632233068805e-05 0.000000000000000000e+00 0.000000000000000000e+00
3.758154972718900667e-05 1.070506995368091111e-05 3.087901246943998503e-06 2.286492690103024701e-05 0.000000000000000000e+00
0.000000000000000000e+00 0.000000000000000000e+00 0.000000000000000000e+00 0.000000000000000000e+00 0.000000000000000000e+00
0.000000000000000000e+00 0.000000000000000000e+00 0.000000000000000000e+00 0.000000000000000000e+00 0.000000000000000000e+00
0.000000000000000000e+00 0.000000000000000000e+00 0.000000000000000000e+00 0.000000000000000000e+00 0.000000000000000000e+00
0.000000000000000000e+00 0.000000000000000000e+00 0.000000000000000000e+00 0.000000000000000000e+00 0.000000000000000000e+00
0.000000000000000000e+00 0.000000000000000000e+00 0.000000000000000000e+00 0.000000000000000000e+00 0.000000000000000000e+00
0.000000000000000000e+00 0.000000000000000000e+00 0.000000000000000000e+00 0.000000000000000000e+00 0.000000000000000000e+00
0.000000000000000000e+00 0.000000000000000000e+00 0.000000000000000000e+00 0.000000000000000000e+00 0.000000000000000000e+00
0.000000000000000000e+00 0.000000000000000000e+00 0.000000000000000000e+00 0.000000000000000000e+00 0.000000000000000000e+00
5.243224077123229268e-05 0.000000000000000000e+00 0.000000000000000000e+00 0.000000000000000000e+00 6.581087379428243820e-04
2.328807528161820661e-04 0.000000000000000000e+00 0.000000000000000000e+00 0.000000000000000000e+00 3.129652549451019533e-03
3.724054711665792457e-04 0.000000000000000000e+00 3.749858941327458863e-05 0.000000000000000000e+00 6.182915718749150240e-03
6.829890699042762180e-04 0.000000000000000000e+00 2.184838225159290391e-04 0.000000000000000000e+00 9.543416852556489693e-03
2.105548061701508107e-03 0.000000000000000000e+00 3.700122691441038347e-04 0.000000000000000000e+00 1.570024463215298136e-02
4.011180689984400818e-03 0.000000000000000000e+00 0.000000000000000000e+00 0.000000000000000000e+00 2.145480864624792205e-02
6.958388633121258791e-03 0.000000000000000000e+00 0.000000000000000000e+00 0.000000000000000000e+00 2.393751428301143028e-02
8.175839810292514359e-03 0.000000000000000000e+00 0.000000000000000000e+00 0.000000000000000000e+00 2.114461398432156136e-02
8.649797885567052716e-03 0.000000000000000000e+00 0.000000000000000000e+00 0.000000000000000000e+00 1.666533819366560615e-02
7.525027161350488630e-03 0.000000000000000000e+00 0.000000000000000000e+00 0.000000000000000000e+00 1.070895193650332929e-02
5.337516751690908785e-03 0.000000000000000000e+00 0.000000000000000000e+00 0.000000000000000000e+00 5.872253400432948106e-03
3.253806361190647849e-03 0.000000000000000000e+00 0.000000000000000000e+00 0.000000000000000000e+00 3.313060289843306090e-03
1.594889558773554712e-03 0.000000000000000000e+00 0.000000000000000000e+00 0.000000000000000000e+00 1.717863725330917319e-03
8.176085692537069394e-04 0.000000000000000000e+00 8.071089527993913714e-05 0.000000000000000000e+00 8.246609580536372460e-04
2.248080037651772499e-04 0.000000000000000000e+00 8.914756855809314879e-05 0.000000000000000000e+00 2.853205395761953958e-04
2.412627137491137893e-05 0.000000000000000000e+00 1.266189255582767660e-05 0.000000000000000000e+00 2.325902784774548418e-05
0.000000000000000000e+00 0.000000000000000000e+00 0.000000000000000000e+00 0.000000000000000000e+00 0.000000000000000000e+00
0.000000000000000000e+00 0.000000000000000000e+00 0.000000000000000000e+00 0.000000000000000000e+00 0.000000000000000000e+00
0.000000000000000000e+00 0.000000000000000000e+00 0.000000000000000000e+00 0.000000000000000000e+00 0.000000000000000000e+00
0.000000000000000000e+00 0.000000000000000000e+00 0.000000000000000000e+00 0.000000000000000000e+00 0.000000000000000000e+00
0.000000000000000000e+00 0.000000000000000000e+00 0.000000000000000000e+00 0.000000000000000000e+00 0.000000000000000000e+00
0.000000000000000000e+00 0.000000000000000000e+00 0.000000000000000000e+00 0.000000000000000000e+00 0.000000000000000000e+00
0.000000000000000000e+00 0.000000000000000000e+00 0.000000000000000000e+00 0.000000000000000000e+00 0.000000000000000000e+00
0.000000000000000000e+00 0.000000000000000000e+00 0.000000000000000000e+00 0.000000000000000000e+00 0.000000000000000000e+00
0.000000000000000000e+00 0.000000000000000000e+00 0.000000000000000000e+00 0.000000000000000000e+00 0.000000000000000000e+00
0.000000000000000000e+00 0.000000000000000000e+00 0.000000000000000000e+00 0.000000000000000000e+00 0.000000000000000000e+00
0.000000000000000000e+00 0.000000000000000000e+00 0.000000000000000000e+00 0.000000000000000000e+00 0.000000000000000000e+00
0.000000000000000000e+00 0.000000000000000000e+00 0.000000000000000000e+00 0.000000000000000000e+00 0.000000000000000000e+00
0.000000000000000000e+00 0.000000000000000000e+00 0.000000000000000000e+00 0.000000000000000000e+00 0.000000000000000000e+00
0.000000000000000000e+00 0.000000000000000000e+00 0.000000000000000000e+00 0.000000000000000000e+00 0.000000000000000000e+00
0.000000000000000000e+00 0.000000000000000000e+00 0.000000000000000000e+00 0.000000000000000000e+00 0.000000000000000000e+00
0.000000000000000000e+00 0.000000000000000000e+00 0.000000000000000000e+00 0.000000000000000000e+00 0.000000000000000000e+00
0.000000000000000000e+00 1.267911978383535955e-04 5.345896105671037125e-05 0.000000000000000000e+00 4.405509726346426146e-05
4.453575065766796233e-05 5.485916782093109970e-05 3.273872207317451120e-05 0.000000000000000000e+00 2.256196397560339384e-04
2.002819235264294458e-04 0.000000000000000000e+00 0.000000000000000000e+00 0.000000000000000000e+00 5.139049805561921556e-04
1.744872810226258495e-04 0.000000000000000000e+00 0.000000000000000000e+00 0.000000000000000000e+00 5.885393236307209742e-04
2.870356268260677683e-04 0.000000000000000000e+00 0.000000000000000000e+00 0.000000000000000000e+00 6.658146822258741333e-04
3.638283647752774347e-04 0.000000000000000000e+00 0.000000000000000000e+00 0.000000000000000000e+00 6.434576876886753758e-04
3.751843471811572815e-04 0.000000000000000000e+00 0.000000000000000000e+00 0.000000000000000000e+00 4.565155651147399991e-04
2.363816808068167638e-04 0.000000000000000000e+00 0.000000000000000000e+00 0.000000000000000000e+00 2.865097377189584622e-04
7.023011384938243292e-05 0.000000000000000000e+00 0.000000000000000000e+00 0.000000000000000000e+00 8.037774728088238976e-05
3.240468990480207981e-05 0.000000000000000000e+00 0.000000000000000000e+00 0.000000000000000000e+00 3.739937963402014179e-05
0.000000000000000000e+00 0.000000000000000000e+00 0.000000000000000000e+00 0.000000000000000000e+00 0.000000000000000000e+00
0.000000000000000000e+00 0.000000000000000000e+00 0.000000000000000000e+00 0.000000000000000000e+00 0.000000000000000000e+00
0.000000000000000000e+00 0.000000000000000000e+00 0.000000000000000000e+00 0.000000000000000000e+00 0.000000000000000000e+00
0.000000000000000000e+00 0.000000000000000000e+00 0.000000000000000000e+00 0.000000000000000000e+00 0.000000000000000000e+00
0.000000000000000000e+00 0.000000000000000000e+00 0.000000000000000000e+00 0.000000000000000000e+00 0.000000000000000000e+00
0.000000000000000000e+00 0.000000000000000000e+00 0.000000000000000000e+00 0.000000000000000000e+00 0.000000000000000000e+00
0.000000000000000000e+00 0.000000000000000000e+00 0.000000000000000000e+00 0.000000000000000000e+00 0.000000000000000000e+00
0.000000000000000000e+00 0.000000000000000000e+00 0.000000000000000000e+00 0.000000000000000000e+00 0.000000000000000000e+00
0.000000000000000000e+00 0.000000000000000000e+00 0.000000000000000000e+00 0.000000000000000000e+00 0.000000000000000000e+00
0.000000000000000000e+00 0.000000000000000000e+00 0.000000000000000000e+00 0.000000000000000000e+00 0.000000000000000000e+00
0.000000000000000000e+00 0.000000000000000000e+00 0.000000000000000000e+00 0.000000000000000000e+00 0.000000000000000000e+00
0.000000000000000000e+00 0.000000000000000000e+00 0.000000000000000000e+00 0.000000000000000000e+00 0.000000000000000000e+00
0.000000000000000000e+00 0.000000000000000000e+00 0.000000000000000000e+00 0.000000000000000000e+00 0.000000000000000000e+00
0.000000000000000000e+00 0.000000000000000000e+00 0.000000000000000000e+00 0.000000000000000000e+00 0.000000000000000000e+00
0.000000000000000000e+00 0.000000000000000000e+00 0.000000000000000000e+00 0.000000000000000000e+00 0.000000000000000000e+00
0.000000000000000000e+00 0.000000000000000000e+00 0.000000000000000000e+00 0.000000000000000000e+00 0.000000000000000000e+00
0.000000000000000000e+00 0.000000000000000000e+00 0.000000000000000000e+00 0.000000000000000000e+00 0.000000000000000000e+00
0.000000000000000000e+00 0.000000000000000000e+00 0.000000000000000000e+00 0.000000000000000000e+00 0.000000000000000000e+00
0.000000000000000000e+00 0.000000000000000000e+00 0.000000000000000000e+00 0.000000000000000000e+00 0.000000000000000000e+00
0.000000000000000000e+00 0.000000000000000000e+00 0.000000000000000000e+00 0.000000000000000000e+00 0.000000000000000000e+00
0.000000000000000000e+00 0.000000000000000000e+00 0.000000000000000000e+00 0.000000000000000000e+00 0.000000000000000000e+00
0.000000000000000000e+00 0.000000000000000000e+00 0.000000000000000000e+00 0.000000000000000000e+00 0.000000000000000000e+00
0.000000000000000000e+00 0.000000000000000000e+00 0.000000000000000000e+00 0.000000000000000000e+00 0.000000000000000000e+00
0.000000000000000000e+00 0.000000000000000000e+00 0.000000000000000000e+00 0.000000000000000000e+00 0.000000000000000000e+00
0.000000000000000000e+00 0.000000000000000000e+00 0.000000000000000000e+00 0.000000000000000000e+00 0.000000000000000000e+00
0.000000000000000000e+00 0.000000000000000000e+00 0.000000000000000000e+00 0.000000000000000000e+00 0.000000000000000000e+00
0.000000000000000000e+00 0.000000000000000000e+00 0.000000000000000000e+00 0.000000000000000000e+00 0.000000000000000000e+00
0.000000000000000000e+00 0.000000000000000000e+00 0.000000000000000000e+00 0.000000000000000000e+00 0.000000000000000000e+00
0.000000000000000000e+00 0.000000000000000000e+00 0.000000000000000000e+00 0.000000000000000000e+00 0.000000000000000000e+00
0.000000000000000000e+00 0.000000000000000000e+00 0.000000000000000000e+00 0.000000000000000000e+00 0.000000000000000000e+00
0.000000000000000000e+00 0.000000000000000000e+00 0.000000000000000000e+00 0.000000000000000000e+00 0.000000000000000000e+00
0.000000000000000000e+00 0.000000000000000000e+00 0.000000000000000000e+00 0.000000000000000000e+00 0.000000000000000000e+00
0.000000000000000000e+00 0.000000000000000000e+00 0.000000000000000000e+00 0.000000000000000000e+00 0.000000000000000000e+00
0.000000000000000000e+00 0.000000000000000000e+00 0.000000000000000000e+00 0.000000000000000000e+00 0.000000000000000000e+00
0.000000000000000000e+00 0.000000000000000000e+00 0.000000000000000000e+00 0.000000000000000000e+00 0.000000000000000000e+00
0.000000000000000000e+00 0.000000000000000000e+00 0.000000000000000000e+00 0.000000000000000000e+00 0.000000000000000000e+00
0.000000000000000000e+00 0.000000000000000000e+00 0.000000000000000000e+00 0.000000000000000000e+00 0.000000000000000000e+00
0.000000000000000000e+00 0.000000000000000000e+00 0.000000000000000000e+00 0.000000000000000000e+00 0.000000000000000000e+00
0.000000000000000000e+00 0.000000000000000000e+00 0.000000000000000000e+00 0.000000000000000000e+00 0.000000000000000000e+00
0.000000000000000000e+00 0.000000000000000000e+00 0.000000000000000000e+00 0.000000000000000000e+00 0.000000000000000000e+00
0.000000000000000000e+00 0.000000000000000000e+00 0.000000000000000000e+00 0.000000000000000000e+00 0.000000000000000000e+00
0.000000000000000000e+00 0.000000000000000000e+00 0.000000000000000000e+00 0.000000000000000000e+00 0.000000000000000000e+00
0.000000000000000000e+00 0.000000000000000000e+00 0.000000000000000000e+00 0.000000000000000000e+00 0.000000000000000000e+00
0.000000000000000000e+00 0.000000000000000000e+00 0.000000000000000000e+00 0.000000000000000000e+00 0.000000000000000000e+00
0.000000000000000000e+00 0.000000000000000000e+00 0.000000000000000000e+00 0.000000000000000000e+00 0.000000000000000000e+00
0.000000000000000000e+00 0.000000000000000000e+00 0.000000000000000000e+00 0.000000000000000000e+00 0.000000000000000000e+00
0.000000000000000000e+00 0.000000000000000000e+00 0.000000000000000000e+00 0.000000000000000000e+00 0.000000000000000000e+00
0.000000000000000000e+00 0.000000000000000000e+00 0.000000000000000000e+00 0.000000000000000000e+00 0.000000000000000000e+00
0.000000000000000000e+00 0.000000000000000000e+00 0.000000000000000000e+00 0.000000000000000000e+00 0.000000000000000000e+00
0.000000000000000000e+00 0.000000000000000000e+00 0.000000000000000000e+00 0.000000000000000000e+00 0.000000000000000000e+00
0.000000000000000000e+00 0.000000000000000000e+00 0.000000000000000000e+00 0.000000000000000000e+00 0.000000000000000000e+00
0.000000000000000000e+00 0.000000000000000000e+00 0.000000000000000000e+00 0.000000000000000000e+00 0.000000000000000000e+00
0.000000000000000000e+00 0.000000000000000000e+00 0.000000000000000000e+00 0.000000000000000000e+00 0.000000000000000000e+00
0.000000000000000000e+00 0.000000000000000000e+00 0.000000000000000000e+00 0.000000000000000000e+00 0.000000000000000000e+00
0.000000000000000000e+00 0.000000000000000000e+00 0.000000000000000000e+00 0.000000000000000000e+00 0.000000000000000000e+00
0.000000000000000000e+00 0.000000000000000000e+00 0.000000000000000000e+00 0.000000000000000000e+00 0.000000000000000000e+00
0.000000000000000000e+00 0.000000000000000000e+00 0.000000000000000000e+00 0.000000000000000000e+00 0.000000000000000000e+00
0.000000000000000000e+00 0.000000000000000000e+00 0.000000000000000000e+00 0.000000000000000000e+00 0.000000000000000000e+00
0.000000000000000000e+00 0.000000000000000000e+00 0.000000000000000000e+00 0.000000000000000000e+00 0.000000000000000000e+00
0.000000000000000000e+00 0.000000000000000000e+00 0.000000000000000000e+00 0.000000000000000000e+00 0.000000000000000000e+00
0.000000000000000000e+00 0.000000000000000000e+00 0.000000000000000000e+00 0.000000000000000000e+00 0.000000000000000000e+00
0.000000000000000000e+00 0.000000000000000000e+00 0.000000000000000000e+00 0.000000000000000000e+00 0.000000000000000000e+00
0.000000000000000000e+00 0.000000000000000000e+00 0.000000000000000000e+00 0.000000000000000000e+00 0.000000000000000000e+00
0.000000000000000000e+00 0.000000000000000000e+00 0.000000000000000000e+00 0.000000000000000000e+00 0.000000000000000000e+00
0.000000000000000000e+00 0.000000000000000000e+00 0.000000000000000000e+00 0.000000000000000000e+00 0.000000000000000000e+00
0.000000000000000000e+00 0.000000000000000000e+00 0.000000000000000000e+00 0.000000000000000000e+00 0.000000000000000000e+00
0.000000000000000000e+00 0.000000000000000000e+00 0.000000000000000000e+00 0.000000000000000000e+00 0.000000000000000000e+00
0.000000000000000000e+00 0.000000000000000000e+00 0.000000000000000000e+00 0.000000000000000000e+00 0.000000000000000000e+00
0.000000000000000000e+00 0.000000000000000000e+00 0.000000000000000000e+00 0.000000000000000000e+00 0.000000000000000000e+00
0.000000000000000000e+00 0.000000000000000000e+00 0.000000000000000000e+00 0.000000000000000000e+00 0.000000000000000000e+00
0.000000000000000000e+00 0.000000000000000000e+00 0.000000000000000000e+00 0.000000000000000000e+00 0.000000000000000000e+00
0.000000000000000000e+00 0.000000000000000000e+00 0.000000000000000000e+00 0.000000000000000000e+00 0.000000000000000000e+00
0.000000000000000000e+00 0.000000000000000000e+00 0.000000000000000000e+00 0.000000000000000000e+00 0.000000000000000000e+00
0.000000000000000000e+00 0.000000000000000000e+00 0.000000000000000000e+00 0.000000000000000000e+00 0.000000000000000000e+00
0.000000000000000000e+00 0.000000000000000000e+00 0.000000000000000000e+00 0.000000000000000000e+00 0.000000000000000000e+00
0.000000000000000000e+00 0.000000000000000000e+00 0.000000000000000000e+00 0.000000000000000000e+00 0.000000000000000000e+00
0.000000000000000000e+00 0.000000000000000000e+00 0.000000000000000000e+00 0.000000000000000000e+00 0.000000000000000000e+00
0.000000000000000000e+00 0.000000000000000000e+00 0.000000000000000000e+00 0.000000000000000000e+00 0.000000000000000000e+00
0.000000000000000000e+00 0.000000000000000000e+00 0.000000000000000000e+00 0.000000000000000000e+00 0.000000000000000000e+00
0.000000000000000000e+00 0.000000000000000000e+00 0.000000000000000000e+00 0.000000000000000000e+00 0.000000000000000000e+00
0.000000000000000000e+00 0.000000000000000000e+00 0.000000000000000000e+00 0.000000000000000000e+00 0.000000000000000000e+00
0.000000000000000000e+00 0.000000000000000000e+00 0.000000000000000000e+00 0.000000000000000000e+00 0.000000000000000000e+00
0.000000000000000000e+00 0.000000000000000000e+00 0.000000000000000000e+00 0.000000000000000000e+00 0.000000000000000000e+00
0.000000000000000000e+00 0.000000000000000000e+00 0.000000000000000000e+00 0.000000000000000000e+00 0.000000000000000000e+00
0.000000000000000000e+00 0.000000000000000000e+00 0.000000000000000000e+00 0.000000000000000000e+00 0.000000000000000000e+00
0.000000000000000000e+00 0.000000000000000000e+00 0.000000000000000000e+00 0.000000000000000000e+00 0.000000000000000000e+00
0.000000000000000000e+00 0.000000000000000000e+00 0.000000000000000000e+00 0.000000000000000000e+00 0.000000000000000000e+00
0.000000000000000000e+00 0.000000000000000000e+00 0.000000000000000000e+00 0.000000000000000000e+00 0.000000000000000000e+00
0.000000000000000000e+00 0.000000000000000000e+00 0.000000000000000000e+00 0.000000000000000000e+00 0.000000000000000000e+00
0.000000000000000000e+00 0.000000000000000000e+00 0.000000000000000000e+00 0.000000000000000000e+00 0.000000000000000000e+00
0.000000000000000000e+00 0.000000000000000000e+00 0.000000000000000000e+00 0.000000000000000000e+00 0.000000000000000000e+00
