165.892648935318
0.000000000000000000e+00 0.000000000000000000e+00 0.000000000000000000e+00 0.000000000000000000e+00 0.000000000000000000e+00
0.000000000000000000e+00 0.000000000000000000e+00 0.000000000000000000e+00 0.000000000000000000e+00 0.000000000000000000e+00
0.000000000000000000e+00 0.000000000000000000e+00 0.000000000000000000e+00 0.000000000000000000e+00 0.000000000000000000e+00
0.000000000000000000e+00 0.000000000000000000e+00 0.000000000000000000e+00 0.000000000000000000e+00 0.000000000000000000e+00
0.000000000000000000e+00 0.000000000000000000e+00 0.000000000000000000e+00 0.000000000000000000e+00 0.000000000000000000e+00
0.000000000000000000e+00 0.000000000000000000e+00 0.000000000000000000e+00 0.000000000000000000e+00 0.000000000000000000e+00
0.000000000000000000e+00 0.000000000000000000e+00 0.000000000000000000e+00 0.000000000000000000e+00 0.000000000000000000e+00
0.000000000000000000e+00 0.000000000000000000e+00 0.000000000000000000e+00 0.000000000000000000e+00 0.000000000000000000e+00
0.000000000000000000e+00 0.000000000000000000e+00 0.000000000000000000e+00 0.000000000000000000e+00 0.000000000000000000e+00
0.000000000000000000e+00 0.000000000000000000e+00 0.000000000000000000e+00 0.000000000000000000e+00 0.000000000000000000e+00
0.000000000000000000e+00 0.000000000000000000e+00 0.000000000000000000e+00 0.000000000000000000e+00 0.000000000000000000e+00
0.000000000000000000e+00 0.000000000000000000e+00 0.000000000000000000e+00 0.000000000000000000e+00 0.000000000000000000e+00
0.000000000000000000e+00 0.000000000000000000e+00 0.000000000000000000e+00 0.000000000000000000e+00 0.000000000000000000e+00
0.000000000000000000e+00 0.000000000000000000e+00 0.000000000000000000e+00 0.000000000000000000e+00 0.000000000000000000e+00
0.000000000000000000e+00 0.000000000000000000e+00 0.000000000000000000e+00 0.000000000000000000e+00 0.000000000000000000e+00
0.000000000000000000e+00 0.000000000000000000e+00 0.000000000000000000e+00 0.000000000000000000e+00 0.000000000000000000e+00
0.000000000000000000e+00 0.000000000000000000e+00 0.000000000000000000e+00 0.000000000000000000e+00 0.000000000000000000e+00
0.000000000000000000e+00 0.000000000000000000e+00 0.000000000000000000e+00 0.000000000000000000e+00 0.000000000000000000e+00
0.000000000000000000e+00 0.000000000000000000e+00 0.000000000000000000e+00 0.000000000000000000e+00 0.000000000000000000e+00
0.000000000000000000e+00 0.000000000000000000e+00 0.000000000000000000e+00 0.000000000000000000e+00 0.000000000000000000e+00
0.000000000000000000e+00 0.000000000000000000e+00 0.000000000000000000e+00 0.000000000000000000e+00 0.000000000000000000e+00
0.000000000000000000e+00 0.000000000000000000e+00 0.000000000000000000e+00 0.000000000000000000e+00 0.000000000000000000e+00
0.000000000000000000e+00 0.000000000000000000e+00 0.000000000000000000e+00 0.000000000000000000e+00 0.000000000000000000e+00
0.000000000000000000e+00 0.000000000000000000e+00 0.000000000000000000e+00 0.000000000000000000e+00 0.000000000000000000e+00
0.000000000000000000e+00 0.000000000000000000e+00 0.000000000000000000e+00 0.000000000000000000e+00 0.000000000000000000e+00
0.000000000000000000e+00 0.000000000000000000e+00 0.000000000000000000e+00 0.000000000000000000e+00 0.000000000000000000e+00
0.000000000000000000e+00 0.000000000000000000e+00 0.000000000000000000e+00 0.000000000000000000e+00 0.000000000000000000e+00
0.000000000000000000e+00 0.000000000000000000e+00 0.000000000000000000e+00 0.000000000000000000e+00 0.000000000000000000e+00
0.000000000000000000e+00 0.000000000000000000e+00 0.000000000000000000e+00 0.000000000000000000e+00 0.000000000000000000e+00
0.000000000000000000e+00 0.000000000000000000e+00 0.000000000000000000e+00 0.000000000000000000e+00 0.000000000000000000e+00
0.000000000000000000e+00 0.000000000000000000e+00 0.000000000000000000e+00 0.000000000000000000e+00 0.000000000000000000e+00
0.000000000000000000e+00 0.000000000000000000e+00 0.000000000000000000e+00 0.000000000000000000e+00 0.000000000000000000e+00
0.000000000000000000e+00 0.000000000000000000e+00 0.000000000000000000e+00 0.000000000000000000e+00 0.000000000000000000e+00
0.000000000000000000e+00 0.000000000000000000e+00 0.000000000000000000e+00 0.000000000000000000e+00 0.000000000000000000e+00
0.000000000000000000e+00 0.000000000000000000e+00 0.000000000000000000e+00 0.000000000000000000e+00 0.000000000000000000e+00
0.000000000000000000e+00 0.000000000000000000e+00 0.000000000000000000e+00 0.000000000000000000e+00 0.000000000000000000e+00
0.000000000000000000e+00 0.000000000000000000e+00 0.000000000000000000e+00 0.000000000000000000e+00 0.000000000000000000e+00
0.000000000000000000e+00 0.000000000000000000e+00 0.000000000000000000e+00 0.000000000000000000e+00 0.000000000000000000e+00
0.000000000000000000e+00 0.000000000000000000e+00 0.000000000000000000e+00 0.000000000000000000e+00 0.000000000000000000e+00
0.000000000000000000e+00 0.000000000000000000e+00 0.000000000000000000e+00 0.000000000000000000e+00 0.000000000000000000e+00
0.000000000000000000e+00 0.000000000000000000e+00 0.000000000000000000e+00 0.000000000000000000e+00 0.000000000000000000e+00
0.000000000000000000e+00 0.000000000000000000e+00 0.000000000000000000e+00 0.000000000000000000e+00 0.000000000000000000e+00
0.000000000000000000e+00 0.000000000000000000e+00 0.000000000000000000e+00 0.000000000000000000e+00 0.000000000000000000e+00
0.000000000000000000e+00 0.000000000000000000e+00 0.000000000000000000e+00 0.000000000000000000e+00 0.000000000000000000e+00
0.000000000000000000e+00 0.000000000000000000e+00 0.000000000000000000e+00 0.000000000000000000e+00 0.000000000000000000e+00
0.000000000000000000e+00 0.000000000000000000e+00 0.000000000000000000e+00 0.000000000000000000e+00 0.000000000000000000e+00
0.000000000000000000e+00 0.000000000000000000e+00 0.000000000000000000e+00 0.000000000000000000e+00 0.000000000000000000e+00
0.000000000000000000e+00 0.000000000000000000e+00 0.000000000000000000e+00 0.000000000000000000e+00 0.000000000000000000e+00
0.000000000000000000e+00 0.000000000000000000e+00 0.000000000000000000e+00 0.000000000000000000e+00 0.000000000000000000e+00
0.000000000000000000e+00 0.000000000000000000e+00 0.000000000000000000e+00 0.000000000000000000e+00 0.000000000000000000e+00
0.000000000000000000e+00 0.000000000000000000e+00 0.000000000000000000e+00 0.000000000000000000e+00 0.000000000000000000e+00
0.000000000000000000e+00 0.000000000000000000e+00 0.000000000000000000e+00 0.000000000000000000e+00 0.000000000000000000e+00
0.000000000000000000e+00 0.000000000000000000e+00 0.000000000000000000e+00 0.000000000000000000e+00 0.000000000000000000e+00
0.000000000000000000e+00 0.000000000000000000e+00 0.000000000000000000e+00 0.000000000000000000e+00 0.000000000000000000e+00
0.000000000000000000e+00 0.000000000000000000e+00 0.000000000000000000e+00 0.000000000000000000e+00 0.000000000000000000e+00
0.000000000000000000e+00 0.000000000000000000e+00 0.000000000000000000e+00 0.000000000000000000e+00 0.000000000000000000e+00
0.000000000000000000e+00 0.000000000000000000e+00 0.000000000000000000e+00 0.000000000000000000e+00 0.000000000000000000e+00
0.000000000000000000e+00 0.000000000000000000e+00 0.000000000000000000e+00 0.000000000000000000e+00 0.000000000000000000e+00
0.000000000000000000e+00 0.000000000000000000e+00 0.000000000000000000e+00 0.000000000000000000e+00 0.000000000000000000e+00
0.000000000000000000e+00 0.000000000000000000e+00 0.000000000000000000e+00 0.000000000000000000e+00 0.000000000000000000e+00
0.000000000000000000e+00 0.000000000000000000e+00 0.000000000000000000e+00 0.000000000000000000e+00 0.000000000000000000e+00
0.000000000000000000e+00 0.000000000000000000e+00 0.000000000000000000e+00 0.000000000000000000e+00 0.000000000000000000e+00
0.000000000000000000e+00 0.000000000000000000e+00 0.000000000000000000e+00 0.000000000000000000e+00 0.000000000000000000e+00
0.000000000000000000e+00 0.000000000000000000e+00 0.000000000000000000e+00 0.000000000000000000e+00 0.000000000000000000e+00
0.000000000000000000e+00 0.000000000000000000e+00 0.000000000000000000e+00 0.000000000000000000e+00 0.000000000000000000e+00
0.000000000000000000e+00 0.000000000000000000e+00 0.000000000000000000e+00 0.000000000000000000e+00 0.000000000000000000e+00
0.000000000000000000e+00 0.000000000000000000e+00 0.000000000000000000e+00 0.000000000000000000e+00 0.000000000000000000e+00
0.000000000000000000e+00 0.000000000000000000e+00 0.000000000000000000e+00 0.000000000000000000e+00 0.000000000000000000e+00
0.000000000000000000e+00 0.000000000000000000e+00 0.000000000000000000e+00 0.000000000000000000e+00 0.000000000000000000e+00
0.000000000000000000e+00 0.000000000000000000e+00 0.000000000000000000e+00 0.000000000000000000e+00 0.000000000000000000e+00
0.000000000000000000e+00 0.000000000000000000e+00 0.000000000000000000e+00 0.000000000000000000e+00 0.000000000000000000e+00
0.000000000000000000e+00 0.000000000000000000e+00 0.000000000000000000e+00 0.000000000000000000e+00 0.000000000000000000e+00
0.000000000000000000e+00 0.000000000000000000e+00 0.000000000000000000e+00 0.000000000000000000e+00 0.000000000000000000e+00
0.000000000000000000e+00 0.000000000000000000e+00 0.000000000000000000e+00 0.000000000000000000e+00 0.000000000000000000e+00
0.000000000000000000e+00 0.000000000000000000e+00 0.000000000000000000e+00 0.000000000000000000e+00 0.000000000000000000e+00
0.000000000000000000e+00 0.000000000000000000e+00 0.000000000000000000e+00 0.000000000000000000e+00 0.000000000000000000e+00
0.000000000000000000e+00 0.000000000000000000e+00 0.000000000000000000e+00 0.000000000000000000e+00 0.000000000000000000e+00
0.000000000000000000e+00 0.000000000000000000e+00 0.000000000000000000e+00 0.000000000000000000e+00 0.000000000000000000e+00
0.000000000000000000e+00 0.000000000000000000e+00 0.000000000000000000e+00 0.000000000000000000e+00 0.000000000000000000e+00
0.000000000000000000e+00 0.000000000000000000e+00 0.000000000000000000e+00 0.000000000000000000e+00 0.000000000000000000e+00
0.000000000000000000e+00 0.000000000000000000e+00 0.000000000000000000e+00 0.000000000000000000e+00 0.000000000000000000e+00
0.000000000000000000e+00 0.000000000000000000e+00 0.000000000000000000e+00 0.000000000000000000e+00 0.000000000000000000e+00
0.000000000000000000e+00 0.000000000000000000e+00 0.000000000000000000e+00 0.000000000000000000e+00 0.000000000000000000e+00
0.000000000000000000e+00 0.000000000000000000e+00 0.000000000000000000e+00 0.000000000000000000e+00 0.000000000000000000e+00
0.000000000000000000e+00 0.000000000000000000e+00 0.000000000000000000e+00 0.000000000000000000e+00 0.000000000000000000e+00
0.000000000000000000e+00 0.000000000000000000e+00 0.000000000000000000e+00 0.000000000000000000e+00 0.000000000000000000e+00
0.000000000000000000e+00 0.000000000000000000e+00 0.000000000000000000e+00 0.000000000000000000e+00 0.000000000000000000e+00
0.000000000000000000e+00 0.000000000000000000e+00 0.000000000000000000e+00 0.000000000000000000e+00 0.000000000000000000e+00
0.000000000000000000e+00 0.000000000000000000e+00 0.000000000000000000e+00 0.000000000000000000e+00 0.000000000000000000e+00
0.000000000000000000e+00 0.000000000000000000e+00 0.000000000000000000e+00 0.000000000000000000e+00 0.000000000000000000e+00
0.000000000000000000e+00 0.000000000000000000e+00 0.000000000000000000e+00 0.000000000000000000e+00 0.000000000000000000e+00
0.000000000000000000e+00 0.000000000000000000e+00 0.000000000000000000e+00 0.000000000000000000e+00 0.000000000000000000e+00
0.000000000000000000e+00 0.000000000000000000e+00 0.000000000000000000e+00 0.000000000000000000e+00 0.000000000000000000e+00
0.000000000000000000e+00 0.000000000000000000e+00 0.000000000000000000e+00 0.000000000000000000e+00 0.000000000000000000e+00
0.000000000000000000e+00 0.000000000000000000e+00 0.000000000000000000e+00 0.000000000000000000e+00 0.000000000000000000e+00
0.000000000000000000e+00 0.000000000000000000e+00 0.000000000000000000e+00 0.000000000000000000e+00 0.000000000000000000e+00
0.000000000000000000e+00 0.000000000000000000e+00 0.000000000000000000e+00 0.000000000000000000e+00 0.000000000000000000e+00
0.000000000000000000e+00 0.000000000000000000e+00 0.000000000000000000e+00 0.000000000000000000e+00 0.000000000000000000e+00
0.000000000000000000e+00 0.000000000000000000e+00 0.000000000000000000e+00 0.000000000000000000e+00 0.000000000000000000e+00
0.000000000000000000e+00 0.000000000000000000e+00 0.000000000000000000e+00 0.000000000000000000e+00 0.000000000000000000e+00
0.000000000000000000e+00 0.000000000000000000e+00 0.000000000000000000e+00 0.000000000000000000e+00 0.000000000000000000e+00
0.000000000000000000e+00 0.000000000000000000e+00 0.000000000000000000e+00 0.000000000000000000e+00 0.000000000000000000e+00
0.000000000000000000e+00 0.000000000000000000e+00 0.000000000000000000e+00 0.000000000000000000e+00 0.000000000000000000e+00
0.000000000000000000e+00 0.000000000000000000e+00 0.000000000000000000e+00 0.000000000000000000e+00 0.000000000000000000e+00
0.000000000000000000e+00 0.000000000000000000e+00 0.000000000000000000e+00 0.000000000000000000e+00 0.000000000000000000e+00
0.000000000000000000e+00 0.000000000000000000e+00 0.000000000000000000e+00 0.000000000000000000e+00 0.000000000000000000e+00
0.000000000000000000e+00 0.000000000000000000e+00 0.000000000000000000e+00 0.000000000000000000e+00 0.000000000000000000e+00
0.000000000000000000e+00 0.000000000000000000e+00 0.000000000000000000e+00 0.000000000000000000e+00 0.000000000000000000e+00
0.000000000000000000e+00 0.000000000000000000e+00 0.000000000000000000e+00 0.000000000000000000e+00 0.000000000000000000e+00
0.000000000000000000e+00 0.000000000000000000e+00 0.000000000000000000e+00 0.000000000000000000e+00 0.000000000000000000e+00
0.000000000000000000e+00 0.000000000000000000e+00 0.000000000000000000e+00 0.000000000000000000e+00 0.000000000000000000e+00
0.000000000000000000e+00 0.000000000000000000e+00 0.000000000000000000e+00 0.000000000000000000e+00 0.000000000000000000e+00
0.000000000000000000e+00 0.000000000000000000e+00 0.000000000000000000e+00 0.000000000000000000e+00 0.000000000000000000e+00
0.000000000000000000e+00 0.000000000000000000e+00 0.000000000000000000e+00 0.000000000000000000e+00 0.000000000000000000e+00
0.000000000000000000e+00 0.000000000000000000e+00 0.000000000000000000e+00 0.000000000000000000e+00 0.000000000000000000e+00
0.000000000000000000e+00 0.000000000000000000e+00 0.000000000000000000e+00 0.000000000000000000e+00 0.000000000000000000e+00
0.000000000000000000e+00 0.000000000000000000e+00 0.000000000000000000e+00 0.000000000000000000e+00 0.000000000000000000e+00
0.000000000000000000e+00 0.000000000000000000e+00 0.000000000000000000e+00 0.000000000000000000e+00 0.000000000000000000e+00
0.000000000000000000e+00 0.000000000000000000e+00 0.000000000000000000e+00 0.000000000000000000e+00 0.000000000000000000e+00
0.000000000000000000e+00 0.000000000000000000e+00 0.000000000000000000e+00 0.000000000000000000e+00 0.000000000000000000e+00
0.000000000000000000e+00 0.000000000000000000e+00 0.000000000000000000e+00 0.000000000000000000e+00 0.000000000000000000e+00
0.000000000000000000e+00 0.000000000000000000e+00 0.000000000000000000e+00 0.000000000000000000e+00 0.000000000000000000e+00
0.000000000000000000e+00 0.000000000000000000e+00 0.000000000000000000e+00 0.000000000000000000e+00 0.000000000000000000e+00
0.000000000000000000e+00 0.000000000000000000e+00 0.000000000000000000e+00 0.000000000000000000e+00 0.000000000000000000e+00
0.000000000000000000e+00 0.000000000000000000e+00 0.000000000000000000e+00 0.000000000000000000e+00 0.000000000000000000e+00
0.000000000000000000e+00 0.000000000000000000e+00 0.000000000000000000e+00 0.000000000000000000e+00 0.000000000000000000e+00
0.000000000000000000e+00 0.000000000000000000e+00 0.000000000000000000e+00 0.000000000000000000e+00 0.000000000000000000e+00
0.000000000000000000e+00 0.000000000000000000e+00 0.000000000000000000e+00 0.000000000000000000e+00 0.000000000000000000e+00
0.000000000000000000e+00 0.000000000000000000e+00 0.000000000000000000e+00 0.000000000000000000e+00 0.000000000000000000e+00
0.000000000000000000e+00 0.000000000000000000e+00 0.000000000000000000e+00 0.000000000000000000e+00 0.000000000000000000e+00
0.000000000000000000e+00 0.000000000000000000e+00 0.000000000000000000e+00 0.000000000000000000e+00 0.000000000000000000e+00
0.000000000000000000e+00 0.000000000000000000e+00 0.000000000000000000e+00 0.000000000000000000e+00 0.000000000000000000e+00
0.000000000000000000e+00 0.000000000000000000e+00 0.000000000000000000e+00 0.000000000000000000e+00 0.000000000000000000e+00
0.000000000000000000e+00 0.000000000000000000e+00 0.000000000000000000e+00 0.000000000000000000e+00 0.000000000000000000e+00
0.000000000000000000e+00 0.000000000000000000e+00 0.000000000000000000e+00 0.000000000000000000e+00 0.000000000000000000e+00
0.000000000000000000e+00 0.000000000000000000e+00 0.000000000000000000e+00 0.000000000000000000e+00 0.000000000000000000e+00
0.000000000000000000e+00 0.000000000000000000e+00 0.000000000000000000e+00 0.000000000000000000e+00 0.000000000000000000e+00
0.000000000000000000e+00 0.000000000000000000e+00 0.000000000000000000e+00 0.000000000000000000e+00 0.000000000000000000e+00
0.000000000000000000e+00 0.000000000000000000e+00 0.000000000000000000e+00 0.000000000000000000e+00 0.000000000000000000e+00
0.000000000000000000e+00 0.000000000000000000e+00 0.000000000000000000e+00 0.000000000000000000e+00 0.000000000000000000e+00
0.000000000000000000e+00 0.000000000000000000e+00 0.000000000000000000e+00 0.000000000000000000e+00 0.000000000000000000e+00
0.000000000000000000e+00 0.000000000000000000e+00 0.000000000000000000e+00 0.000000000000000000e+00 0.000000000000000000e+00
0.000000000000000000e+00 0.000000000000000000e+00 0.000000000000000000e+00 0.000000000000000000e+00 0.000000000000000000e+00
0.000000000000000000e+00 0.000000000000000000e+00 0.000000000000000000e+00 0.000000000000000000e+00 0.000000000000000000e+00
0.000000000000000000e+00 0.000000000000000000e+00 0.000000000000000000e+00 0.000000000000000000e+00 0.000000000000000000e+00
0.000000000000000000e+00 0.000000000000000000e+00 0.000000000000000000e+00 0.000000000000000000e+00 0.000000000000000000e+00
0.000000000000000000e+00 0.000000000000000000e+00 0.000000000000000000e+00 0.000000000000000000e+00 0.000000000000000000e+00
0.000000000000000000e+00 0.000000000000000000e+00 1.509220047178679502e-03 1.009095365791455069e-03 6.547450987884013485e-05
0.000000000000000000e+00 0.000000000000000000e+00 5.843189442567056288e-03 3.378083687292689815e-03 0.000000000000000000e+00
0.000000000000000000e+00 0.000000000000000000e+00 6.416975970021480784e-03 3.175651080612118798e-03 0.000000000000000000e+00
0.000000000000000000e+00 0.000000000000000000e+00 5.309144233262662674e-03 2.434932141892861505e-03 0.000000000000000000e+00
0.000000000000000000e+00 0.000000000000000000e+00 2.748785525333713713e-03 9.685296014684054459e-04 0.000000000000000000e+00
0.000000000000000000e+00 1.997990381580072496e-03 5.177238159986390260e-03 0.000000000000000000e+00 0.000000000000000000e+00
0.000000000000000000e+00 2.467084448449315907e-03 7.353288435588231642e-03 0.000000000000000000e+00 0.000000000000000000e+00
5.833083687900846042e-05 3.311469759030162986e-03 1.092936510441254970e-02 0.000000000000000000e+00 0.000000000000000000e+00
0.000000000000000000e+00 2.747374647496549343e-03 1.191801066020148174e-02 0.000000000000000000e+00 0.000000000000000000e+00
0.000000000000000000e+00 1.707284168894109520e-03 8.294715115421430474e-03 0.000000000000000000e+00 0.000000000000000000e+00
0.000000000000000000e+00 2.352968466957608309e-04 1.150113800011852037e-03 0.000000000000000000e+00 0.000000000000000000e+00
0.000000000000000000e+00 0.000000000000000000e+00 0.000000000000000000e+00 0.000000000000000000e+00 0.000000000000000000e+00
0.000000000000000000e+00 0.000000000000000000e+00 0.000000000000000000e+00 0.000000000000000000e+00 0.000000000000000000e+00
0.000000000000000000e+00 0.000000000000000000e+00 0.000000000000000000e+00 0.000000000000000000e+00 0.000000000000000000e+00
0.000000000000000000e+00 0.000000000000000000e+00 0.000000000000000000e+00 0.000000000000000000e+00 0.000000000000000000e+00
0.000000000000000000e+00 0.000000000000000000e+00 0.000000000000000000e+00 0.000000000000000000e+00 0.000000000000000000e+00
0.000000000000000000e+00 0.000000000000000000e+00 0.000000000000000000e+00 0.000000000000000000e+00 0.000000000000000000e+00
0.000000000000000000e+00 0.000000000000000000e+00 0.000000000000000000e+00 0.000000000000000000e+00 0.000000000000000000e+00
0.000000000000000000e+00 0.000000000000000000e+00 0.000000000000000000e+00 0.000000000000000000e+00 0.000000000000000000e+00
0.000000000000000000e+00 0.000000000000000000e+00 0.000000000000000000e+00 0.000000000000000000e+00 0.000000000000000000e+00
0.000000000000000000e+00 0.000000000000000000e+00 0.000000000000000000e+00 0.000000000000000000e+00 0.000000000000000000e+00
0.000000000000000000e+00 0.000000000000000000e+00 0.000000000000000000e+00 0.000000000000000000e+00 0.000000000000000000e+00
0.000000000000000000e+00 0.000000000000000000e+00 0.000000000000000000e+00 0.000000000000000000e+00 0.000000000000000000e+00
0.000000000000000000e+00 0.000000000000000000e+00 0.000000000000000000e+00 0.000000000000000000e+00 0.000000000000000000e+00
0.000000000000000000e+00 0.000000000000000000e+00 0.000000000000000000e+00 0.000000000000000000e+00 0.000000000000000000e+00
0.000000000000000000e+00 0.000000000000000000e+00 0.000000000000000000e+00 0.000000000000000000e+00 0.000000000000000000e+00
0.000000000000000000e+00 0.000000000000000000e+00 2.993679452354976501e-05 1.838172530282113038e-04 4.251490832076009027e-04
0.000000000000000000e+00 0.000000000000000000e+00 4.160770144927270538e-04 2.070542343936321132e-03 9.829321140692834358e-03
0.000000000000000000e+00 0.000000000000000000e+00 9.332264657782432526e-03 3.106158071854213474e-03 9.902672771721580253e-03
0.000000000000000000e+00 1.051198628391544591e-02 2.204153476865380878e-02 7.092450879049493279e-04 0.000000000000000000e+00
0.000000000000000000e+00 1.465709831522620833e-02 1.890834655772013345e-02 7.876808348160594005e-04 0.000000000000000000e+00
0.000000000000000000e+00 1.298244869679628447e-02 1.979443668524519598e-02 3.544765751513676445e-03 0.000000000000000000e+00
0.000000000000000000e+00 2.168580611927618459e-02 2.088901639642007368e-02 5.449514989024633813e-03 0.000000000000000000e+00
0.000000000000000000e+00 2.792200927695387414e-02 3.221685513458138334e-02 3.946734807189615848e-03 0.000000000000000000e+00
0.000000000000000000e+00 2.547295222636898268e-02 4.490555152120286053e-02 1.728502864379527623e-03 0.000000000000000000e+00
6.009174114547921434e-03 3.080721199767189403e-02 5.250340362997466676e-02 0.000000000000000000e+00 0.000000000000000000e+00
1.299672591355357240e-03 3.119859797477910271e-02 4.741652451599295826e-02 0.000000000000000000e+00 0.000000000000000000e+00
2.566932054113998940e-03 2.941686499941858352e-02 4.561423025751458471e-02 0.000000000000000000e+00 0.000000000000000000e+00
0.000000000000000000e+00 2.543524635314057397e-02 3.844862235104581916e-02 0.000000000000000000e+00 0.000000000000000000e+00
1.143739208754303944e-03 1.995546051521996170e-02 2.902838629533673401e-02 0.000000000000000000e+00 0.000000000000000000e+00
1.404174309212665676e-03 8.674244193572017148e-03 1.100816305095280410e-02 0.000000000000000000e+00 0.000000000000000000e+00
0.000000000000000000e+00 2.070786548143710350e-03 3.317607396875718356e-04 0.000000000000000000e+00 0.000000000000000000e+00
0.000000000000000000e+00 0.000000000000000000e+00 0.000000000000000000e+00 0.000000000000000000e+00 0.000000000000000000e+00
0.000000000000000000e+00 0.000000000000000000e+00 0.000000000000000000e+00 0.000000000000000000e+00 0.000000000000000000e+00
0.000000000000000000e+00 0.000000000000000000e+00 0.000000000000000000e+00 0.000000000000000000e+00 0.000000000000000000e+00
0.000000000000000000e+00 0.000000000000000000e+00 0.000000000000000000e+00 0.000000000000000000e+00 0.000000000000000000e+00
0.000000000000000000e+00 0.000000000000000000e+00 0.000000000000000000e+00 0.000000000000000000e+00 0.000000000000000000e+00
0.000000000000000000e+00 0.000000000000000000e+00 0.000000000000000000e+00 0.000000000000000000e+00 0.000000000000000000e+00
0.000000000000000000e+00 0.000000000000000000e+00 0.000000000000000000e+00 0.000000000000000000e+00 0.000000000000000000e+00
0.000000000000000000e+00 0.000000000000000000e+00 0.000000000000000000e+00 0.000000000000000000e+00 0.000000000000000000e+00
0.000000000000000000e+00 0.000000000000000000e+00 0.000000000000000000e+00 0.000000000000000000e+00 0.000000000000000000e+00
6.840545820097928111e-04 0.000000000000000000e+00 0.000000000000000000e+00 0.000000000000000000e+00 4.683851695262536939e-03
9.288938566653732673e-04 0.000000000000000000e+00 0.000000000000000000e+00 0.000000000000000000e+00 8.553692482345710141e-03
0.000000000000000000e+00 0.000000000000000000e+00 0.000000000000000000e+00 2.343649848884416431e-04 1.196363571801906459e-02
0.000000000000000000e+00 0.000000000000000000e+00 0.000000000000000000e+00 5.398583450934161306e-04 2.133118678243373437e-02
0.000000000000000000e+00 0.000000000000000000e+00 7.643052077273724751e-03 2.163680608523940296e-03 4.017717652208462747e-02
0.000000000000000000e+00 0.000000000000000000e+00 1.171621511468815512e-02 1.045376325140874238e-02 5.794423674500089050e-02
0.000000000000000000e+00 1.054372254477803665e-03 2.164578715864933986e-02 1.694502022365995675e-02 5.669506677346634188e-02
0.000000000000000000e+00 2.669374693470184454e-03 3.526126908531512089e-02 4.518548904985945913e-02 5.878568781011078714e-02
0.000000000000000000e+00 8.302439133482527114e-03 6.512586442160753220e-02 6.894152354906060709e-02 5.002270269604637554e-02
0.000000000000000000e+00 2.429111522561160780e-02 7.330132420446652808e-02 8.136995384542458631e-02 4.603272821486081856e-02
0.000000000000000000e+00 5.245038053054025540e-02 8.128535507925657710e-02 7.073883670964778436e-02 3.410762875279484824e-02
0.000000000000000000e+00 6.761524755691933342e-02 7.676444833108683752e-02 5.949912570387703298e-02 4.607403003870570724e-02
0.000000000000000000e+00 6.811287831438209150e-02 8.440357529754337340e-02 4.878379486758530059e-02 5.551778040824335153e-02
0.000000000000000000e+00 8.866076520596204158e-02 8.890830919248507436e-02 3.607782658203547571e-02 5.261905718476677513e-02
0.000000000000000000e+00 9.875490653500323956e-02 9.452187296961896135e-02 3.064242254925729492e-02 4.885598635059661826e-02
0.000000000000000000e+00 9.803360323966374412e-02 1.043326240343581124e-01 2.657426844214190800e-02 2.730981927108785609e-02
0.000000000000000000e+00 9.859107395798266671e-02 8.497141885451088561e-02 2.661070834215269881e-02 9.229464075507049989e-03
0.000000000000000000e+00 9.612753170702113825e-02 3.960532561523895378e-02 2.969613570411481704e-02 0.000000000000000000e+00
1.380817729853366267e-02 6.626049664887984081e-02 0.000000000000000000e+00 4.178678634549344573e-02 0.000000000000000000e+00
7.104114881135685164e-03 3.308775598563245407e-02 0.000000000000000000e+00 3.478594375010272965e-02 0.000000000000000000e+00
9.666214181958553489e-03 3.094905984062870045e-03 0.000000000000000000e+00 1.408800333042643793e-02 0.000000000000000000e+00
2.109120958280578939e-03 0.000000000000000000e+00 0.000000000000000000e+00 8.485999931277731726e-04 0.000000000000000000e+00
0.000000000000000000e+00 0.000000000000000000e+00 0.000000000000000000e+00 0.000000000000000000e+00 0.000000000000000000e+00
0.000000000000000000e+00 0.000000000000000000e+00 0.000000000000000000e+00 0.000000000000000000e+00 0.000000000000000000e+00
0.000000000000000000e+00 0.000000000000000000e+00 0.000000000000000000e+00 0.000000000000000000e+00 0.000000000000000000e+00
0.000000000000000000e+00 0.000000000000000000e+00 0.000000000000000000e+00 0.000000000000000000e+00 0.000000000000000000e+00
0.000000000000000000e+00 0.000000000000000000e+00 0.000000000000000000e+00 0.000000000000000000e+00 0.000000000000000000e+00
0.000000000000000000e+00 0.000000000000000000e+00 0.000000000000000000e+00 0.000000000000000000e+00 0.000000000000000000e+00
5.351447410280705955e-04 0.000000000000000000e+00 0.000000000000000000e+00 0.000000000000000000e+00 3.664237720783617563e-03
0.000000000000000000e+00 1.040693656824791475e-03 0.000000000000000000e+00 0.000000000000000000e+00 1.629011608973992067e-02
0.000000000000000000e+00 0.000000000000000000e+00 3.362804962880063930e-03 1.243075371123110494e-04 2.450395111546092852e-02
0.000000000000000000e+00 0.000000000000000000e+00 1.228439709457638911e-02 0.000000000000000000e+00 5.347538281984647729e-02
0.000000000000000000e+00 0.000000000000000000e+00 1.593361934556584633e-02 7.543732498885478109e-04 8.348448329330797335e-02
0.000000000000000000e+00 2.947974392765457651e-03 1.775149921662497535e-02 1.240230495563141716e-02 1.209130957401154532e-01
0.000000000000000000e+00 3.130896132420850526e-03 3.560306430641527881e-02 3.848721833824472055e-02 1.243674034362221015e-01
0.000000000000000000e+00 1.611717619195850854e-02 6.526777608508141371e-02 6.388682839284243187e-02 1.234619352881113075e-01
0.000000000000000000e+00 3.921044481737095272e-02 8.881748903525570060e-02 7.845047001488189564e-02 1.152877605578342124e-01
0.000000000000000000e+00 5.734424742749131415e-02 1.000452519288633491e-01 1.002293690920260938e-01 1.171597359594537396e-01
0.000000000000000000e+00 6.230796127493398728e-02 1.002662125072513594e-01 1.024116852796369270e-01 1.218343117710105061e-01
0.000000000000000000e+00 6.499926173907009941e-02 9.523060876411289233e-02 1.020385206244920628e-01 1.258078766275337323e-01
0.000000000000000000e+00 6.375594991584530857e-02 9.756074643481059405e-02 1.056361899586215902e-01 1.223237620728699210e-01
0.000000000000000000e+00 7.813635522443526660e-02 9.990079927835290863e-02 1.055965091865351257e-01 1.174289003589183422e-01
0.000000000000000000e+00 8.988850685362959059e-02 1.047842592849280580e-01 9.726126750679947586e-02 1.057593426082570481e-01
0.000000000000000000e+00 9.635077443704989641e-02 1.053074372868524067e-01 9.752279111653937294e-02 8.881707748830300342e-02
0.000000000000000000e+00 1.052073990778300133e-01 7.278316086858255263e-02 1.034031317595910382e-01 7.059763074163551144e-02
7.483324390834442466e-03 1.022246632244424858e-01 4.768202744360537648e-02 1.110001252091390028e-01 3.292501111699296101e-02
4.436534765241656464e-02 8.258565737442374877e-02 0.000000000000000000e+00 1.018243381952124854e-01 1.546688566674416431e-03
4.973309859296227292e-02 5.501456420624127597e-02 0.000000000000000000e+00 7.156020519290767767e-02 0.000000000000000000e+00
1.489981665161790175e-02 1.608629614089995483e-02 0.000000000000000000e+00 3.675326224757621829e-02 0.000000000000000000e+00
1.687051710117103143e-02 0.000000000000000000e+00 0.000000000000000000e+00 5.538046734051614226e-03 0.000000000000000000e+00
0.000000000000000000e+00 0.000000000000000000e+00 0.000000000000000000e+00 0.000000000000000000e+00 0.000000000000000000e+00
0.000000000000000000e+00 0.000000000000000000e+00 0.000000000000000000e+00 0.000000000000000000e+00 0.000000000000000000e+00
0.000000000000000000e+00 0.000000000000000000e+00 0.000000000000000000e+00 0.000000000000000000e+00 0.000000000000000000e+00
0.000000000000000000e+00 0.000000000000000000e+00 0.000000000000000000e+00 0.000000000000000000e+00 0.000000000000000000e+00
0.000000000000000000e+00 0.000000000000000000e+00 0.000000000000000000e+00 0.000000000000000000e+00 0.000000000000000000e+00
2.297406309577931099e-03 2.934872302879267501e-03 8.795689184502959929e-05 0.000000000000000000e+00 0.000000000000000000e+00
0.000000000000000000e+00 0.000000000000000000e+00 0.000000000000000000e+00 0.000000000000000000e+00 3.391100783428502817e-03
9.384926429032920334e-03 0.000000000000000000e+00 0.000000000000000000e+00 0.000000000000000000e+00 1.419817865516091217e-02
2.482431684121817056e-02 0.000000000000000000e+00 4.025539683284231132e-03 0.000000000000000000e+00 3.599420942018331793e-02
1.612982405640088490e-02 0.000000000000000000e+00 1.341024868718119871e-02 0.000000000000000000e+00 7.533260377706924027e-02
7.015773965117711765e-03 0.000000000000000000e+00 2.456272047336816727e-02 0.000000000000000000e+00 1.008598148634031050e-01
0.000000000000000000e+00 0.000000000000000000e+00 3.147995806788596307e-02 1.888906286163705150e-02 1.352178075625541653e-01
0.000000000000000000e+00 2.489826316883059394e-03 3.741923739957914163e-02 4.730819813614043495e-02 1.490802025681327581e-01
0.000000000000000000e+00 1.151626074192816512e-02 5.660650165335655293e-02 8.077711448757400603e-02 1.361803564264669197e-01
0.000000000000000000e+00 3.295741351720018336e-02 8.485497104907753496e-02 9.664296082485139550e-02 1.178314866272498901e-01
0.000000000000000000e+00 4.756341312407330602e-02 8.561747944865580329e-02 9.117884289775969597e-02 1.050858948251700981e-01
3.933445137737379138e-02 6.130562829468323705e-02 7.356798708623780991e-02 7.221099471498274025e-02 1.086262825604749210e-01
7.187131041316223434e-02 5.050245742316439301e-02 6.002278016532177490e-02 6.604864608335540843e-02 1.029000821047231645e-01
9.352198701227885935e-02 4.381087176079610790e-02 5.954004873249566648e-02 7.076180786232993958e-02 9.556754878562599698e-02
9.720613144950303319e-02 3.967858449547111144e-02 7.150024278646530118e-02 7.515221774955563316e-02 8.728545575209693819e-02
9.476234025902628699e-02 5.136308170222706609e-02 8.362073633694387664e-02 8.034667798710784514e-02 8.384714808596105406e-02
8.191596386973205857e-02 7.107191450732033844e-02 1.044041597670918448e-01 8.400059707413987109e-02 8.227614138870260885e-02
6.117329002639548818e-02 8.165727568244662837e-02 6.841416093754175420e-02 9.998214313430862921e-02 9.000054060116029209e-02
4.904233439054724725e-02 9.660099096127020002e-02 2.469607516350523502e-02 1.082688623817745222e-01 7.481802115516496265e-02
5.831254532938460328e-02 8.663512084191760110e-02 0.000000000000000000e+00 1.122713351564758183e-01 3.941984963018663191e-02
6.808247700030080340e-02 4.989075078881435865e-02 0.000000000000000000e+00 8.834887648744954580e-02 3.569167379610091451e-03
3.287438415069655895e-02 1.587365727736143525e-02 0.000000000000000000e+00 3.830125297358687175e-02 0.000000000000000000e+00
1.336914117776366595e-02 0.000000000000000000e+00 0.000000000000000000e+00 5.999717819208882919e-03 0.000000000000000000e+00
0.000000000000000000e+00 0.000000000000000000e+00 0.000000000000000000e+00 0.000000000000000000e+00 0.000000000000000000e+00
0.000000000000000000e+00 0.000000000000000000e+00 0.000000000000000000e+00 0.000000000000000000e+00 0.000000000000000000e+00
0.000000000000000000e+00 0.000000000000000000e+00 0.000000000000000000e+00 0.000000000000000000e+00 0.000000000000000000e+00
0.000000000000000000e+00 0.000000000000000000e+00 0.000000000000000000e+00 0.000000000000000000e+00 0.000000000000000000e+00
0.000000000000000000e+00 0.000000000000000000e+00 0.000000000000000000e+00 0.000000000000000000e+00 0.000000000000000000e+00
2.650853434128381788e-04 3.386391118706847617e-04 1.014887213596495663e-05 0.000000000000000000e+00 0.000000000000000000e+00
0.000000000000000000e+00 0.000000000000000000e+00 0.000000000000000000e+00 0.000000000000000000e+00 1.643281067753985436e-04
3.675455854935510275e-02 0.000000000000000000e+00 0.000000000000000000e+00 0.000000000000000000e+00 1.543082146057465215e-02
6.266667529346052479e-02 0.000000000000000000e+00 0.000000000000000000e+00 0.000000000000000000e+00 3.673776888151591979e-02
6.836380079501423734e-02 0.000000000000000000e+00 2.708872177643474339e-03 0.000000000000000000e+00 7.025469858082339369e-02
6.779774364848638324e-02 0.000000000000000000e+00 1.115822738182063040e-02 1.774342854684711609e-03 8.529530262158606380e-02
5.743196842496988558e-02 0.000000000000000000e+00 1.451214860417373784e-02 3.024410441812868874e-02 9.082801318045508054e-02
4.376587025678908144e-02 0.000000000000000000e+00 1.473439798423523302e-02 7.420335938034183787e-02 1.001048251100104952e-01
5.331935483624476030e-02 0.000000000000000000e+00 2.407551873850485857e-02 9.468183858249888674e-02 6.695657562904798465e-02
9.468513330246937365e-02 1.976114181845786688e-02 3.804920054588755568e-02 8.335364111737914028e-02 4.383947972648235408e-02
1.496878051724556957e-01 3.778752849797734070e-02 2.437662144236091288e-02 4.560668790156489211e-02 3.478719336072757379e-02
1.742813235816690620e-01 2.551604984991449887e-02 9.906361826780410440e-03 2.078877941632513784e-02 3.271295390154716626e-02
1.901345013247335569e-01 2.008382353748327034e-02 3.656325796780885394e-03 1.830641645951873193e-03 3.071690466858497878e-02
1.824616983659678171e-01 1.620159814340765489e-02 1.189567081879847575e-02 2.843738556570265521e-04 2.659160676490027880e-02
1.799318364850768515e-01 1.791367059040269508e-02 3.981882104136560269e-02 9.180119543320506030e-04 2.842088069248070031e-02
1.646511538866310687e-01 1.972506536030438698e-02 8.535380404649213493e-02 0.000000000000000000e+00 4.086990605734994869e-02
1.360727194078719393e-01 4.349165572928982704e-02 1.273797033334844730e-01 8.657454717149763376e-03 6.418584836279417338e-02
7.707906128243412203e-02 7.173578867777984092e-02 7.799033903315291671e-02 6.789305225305167224e-02 9.782680429246190523e-02
6.624938920045130020e-02 8.506617648222623840e-02 0.000000000000000000e+00 1.037195037329461667e-01 1.012259059731202004e-01
8.508965001453340504e-02 7.810395402549981381e-02 0.000000000000000000e+00 1.027824092316705212e-01 6.724496380069990009e-02
8.813730523937038375e-02 2.029072228200867051e-02 0.000000000000000000e+00 7.572502650340168229e-02 1.878319493960500797e-02
3.397643958609308096e-02 1.286049694441327926e-02 0.000000000000000000e+00 2.246633391973991770e-02 4.332791063692561541e-03
3.682711416687162176e-03 4.709316684327236220e-03 0.000000000000000000e+00 1.313751867997112709e-03 1.968489810472010167e-03
0.000000000000000000e+00 2.730940269991684235e-03 0.000000000000000000e+00 0.000000000000000000e+00 1.538982561317467704e-03
0.000000000000000000e+00 0.000000000000000000e+00 0.000000000000000000e+00 0.000000000000000000e+00 0.000000000000000000e+00
0.000000000000000000e+00 0.000000000000000000e+00 0.000000000000000000e+00 0.000000000000000000e+00 0.000000000000000000e+00
0.000000000000000000e+00 0.000000000000000000e+00 0.000000000000000000e+00 0.000000000000000000e+00 0.000000000000000000e+00
0.000000000000000000e+00 0.000000000000000000e+00 0.000000000000000000e+00 0.000000000000000000e+00 0.000000000000000000e+00
0.000000000000000000e+00 0.000000000000000000e+00 0.000000000000000000e+00 0.000000000000000000e+00 0.000000000000000000e+00
0.000000000000000000e+00 0.000000000000000000e+00 0.000000000000000000e+00 0.000000000000000000e+00 0.000000000000000000e+00
4.620540416381269111e-02 0.000000000000000000e+00 0.000000000000000000e+00 0.000000000000000000e+00 9.999730931290170058e-03
8.125668718648175470e-02 0.000000000000000000e+00 0.000000000000000000e+00 0.000000000000000000e+00 2.457912394335550615e-02
9.288300305026445103e-02 0.000000000000000000e+00 0.000000000000000000e+00 0.000000000000000000e+00 2.673283156465309715e-02
1.001120003697398009e-01 0.000000000000000000e+00 0.000000000000000000e+00 6.308789119653787289e-03 3.747112607608448637e-02
1.087479575107769408e-01 0.000000000000000000e+00 0.000000000000000000e+00 4.484824093194596933e-02 4.134646435963772876e-02
1.094511172345116051e-01 0.000000000000000000e+00 0.000000000000000000e+00 7.469010357509869857e-02 4.894278485731369532e-02
1.315086184070171360e-01 1.267258569765545434e-02 0.000000000000000000e+00 7.088241832398142761e-02 2.193304005666082621e-02
1.613346549002507291e-01 1.411575340182556412e-02 1.653048901479537217e-02 5.546444235589376853e-02 0.000000000000000000e+00
1.756213710710552711e-01 1.630638970089760831e-02 2.669378366125624638e-03 2.458553927250921312e-02 0.000000000000000000e+00
1.793319828190712284e-01 1.311103728055531756e-02 0.000000000000000000e+00 0.000000000000000000e+00 0.000000000000000000e+00
1.739971653934203610e-01 1.671011363692413362e-02 0.000000000000000000e+00 0.000000000000000000e+00 0.000000000000000000e+00
1.595316847721902631e-01 2.082428553592603065e-02 2.312652343337082833e-02 0.000000000000000000e+00 0.000000000000000000e+00
1.330016876024717742e-01 1.691315558715097284e-02 4.314788757702642946e-02 0.000000000000000000e+00 0.000000000000000000e+00
1.071207920396037988e-01 3.360969051267777979e-02 1.209231986794688657e-01 0.000000000000000000e+00 0.000000000000000000e+00
6.117665977414774026e-02 7.666263292046990308e-02 1.407540103111346586e-01 0.000000000000000000e+00 4.364698312137863662e-02
1.811752133127281575e-02 8.546815602277255119e-02 6.419774898532146223e-02 6.915419555373419902e-02 9.608192254990548242e-02
5.608760241802506624e-02 8.149302656407966805e-02 0.000000000000000000e+00 1.025748217420074798e-01 1.060688557355494305e-01
8.483025906209255840e-02 4.208705116958971759e-02 0.000000000000000000e+00 9.761868955204203169e-02 6.998061102375068010e-02
9.357902835131112762e-02 1.845617650614205657e-03 0.000000000000000000e+00 5.099960152573676520e-02 2.585596381301003346e-02
3.278339879376407362e-02 3.504311656357417606e-03 0.000000000000000000e+00 9.659451714801982683e-03 9.039034128228944434e-03
0.000000000000000000e+00 7.832196938496445091e-03 0.000000000000000000e+00 1.352265769407129435e-03 5.959238117604277393e-03
0.000000000000000000e+00 6.755483825768899067e-03 0.000000000000000000e+00 0.000000000000000000e+00 3.806956862206368163e-03
0.000000000000000000e+00 0.000000000000000000e+00 0.000000000000000000e+00 0.000000000000000000e+00 0.000000000000000000e+00
0.000000000000000000e+00 0.000000000000000000e+00 0.000000000000000000e+00 0.000000000000000000e+00 0.000000000000000000e+00
0.000000000000000000e+00 0.000000000000000000e+00 0.000000000000000000e+00 0.000000000000000000e+00 0.000000000000000000e+00
0.000000000000000000e+00 0.000000000000000000e+00 0.000000000000000000e+00 0.000000000000000000e+00 0.000000000000000000e+00
0.000000000000000000e+00 0.000000000000000000e+00 0.000000000000000000e+00 0.000000000000000000e+00 0.000000000000000000e+00
0.000000000000000000e+00 0.000000000000000000e+00 0.000000000000000000e+00 0.000000000000000000e+00 0.000000000000000000e+00
2.757366986269740167e-02 0.000000000000000000e+00 0.000000000000000000e+00 0.000000000000000000e+00 3.062393776136898300e-03
7.669266017832668259e-02 0.000000000000000000e+00 0.000000000000000000e+00 0.000000000000000000e+00 1.103542201986952229e-02
9.778924182881185145e-02 0.000000000000000000e+00 0.000000000000000000e+00 0.000000000000000000e+00 1.208322340459990277e-02
1.138396457597980471e-01 0.000000000000000000e+00 0.000000000000000000e+00 9.251513265145361667e-03 1.813824846743014585e-02
1.280100358356304480e-01 0.000000000000000000e+00 0.000000000000000000e+00 4.137173755529195002e-02 2.760693598194066331e-02
1.323269175648837670e-01 0.000000000000000000e+00 0.000000000000000000e+00 4.839143333487259946e-02 3.634587813845758381e-02
1.430398414698820508e-01 6.710351702719012136e-03 0.000000000000000000e+00 4.338625913570008652e-02 2.449260715982017056e-02
1.540133630450405133e-01 8.467119994303095101e-03 1.753491343712955484e-03 2.527455309851417767e-02 0.000000000000000000e+00
1.281559408181383863e-01 1.038254844432279222e-02 9.984691768952325824e-03 1.940655913659500818e-03 0.000000000000000000e+00
1.014596122759198471e-01 1.142486114026915016e-02 0.000000000000000000e+00 0.000000000000000000e+00 0.000000000000000000e+00
7.412033148413754713e-02 1.541308640140938435e-02 1.038842018490082966e-02 0.000000000000000000e+00 0.000000000000000000e+00
5.551114455507111245e-02 1.675862108541091577e-02 3.196770714219783482e-02 0.000000000000000000e+00 0.000000000000000000e+00
4.459080733448839845e-02 3.262790935870975989e-02 6.366211517414854804e-02 0.000000000000000000e+00 0.000000000000000000e+00
4.704688847867110474e-02 8.129396880993559893e-02 1.441065228232223105e-01 0.000000000000000000e+00 0.000000000000000000e+00
0.000000000000000000e+00 1.033831641100399074e-01 1.328497463996675954e-01 2.981251491232758330e-02 4.587302461516053892e-02
5.337135432769506659e-03 8.576603523794634754e-02 3.973086282922800444e-02 9.705016305946569111e-02 9.032136749625420402e-02
5.628969079712878298e-02 5.264621270943447423e-02 0.000000000000000000e+00 1.119112394001446076e-01 1.037250099045726320e-01
9.155975160766402499e-02 3.236860574830271748e-03 0.000000000000000000e+00 7.644225565720928761e-02 7.181826317136148774e-02
7.539661536971999090e-02 0.000000000000000000e+00 0.000000000000000000e+00 2.413423422640505536e-02 3.051756121086631260e-02
2.837463015847048811e-02 2.506201082309136938e-03 0.000000000000000000e+00 3.402539837838244527e-03 1.029891769511295102e-02
0.000000000000000000e+00 7.485984478568180958e-03 0.000000000000000000e+00 1.396437317108557234e-03 5.998376648165836683e-03
0.000000000000000000e+00 3.104647885885283409e-03 0.000000000000000000e+00 0.000000000000000000e+00 1.749580174971436574e-03
0.000000000000000000e+00 0.000000000000000000e+00 0.000000000000000000e+00 0.000000000000000000e+00 0.000000000000000000e+00
0.000000000000000000e+00 0.000000000000000000e+00 0.000000000000000000e+00 0.000000000000000000e+00 0.000000000000000000e+00
0.000000000000000000e+00 0.000000000000000000e+00 0.000000000000000000e+00 0.000000000000000000e+00 0.000000000000000000e+00
0.000000000000000000e+00 0.000000000000000000e+00 0.000000000000000000e+00 0.000000000000000000e+00 0.000000000000000000e+00
0.000000000000000000e+00 0.000000000000000000e+00 0.000000000000000000e+00 0.000000000000000000e+00 0.000000000000000000e+00
0.000000000000000000e+00 0.000000000000000000e+00 0.000000000000000000e+00 0.000000000000000000e+00 0.000000000000000000e+00
5.273549117546683096e-03 0.000000000000000000e+00 4.144605268003456007e-04 0.000000000000000000e+00 5.060986130227637008e-04
3.472810831591446878e-02 0.000000000000000000e+00 3.669051407050419084e-04 4.208692345478404987e-04 3.007980965332298848e-03
5.867688828345266755e-02 0.000000000000000000e+00 0.000000000000000000e+00 2.553173632548713223e-03 4.310968746051341998e-04
6.859066440988634272e-02 0.000000000000000000e+00 0.000000000000000000e+00 8.973972214179139900e-03 4.245819148240697997e-03
8.749435466496321978e-02 0.000000000000000000e+00 0.000000000000000000e+00 1.944191669308164769e-02 1.223974290506659075e-02
8.954182381329144069e-02 2.722381614190143902e-03 0.000000000000000000e+00 2.282532605140022777e-02 2.376154522846415582e-02
7.354113546615786978e-02 0.000000000000000000e+00 0.000000000000000000e+00 2.165708446130562917e-02 3.136764190909229616e-02
6.080714625942297558e-02 0.000000000000000000e+00 4.317887538858330640e-03 7.923613698316740728e-03 4.761333678003886079e-03
3.915769370596588334e-02 0.000000000000000000e+00 1.019109612307853539e-02 6.621075730510124534e-04 0.000000000000000000e+00
2.139251438726502003e-02 0.000000000000000000e+00 1.199671310086963729e-03 0.000000000000000000e+00 0.000000000000000000e+00
1.508434026442525763e-02 7.234643290321991077e-03 1.646815279032112084e-02 0.000000000000000000e+00 0.000000000000000000e+00
2.349442675072854411e-02 2.094622039982798820e-02 3.914720487323138792e-02 0.000000000000000000e+00 0.000000000000000000e+00
2.648814105071320771e-02 6.654962441543879614e-02 9.801922681837939300e-02 0.000000000000000000e+00 0.000000000000000000e+00
2.930398167456088783e-03 1.187365189832395168e-01 1.533268979300973223e-01 8.104138686896265875e-03 0.000000000000000000e+00
0.000000000000000000e+00 1.045097765009085355e-01 1.136058450264365860e-01 7.875947838099206511e-02 5.002876591072178553e-02
2.699201487585573683e-02 6.248968992032867542e-02 5.309409127281754757e-03 1.162593873470898209e-01 9.831022336278462392e-02
5.928993382970348253e-02 4.243389802477569826e-03 0.000000000000000000e+00 1.015814585268623449e-01 1.138120717300472734e-01
1.035023361642509604e-01 0.000000000000000000e+00 0.000000000000000000e+00 3.848412321776589068e-02 6.397448962877147483e-02
5.112687641096536062e-02 0.000000000000000000e+00 0.000000000000000000e+00 3.295204432034666217e-03 2.353606492599922759e-02
1.264578865110402295e-02 7.246023552442729457e-03 0.000000000000000000e+00 0.000000000000000000e+00 9.626973461736481122e-03
0.000000000000000000e+00 4.002039723843910796e-03 0.000000000000000000e+00 1.677378727424855363e-04 2.529101283149575580e-03
0.000000000000000000e+00 0.000000000000000000e+00 0.000000000000000000e+00 0.000000000000000000e+00 0.000000000000000000e+00
0.000000000000000000e+00 0.000000000000000000e+00 0.000000000000000000e+00 0.000000000000000000e+00 0.000000000000000000e+00
0.000000000000000000e+00 0.000000000000000000e+00 0.000000000000000000e+00 0.000000000000000000e+00 0.000000000000000000e+00
0.000000000000000000e+00 0.000000000000000000e+00 0.000000000000000000e+00 0.000000000000000000e+00 0.000000000000000000e+00
0.000000000000000000e+00 0.000000000000000000e+00 0.000000000000000000e+00 0.000000000000000000e+00 0.000000000000000000e+00
0.000000000000000000e+00 0.000000000000000000e+00 0.000000000000000000e+00 0.000000000000000000e+00 0.000000000000000000e+00
0.000000000000000000e+00 0.000000000000000000e+00 0.000000000000000000e+00 0.000000000000000000e+00 0.000000000000000000e+00
8.605846614536782901e-03 0.000000000000000000e+00 7.073478050139541404e-04 0.000000000000000000e+00 0.000000000000000000e+00
1.621398977524811033e-02 0.000000000000000000e+00 8.146538133900399275e-04 1.007180532613059901e-04 0.000000000000000000e+00
2.539125164106411509e-02 0.000000000000000000e+00 0.000000000000000000e+00 5.558481295171657181e-04 0.000000000000000000e+00
2.630546567163145541e-02 0.000000000000000000e+00 1.740604944631742599e-04 3.444046778679793908e-03 0.000000000000000000e+00
2.626353241947613007e-02 2.013298508945199090e-03 0.000000000000000000e+00 5.381553081981244567e-03 1.185161629058195665e-02
2.746029530613262187e-02 0.000000000000000000e+00 0.000000000000000000e+00 4.897848378508390214e-03 3.233886197316803573e-02
1.431394995220489248e-02 0.000000000000000000e+00 0.000000000000000000e+00 3.256120170746478956e-03 3.111991656577280801e-02
7.670747771146593959e-03 0.000000000000000000e+00 2.618207246642542869e-04 1.495167501672800244e-03 9.513342290080436386e-03
2.486213792925579067e-03 0.000000000000000000e+00 8.101896642882619459e-03 0.000000000000000000e+00 0.000000000000000000e+00
6.339304203806349217e-04 3.367827755320270192e-03 6.125984136756404928e-03 0.000000000000000000e+00 0.000000000000000000e+00
3.647155782583403911e-03 1.951881361543356119e-02 2.996661217149964099e-02 0.000000000000000000e+00 0.000000000000000000e+00
1.380041554263858675e-02 5.848328922599199675e-02 5.615330228983720501e-02 0.000000000000000000e+00 0.000000000000000000e+00
8.156122337669166958e-03 1.197790557772747955e-01 1.213816013460309179e-01 0.000000000000000000e+00 0.000000000000000000e+00
0.000000000000000000e+00 1.217369015082687272e-01 1.496949362735037481e-01 5.835024464994036791e-02 0.000000000000000000e+00
4.999345035275416793e-03 7.816421360310576993e-02 8.596619812475590761e-02 1.030882305521400588e-01 6.842096481838645661e-02
3.612293832092857565e-02 1.738725666982725640e-02 0.000000000000000000e+00 1.182803686954794903e-01 1.193780377131403725e-01
8.551535798110447562e-02 0.000000000000000000e+00 0.000000000000000000e+00 6.444719698131662344e-02 1.157913953610941460e-01
7.408574629270167633e-02 0.000000000000000000e+00 0.000000000000000000e+00 6.324139553460365534e-03 5.397043519399447042e-02
2.138988328089906632e-02 5.030858307502520006e-03 5.361792409241148555e-03 0.000000000000000000e+00 1.658662058072896475e-02
9.247660097777665733e-03 4.288367769017106465e-03 7.002865141977498813e-03 0.000000000000000000e+00 6.432723258650370653e-03
0.000000000000000000e+00 1.390854031564150561e-03 1.222395368726903646e-03 0.000000000000000000e+00 2.025084659155457559e-03
0.000000000000000000e+00 5.288870743571717667e-05 3.981509346862986513e-03 0.000000000000000000e+00 1.946530197103338560e-03
0.000000000000000000e+00 0.000000000000000000e+00 2.164035568206317851e-03 0.000000000000000000e+00 5.039855292131345576e-04
0.000000000000000000e+00 0.000000000000000000e+00 0.000000000000000000e+00 0.000000000000000000e+00 0.000000000000000000e+00
0.000000000000000000e+00 0.000000000000000000e+00 0.000000000000000000e+00 0.000000000000000000e+00 0.000000000000000000e+00
0.000000000000000000e+00 0.000000000000000000e+00 0.000000000000000000e+00 0.000000000000000000e+00 0.000000000000000000e+00
0.000000000000000000e+00 0.000000000000000000e+00 0.000000000000000000e+00 0.000000000000000000e+00 0.000000000000000000e+00
0.000000000000000000e+00 0.000000000000000000e+00 0.000000000000000000e+00 0.000000000000000000e+00 0.000000000000000000e+00
1.024505549349617083e-04 0.000000000000000000e+00 8.420807202547078666e-06 0.000000000000000000e+00 0.000000000000000000e+00
3.790670532593582408e-03 0.000000000000000000e+00 3.115698664942419022e-04 0.000000000000000000e+00 0.000000000000000000e+00
5.457663884108173574e-03 0.000000000000000000e+00 0.000000000000000000e+00 0.000000000000000000e+00 0.000000000000000000e+00
7.814383227233457144e-03 0.000000000000000000e+00 0.000000000000000000e+00 0.000000000000000000e+00 1.988518034748643841e-04
1.351476114817639837e-02 0.000000000000000000e+00 1.622524698519899663e-03 0.000000000000000000e+00 1.202511238382518791e-02
6.322349408406814988e-03 0.000000000000000000e+00 2.450788004347267523e-03 0.000000000000000000e+00 2.770578837253958801e-02
3.149777002368806846e-03 0.000000000000000000e+00 2.074248353751177547e-03 0.000000000000000000e+00 2.699970838577183535e-02
2.736070190795683241e-03 0.000000000000000000e+00 1.465407925388555015e-02 0.000000000000000000e+00 1.047307769629119735e-02
1.781171548102730750e-03 3.374232512588453900e-03 2.736890058680592139e-02 0.000000000000000000e+00 0.000000000000000000e+00
1.959026185421161061e-03 1.415318540595656913e-02 3.589366474027164133e-02 0.000000000000000000e+00 0.000000000000000000e+00
9.704224853360515074e-03 4.813006837547325473e-02 5.498260480942392114e-02 0.000000000000000000e+00 0.000000000000000000e+00
1.212100803712139185e-02 1.208390048364788166e-01 8.429814819409593707e-02 0.000000000000000000e+00 0.000000000000000000e+00
0.000000000000000000e+00 1.443982883894621150e-01 1.473952321471501126e-01 3.432624516044153334e-02 0.000000000000000000e+00
0.000000000000000000e+00 9.009078663634603745e-02 1.317194511490646092e-01 9.820853732283098270e-02 1.601000484731686727e-02
1.744211940724684287e-02 3.274648174787128663e-02 5.335323646054983271e-02 1.204874106464266376e-01 1.032502542608714630e-01
6.683591258515535205e-02 0.000000000000000000e+00 1.029869213522618086e-02 8.477941354147935926e-02 1.324790677454582843e-01
7.773533742809285441e-02 0.000000000000000000e+00 9.802687911716150525e-04 2.012087370699099098e-02 1.101935827707812843e-01
2.921276782596738536e-02 1.231846459061531392e-05 1.270199850059745145e-02 0.000000000000000000e+00 5.601775442366806190e-02
9.953679668429802826e-03 5.798322446998550872e-03 2.414166343678338100e-02 0.000000000000000000e+00 1.332286517582940630e-02
4.597883012074893694e-03 9.398368434771258101e-04 1.652122617516101413e-02 0.000000000000000000e+00 5.161597221655695074e-03
9.042366799223089868e-04 7.332470276469441094e-04 1.129335871833755771e-02 0.000000000000000000e+00 3.490694630786874038e-03
0.000000000000000000e+00 0.000000000000000000e+00 9.052390542641421817e-03 0.000000000000000000e+00 3.471345687020753468e-03
0.000000000000000000e+00 0.000000000000000000e+00 6.182958766303757112e-03 0.000000000000000000e+00 1.439958654894669607e-03
0.000000000000000000e+00 0.000000000000000000e+00 0.000000000000000000e+00 0.000000000000000000e+00 0.000000000000000000e+00
0.000000000000000000e+00 0.000000000000000000e+00 0.000000000000000000e+00 0.000000000000000000e+00 0.000000000000000000e+00
0.000000000000000000e+00 0.000000000000000000e+00 0.000000000000000000e+00 0.000000000000000000e+00 0.000000000000000000e+00
0.000000000000000000e+00 0.000000000000000000e+00 0.000000000000000000e+00 0.000000000000000000e+00 0.000000000000000000e+00
0.000000000000000000e+00 0.000000000000000000e+00 0.000000000000000000e+00 0.000000000000000000e+00 0.000000000000000000e+00
0.000000000000000000e+00 0.000000000000000000e+00 0.000000000000000000e+00 0.000000000000000000e+00 0.000000000000000000e+00
0.000000000000000000e+00 0.000000000000000000e+00 0.000000000000000000e+00 0.000000000000000000e+00 0.000000000000000000e+00
7.958936044397115980e-04 0.000000000000000000e+00 0.000000000000000000e+00 0.000000000000000000e+00 4.910939845031824506e-05
7.228656833322753654e-03 0.000000000000000000e+00 7.516318203424766746e-04 0.000000000000000000e+00 1.799859881277719210e-03
6.100810338710948091e-03 0.000000000000000000e+00 5.989689614178071546e-03 0.000000000000000000e+00 1.404914397632328268e-02
2.180216539061973456e-03 0.000000000000000000e+00 1.061660784577816118e-02 0.000000000000000000e+00 2.979305702733388642e-02
2.476334828274610964e-03 0.000000000000000000e+00 2.131104518391400970e-02 0.000000000000000000e+00 2.697261893859968090e-02
1.860248182864508801e-03 0.000000000000000000e+00 4.209306826691235764e-02 0.000000000000000000e+00 1.162331984987270174e-02
1.809470514806752221e-03 6.402403534834930771e-03 5.195866062568416099e-02 0.000000000000000000e+00 6.633539076245544962e-04
5.216868827394033868e-03 4.059592892401104464e-02 6.615310716378167144e-02 0.000000000000000000e+00 0.000000000000000000e+00
1.219256553480290925e-02 1.054582201987173673e-01 7.617081055440243220e-02 0.000000000000000000e+00 0.000000000000000000e+00
0.000000000000000000e+00 1.545500496135110424e-01 1.183367759756591281e-01 4.142880970157456801e-03 0.000000000000000000e+00
0.000000000000000000e+00 1.115947653253905325e-01 1.557861287947144291e-01 8.564507818947209028e-02 0.000000000000000000e+00
0.000000000000000000e+00 4.912381040519252923e-02 1.092904446555856834e-01 1.223101638589152995e-01 4.801603933989047335e-02
4.477487681502705097e-02 0.000000000000000000e+00 4.182158139718269302e-02 1.036848571708484795e-01 1.169469490932358441e-01
7.950616383465794468e-02 0.000000000000000000e+00 1.041537101628742072e-02 3.730754426358240394e-02 1.303268811638783886e-01
6.037081595028601783e-02 0.000000000000000000e+00 5.179329300796917633e-03 0.000000000000000000e+00 1.038407249653742759e-01
1.279805350436810131e-02 4.159637639670516959e-03 1.937404107923108160e-02 0.000000000000000000e+00 2.127720136497216266e-02
1.108858793209244013e-02 2.225582446605684547e-03 1.948153661443043083e-02 0.000000000000000000e+00 3.285253703022997587e-03
7.480851970114366610e-03 8.747405225257850548e-04 1.202272458119276258e-02 0.000000000000000000e+00 1.488913544414939474e-03
2.934158108619718008e-04 2.008854731902982903e-04 2.802981141294986957e-03 0.000000000000000000e+00 2.820701783460729780e-04
0.000000000000000000e+00 3.583917500194641289e-04 4.145611269819603510e-05 0.000000000000000000e+00 0.000000000000000000e+00
0.000000000000000000e+00 0.000000000000000000e+00 0.000000000000000000e+00 0.000000000000000000e+00 0.000000000000000000e+00
0.000000000000000000e+00 0.000000000000000000e+00 0.000000000000000000e+00 0.000000000000000000e+00 0.000000000000000000e+00
0.000000000000000000e+00 0.000000000000000000e+00 0.000000000000000000e+00 0.000000000000000000e+00 0.000000000000000000e+00
0.000000000000000000e+00 0.000000000000000000e+00 0.000000000000000000e+00 0.000000000000000000e+00 0.000000000000000000e+00
0.000000000000000000e+00 0.000000000000000000e+00 0.000000000000000000e+00 0.000000000000000000e+00 0.000000000000000000e+00
0.000000000000000000e+00 0.000000000000000000e+00 0.000000000000000000e+00 0.000000000000000000e+00 0.000000000000000000e+00
0.000000000000000000e+00 0.000000000000000000e+00 0.000000000000000000e+00 0.000000000000000000e+00 0.000000000000000000e+00
0.000000000000000000e+00 0.000000000000000000e+00 0.000000000000000000e+00 0.000000000000000000e+00 0.000000000000000000e+00
0.000000000000000000e+00 0.000000000000000000e+00 0.000000000000000000e+00 0.000000000000000000e+00 0.000000000000000000e+00
1.016252378422163438e-03 0.000000000000000000e+00 3.680252118533892513e-03 0.000000000000000000e+00 2.598803564853626648e-05
0.000000000000000000e+00 7.669234341434343397e-05 9.679493826081693453e-03 0.000000000000000000e+00 1.140572115925405326e-02
0.000000000000000000e+00 0.000000000000000000e+00 2.093288256189381608e-02 0.000000000000000000e+00 1.925318465755610289e-02
0.000000000000000000e+00 0.000000000000000000e+00 2.401729342056408908e-02 0.000000000000000000e+00 1.798479877533762719e-02
0.000000000000000000e+00 6.658443952138003424e-04 2.758804527035073340e-02 0.000000000000000000e+00 6.079927787544672432e-03
5.046073762658761543e-03 3.405422818997759504e-02 4.685789533607606638e-02 0.000000000000000000e+00 0.000000000000000000e+00
1.314537735537220885e-02 9.481568347246262241e-02 4.977580870090153597e-02 0.000000000000000000e+00 0.000000000000000000e+00
0.000000000000000000e+00 1.617781862396721060e-01 6.892924613066704620e-02 0.000000000000000000e+00 0.000000000000000000e+00
0.000000000000000000e+00 1.373670335565597700e-01 1.267905654024847062e-01 6.330775435532107198e-02 0.000000000000000000e+00
8.397130666884236247e-03 7.070909654938399569e-02 1.466604131177234593e-01 1.139382749185916949e-01 0.000000000000000000e+00
2.174037758301945733e-02 0.000000000000000000e+00 7.745809252732976935e-02 1.205001997255007312e-01 7.722099345310973195e-02
8.539087243138328287e-02 0.000000000000000000e+00 3.268176950381960870e-03 5.918133988069639029e-02 1.301785793248761980e-01
6.209316701586494597e-02 0.000000000000000000e+00 0.000000000000000000e+00 0.000000000000000000e+00 1.250035410979666584e-01
2.645874794298776894e-02 0.000000000000000000e+00 0.000000000000000000e+00 0.000000000000000000e+00 6.635671289287266295e-02
1.192179508851746138e-02 1.905788585695421689e-03 1.056012007732216353e-02 0.000000000000000000e+00 5.782701781453680745e-03
7.389829965920777059e-03 3.089808049828038708e-03 9.185406663647600542e-03 0.000000000000000000e+00 1.077419008580831174e-03
1.393541340957762118e-03 2.715737089983915470e-03 5.127149389647122843e-03 0.000000000000000000e+00 0.000000000000000000e+00
0.000000000000000000e+00 2.906606363439261705e-03 2.828775344546117284e-03 0.000000000000000000e+00 0.000000000000000000e+00
0.000000000000000000e+00 2.621193628066869306e-03 1.351794781620714245e-03 0.000000000000000000e+00 0.000000000000000000e+00
0.000000000000000000e+00 0.000000000000000000e+00 0.000000000000000000e+00 0.000000000000000000e+00 0.000000000000000000e+00
0.000000000000000000e+00 0.000000000000000000e+00 0.000000000000000000e+00 0.000000000000000000e+00 0.000000000000000000e+00
0.000000000000000000e+00 0.000000000000000000e+00 0.000000000000000000e+00 0.000000000000000000e+00 0.000000000000000000e+00
0.000000000000000000e+00 0.000000000000000000e+00 0.000000000000000000e+00 0.000000000000000000e+00 0.000000000000000000e+00
0.000000000000000000e+00 0.000000000000000000e+00 0.000000000000000000e+00 0.000000000000000000e+00 0.000000000000000000e+00
0.000000000000000000e+00 1.856497917171917979e-03 0.000000000000000000e+00 0.000000000000000000e+00 1.295008280390037955e-04
0.000000000000000000e+00 0.000000000000000000e+00 0.000000000000000000e+00 0.000000000000000000e+00 0.000000000000000000e+00
0.000000000000000000e+00 0.000000000000000000e+00 0.000000000000000000e+00 0.000000000000000000e+00 0.000000000000000000e+00
0.000000000000000000e+00 0.000000000000000000e+00 0.000000000000000000e+00 0.000000000000000000e+00 0.000000000000000000e+00
0.000000000000000000e+00 2.065876897271596899e-05 3.957226612622958325e-04 0.000000000000000000e+00 1.709935506336152360e-04
0.000000000000000000e+00 2.709022077087023454e-04 2.843566931080581187e-03 0.000000000000000000e+00 1.043485482487016905e-02
0.000000000000000000e+00 0.000000000000000000e+00 1.038534985571526632e-02 0.000000000000000000e+00 1.090598607134746038e-02
0.000000000000000000e+00 3.029506925231489792e-04 4.466331221309937857e-03 0.000000000000000000e+00 3.452685810703707767e-03
6.433554747252482296e-04 2.254431883402868361e-02 8.079892996834436153e-03 0.000000000000000000e+00 0.000000000000000000e+00
7.805030695816944121e-03 7.684551082878644801e-02 1.695178373540467270e-02 0.000000000000000000e+00 0.000000000000000000e+00
1.700954062621195953e-03 1.514573655830046828e-01 1.641038599232287967e-02 0.000000000000000000e+00 0.000000000000000000e+00
0.000000000000000000e+00 1.592339295172491564e-01 5.184037574505133417e-02 4.556342023776138034e-02 0.000000000000000000e+00
0.000000000000000000e+00 7.943552430884924520e-02 1.196024393757830623e-01 1.147188015606160350e-01 0.000000000000000000e+00
1.866453696989762989e-02 0.000000000000000000e+00 1.355342061858174352e-01 1.234172131702913622e-01 2.103829711604225314e-02
6.388269981921947116e-02 0.000000000000000000e+00 5.418629949987140842e-02 8.228067455221178828e-02 9.945105645615370804e-02
7.332950175725774788e-02 0.000000000000000000e+00 0.000000000000000000e+00 2.139776394144746532e-02 1.307435551125616657e-01
4.418960582423600569e-02 0.000000000000000000e+00 0.000000000000000000e+00 0.000000000000000000e+00 1.084480765484246156e-01
8.278319752848459917e-03 0.000000000000000000e+00 0.000000000000000000e+00 0.000000000000000000e+00 4.597202535510071936e-02
9.253388661807877141e-03 0.000000000000000000e+00 0.000000000000000000e+00 0.000000000000000000e+00 3.280851144654210044e-03
4.505084767126972534e-03 6.170389202574259099e-04 7.894033044646282500e-04 0.000000000000000000e+00 1.713897148107117966e-04
2.155079544992575142e-05 6.809324369802953513e-04 1.144549759138868434e-03 0.000000000000000000e+00 0.000000000000000000e+00
2.155079544992575142e-05 6.809324369802953513e-04 1.144549759138868434e-03 0.000000000000000000e+00 0.000000000000000000e+00
2.155079544992575142e-05 6.809324369802953513e-04 1.144549759138868434e-03 0.000000000000000000e+00 0.000000000000000000e+00
0.000000000000000000e+00 0.000000000000000000e+00 0.000000000000000000e+00 0.000000000000000000e+00 0.000000000000000000e+00
0.000000000000000000e+00 0.000000000000000000e+00 0.000000000000000000e+00 0.000000000000000000e+00 0.000000000000000000e+00
0.000000000000000000e+00 0.000000000000000000e+00 0.000000000000000000e+00 0.000000000000000000e+00 0.000000000000000000e+00
0.000000000000000000e+00 0.000000000000000000e+00 0.000000000000000000e+00 0.000000000000000000e+00 0.000000000000000000e+00
0.000000000000000000e+00 0.000000000000000000e+00 0.000000000000000000e+00 0.000000000000000000e+00 0.000000000000000000e+00
0.000000000000000000e+00 2.236236127502537561e-03 0.000000000000000000e+00 0.000000000000000000e+00 1.559896337742544721e-04
0.000000000000000000e+00 0.000000000000000000e+00 0.000000000000000000e+00 0.000000000000000000e+00 0.000000000000000000e+00
0.000000000000000000e+00 0.000000000000000000e+00 0.000000000000000000e+00 0.000000000000000000e+00 0.000000000000000000e+00
0.000000000000000000e+00 0.000000000000000000e+00 0.000000000000000000e+00 0.000000000000000000e+00 0.000000000000000000e+00
0.000000000000000000e+00 0.000000000000000000e+00 0.000000000000000000e+00 0.000000000000000000e+00 0.000000000000000000e+00
9.907490062051938808e-04 0.000000000000000000e+00 0.000000000000000000e+00 3.724545597941255324e-04 5.938765779152139004e-03
0.000000000000000000e+00 1.831910163610929237e-03 1.225321063913375379e-03 0.000000000000000000e+00 2.293212219362611177e-03
0.000000000000000000e+00 1.343717674214806729e-02 2.534081263384804186e-04 0.000000000000000000e+00 1.866044626863720625e-04
6.523932324153314949e-03 6.135740512599104080e-02 8.721030154563923567e-03 0.000000000000000000e+00 0.000000000000000000e+00
4.110973970852747558e-03 1.386464965934713911e-01 7.115995486324890908e-03 0.000000000000000000e+00 0.000000000000000000e+00
0.000000000000000000e+00 1.769930615118263939e-01 1.339721924341099463e-02 2.891343589057199931e-02 0.000000000000000000e+00
0.000000000000000000e+00 9.563558890767347165e-02 7.387038787252535321e-02 1.079041632679816204e-01 0.000000000000000000e+00
1.024786079292622351e-03 1.634175932023018696e-02 1.270730047419180164e-01 1.318702522852055470e-01 0.000000000000000000e+00
4.568515969461066362e-02 0.000000000000000000e+00 1.232729104318947971e-01 1.011046869025927913e-01 4.837667577633669724e-02
7.406398703929599481e-02 0.000000000000000000e+00 3.146467861957775308e-02 2.389266242608011070e-02 1.140459485218749264e-01
5.819678579560697007e-02 0.000000000000000000e+00 0.000000000000000000e+00 0.000000000000000000e+00 1.213826162294226602e-01
3.089077374740919341e-02 0.000000000000000000e+00 0.000000000000000000e+00 0.000000000000000000e+00 8.801314925692658997e-02
7.302278636891110751e-03 0.000000000000000000e+00 0.000000000000000000e+00 0.000000000000000000e+00 3.085666852707556404e-02
1.101133685818369602e-02 0.000000000000000000e+00 0.000000000000000000e+00 0.000000000000000000e+00 3.198059457576184032e-03
7.163042439957405683e-04 0.000000000000000000e+00 0.000000000000000000e+00 0.000000000000000000e+00 4.419845860528643614e-05
0.000000000000000000e+00 0.000000000000000000e+00 0.000000000000000000e+00 0.000000000000000000e+00 0.000000000000000000e+00
0.000000000000000000e+00 0.000000000000000000e+00 0.000000000000000000e+00 0.000000000000000000e+00 0.000000000000000000e+00
0.000000000000000000e+00 0.000000000000000000e+00 0.000000000000000000e+00 0.000000000000000000e+00 0.000000000000000000e+00
0.000000000000000000e+00 0.000000000000000000e+00 0.000000000000000000e+00 0.000000000000000000e+00 0.000000000000000000e+00
0.000000000000000000e+00 0.000000000000000000e+00 0.000000000000000000e+00 0.000000000000000000e+00 0.000000000000000000e+00
0.000000000000000000e+00 0.000000000000000000e+00 0.000000000000000000e+00 0.000000000000000000e+00 0.000000000000000000e+00
0.000000000000000000e+00 0.000000000000000000e+00 0.000000000000000000e+00 0.000000000000000000e+00 0.000000000000000000e+00
0.000000000000000000e+00 0.000000000000000000e+00 0.000000000000000000e+00 0.000000000000000000e+00 0.000000000000000000e+00
0.000000000000000000e+00 0.000000000000000000e+00 0.000000000000000000e+00 0.000000000000000000e+00 0.000000000000000000e+00
0.000000000000000000e+00 0.000000000000000000e+00 0.000000000000000000e+00 0.000000000000000000e+00 0.000000000000000000e+00
0.000000000000000000e+00 0.000000000000000000e+00 0.000000000000000000e+00 0.000000000000000000e+00 0.000000000000000000e+00
0.000000000000000000e+00 0.000000000000000000e+00 0.000000000000000000e+00 0.000000000000000000e+00 0.000000000000000000e+00
0.000000000000000000e+00 0.000000000000000000e+00 0.000000000000000000e+00 0.000000000000000000e+00 0.000000000000000000e+00
0.000000000000000000e+00 1.563136626342117837e-03 0.000000000000000000e+00 0.000000000000000000e+00 8.796845574228168239e-04
0.000000000000000000e+00 1.430142980903811173e-02 0.000000000000000000e+00 0.000000000000000000e+00 5.106399529906614429e-04
6.232212097024014685e-03 5.620788652579801481e-02 1.939062008508534666e-03 0.000000000000000000e+00 0.000000000000000000e+00
2.480858221609044006e-04 1.273956881026374333e-01 2.495297547395947634e-03 0.000000000000000000e+00 0.000000000000000000e+00
0.000000000000000000e+00 1.680097427571105029e-01 2.962823036362771147e-03 1.750958875959398794e-02 0.000000000000000000e+00
0.000000000000000000e+00 1.132965307747530598e-01 2.705655839314536834e-02 9.268122560663363818e-02 0.000000000000000000e+00
0.000000000000000000e+00 3.468276355450505138e-02 1.024680832720162305e-01 1.322087049004996295e-01 0.000000000000000000e+00
2.885103590097657170e-02 0.000000000000000000e+00 1.309132934580274910e-01 1.148690643941461254e-01 8.729901615196723405e-03
6.504007753064988684e-02 0.000000000000000000e+00 9.900175925471596527e-02 5.143752591692214715e-02 6.711810447195748486e-02
6.404523625257770025e-02 0.000000000000000000e+00 1.035478570704385579e-02 0.000000000000000000e+00 1.166229341240230671e-01
3.417120302662270820e-02 0.000000000000000000e+00 0.000000000000000000e+00 0.000000000000000000e+00 1.000874724274756072e-01
1.114534658424554299e-02 0.000000000000000000e+00 0.000000000000000000e+00 0.000000000000000000e+00 6.162597624848723671e-02
1.082126225274248135e-02 0.000000000000000000e+00 0.000000000000000000e+00 0.000000000000000000e+00 1.898421163217011917e-02
9.233841141601674407e-03 0.000000000000000000e+00 0.000000000000000000e+00 0.000000000000000000e+00 3.088381801037140550e-03
0.000000000000000000e+00 0.000000000000000000e+00 0.000000000000000000e+00 0.000000000000000000e+00 0.000000000000000000e+00
0.000000000000000000e+00 0.000000000000000000e+00 0.000000000000000000e+00 0.000000000000000000e+00 0.000000000000000000e+00
0.000000000000000000e+00 0.000000000000000000e+00 0.000000000000000000e+00 0.000000000000000000e+00 0.000000000000000000e+00
0.000000000000000000e+00 0.000000000000000000e+00 0.000000000000000000e+00 0.000000000000000000e+00 0.000000000000000000e+00
0.000000000000000000e+00 0.000000000000000000e+00 0.000000000000000000e+00 0.000000000000000000e+00 0.000000000000000000e+00
0.000000000000000000e+00 0.000000000000000000e+00 0.000000000000000000e+00 0.000000000000000000e+00 0.000000000000000000e+00
0.000000000000000000e+00 0.000000000000000000e+00 0.000000000000000000e+00 0.000000000000000000e+00 0.000000000000000000e+00
0.000000000000000000e+00 0.000000000000000000e+00 0.000000000000000000e+00 0.000000000000000000e+00 0.000000000000000000e+00
0.000000000000000000e+00 0.000000000000000000e+00 0.000000000000000000e+00 0.000000000000000000e+00 0.000000000000000000e+00
0.000000000000000000e+00 0.000000000000000000e+00 0.000000000000000000e+00 0.000000000000000000e+00 0.000000000000000000e+00
0.000000000000000000e+00 0.000000000000000000e+00 0.000000000000000000e+00 0.000000000000000000e+00 0.000000000000000000e+00
0.000000000000000000e+00 0.000000000000000000e+00 0.000000000000000000e+00 0.000000000000000000e+00 0.000000000000000000e+00
0.000000000000000000e+00 0.000000000000000000e+00 0.000000000000000000e+00 0.000000000000000000e+00 0.000000000000000000e+00
0.000000000000000000e+00 2.915156755783878968e-03 0.000000000000000000e+00 0.000000000000000000e+00 1.795425791635611951e-04
0.000000000000000000e+00 1.362928528720924910e-02 0.000000000000000000e+00 0.000000000000000000e+00 1.488758944950475255e-03
3.692351081024309082e-04 4.353134599738595761e-02 0.000000000000000000e+00 0.000000000000000000e+00 2.568714276534091786e-03
5.971295915094775725e-03 1.179512841137350804e-01 0.000000000000000000e+00 0.000000000000000000e+00 0.000000000000000000e+00
0.000000000000000000e+00 1.582453442084028883e-01 0.000000000000000000e+00 7.092447389314484284e-03 0.000000000000000000e+00
0.000000000000000000e+00 1.240384909607533670e-01 6.616521417598980777e-03 7.402098927677049078e-02 0.000000000000000000e+00
0.000000000000000000e+00 4.868866648107735007e-02 5.347742543747672356e-02 1.319778854782445443e-01 0.000000000000000000e+00
8.183482986515423774e-03 0.000000000000000000e+00 1.229358035617225814e-01 1.265992056769461305e-01 0.000000000000000000e+00
3.611502721838556751e-02 0.000000000000000000e+00 1.267062358812230116e-01 7.304308090890949956e-02 3.158001707540937508e-02
5.434436430758685793e-02 0.000000000000000000e+00 6.914263495831629580e-02 2.037127289444384381e-04 9.070383679010537992e-02
5.398042619199425185e-02 0.000000000000000000e+00 0.000000000000000000e+00 0.000000000000000000e+00 1.159043934793289321e-01
2.377475389312579124e-02 0.000000000000000000e+00 0.000000000000000000e+00 0.000000000000000000e+00 8.903264943801143805e-02
0.000000000000000000e+00 0.000000000000000000e+00 0.000000000000000000e+00 0.000000000000000000e+00 4.654835792401937344e-02
1.103590982280580092e-02 0.000000000000000000e+00 0.000000000000000000e+00 0.000000000000000000e+00 9.329489390680161670e-03
5.813555361527300049e-03 0.000000000000000000e+00 0.000000000000000000e+00 0.000000000000000000e+00 1.537413629109442336e-03
0.000000000000000000e+00 0.000000000000000000e+00 0.000000000000000000e+00 0.000000000000000000e+00 0.000000000000000000e+00
0.000000000000000000e+00 0.000000000000000000e+00 0.000000000000000000e+00 0.000000000000000000e+00 0.000000000000000000e+00
0.000000000000000000e+00 0.000000000000000000e+00 0.000000000000000000e+00 0.000000000000000000e+00 0.000000000000000000e+00
0.000000000000000000e+00 0.000000000000000000e+00 0.000000000000000000e+00 0.000000000000000000e+00 0.000000000000000000e+00
0.000000000000000000e+00 0.000000000000000000e+00 0.000000000000000000e+00 0.000000000000000000e+00 0.000000000000000000e+00
0.000000000000000000e+00 0.000000000000000000e+00 0.000000000000000000e+00 0.000000000000000000e+00 0.000000000000000000e+00
0.000000000000000000e+00 0.000000000000000000e+00 0.000000000000000000e+00 0.000000000000000000e+00 0.000000000000000000e+00
0.000000000000000000e+00 0.000000000000000000e+00 0.000000000000000000e+00 0.000000000000000000e+00 0.000000000000000000e+00
0.000000000000000000e+00 0.000000000000000000e+00 0.000000000000000000e+00 0.000000000000000000e+00 0.000000000000000000e+00
0.000000000000000000e+00 0.000000000000000000e+00 0.000000000000000000e+00 0.000000000000000000e+00 0.000000000000000000e+00
0.000000000000000000e+00 0.000000000000000000e+00 0.000000000000000000e+00 0.000000000000000000e+00 0.000000000000000000e+00
0.000000000000000000e+00 0.000000000000000000e+00 0.000000000000000000e+00 0.000000000000000000e+00 0.000000000000000000e+00
0.000000000000000000e+00 1.346848545877830016e-03 0.000000000000000000e+00 0.000000000000000000e+00 1.262394835376535161e-04
0.000000000000000000e+00 1.408317433693678095e-02 0.000000000000000000e+00 0.000000000000000000e+00 2.387273670465199504e-03
0.000000000000000000e+00 2.930742653800968295e-02 0.000000000000000000e+00 0.000000000000000000e+00 4.634173804599689070e-03
0.000000000000000000e+00 9.721079486004316483e-02 0.000000000000000000e+00 0.000000000000000000e+00 6.900685101168787909e-03
0.000000000000000000e+00 1.551839637317029008e-01 0.000000000000000000e+00 2.913298453606868142e-03 3.664064978235107798e-03
7.006827102893794373e-03 1.265736803082456174e-01 0.000000000000000000e+00 6.084702638103291900e-02 0.000000000000000000e+00
0.000000000000000000e+00 7.003142117964780700e-02 1.888328480744395216e-02 1.179931510742859568e-01 0.000000000000000000e+00
0.000000000000000000e+00 0.000000000000000000e+00 7.948424352067294529e-02 1.344893918898877327e-01 0.000000000000000000e+00
9.108502765232218829e-03 0.000000000000000000e+00 1.273959310082490026e-01 9.042604883241885105e-02 8.053656105246219041e-03
3.722212663684038025e-02 0.000000000000000000e+00 1.141412973622456251e-01 2.266427773828757347e-02 5.293486489993728256e-02
6.733136142131131152e-02 0.000000000000000000e+00 4.446935307178062624e-02 0.000000000000000000e+00 9.213317065045109611e-02
3.966728409519384296e-02 0.000000000000000000e+00 0.000000000000000000e+00 0.000000000000000000e+00 1.083691869305654226e-01
1.657415579079163370e-02 0.000000000000000000e+00 0.000000000000000000e+00 0.000000000000000000e+00 7.702363469580250643e-02
1.690441102302549020e-03 0.000000000000000000e+00 0.000000000000000000e+00 0.000000000000000000e+00 3.574793876899787226e-02
9.032620726147699147e-03 0.000000000000000000e+00 0.000000000000000000e+00 0.000000000000000000e+00 2.815616843224682305e-03
4.429927602532088629e-03 0.000000000000000000e+00 0.000000000000000000e+00 0.000000000000000000e+00 1.228718215372278559e-03
0.000000000000000000e+00 0.000000000000000000e+00 0.000000000000000000e+00 0.000000000000000000e+00 0.000000000000000000e+00
0.000000000000000000e+00 0.000000000000000000e+00 0.000000000000000000e+00 0.000000000000000000e+00 0.000000000000000000e+00
0.000000000000000000e+00 0.000000000000000000e+00 0.000000000000000000e+00 0.000000000000000000e+00 0.000000000000000000e+00
0.000000000000000000e+00 0.000000000000000000e+00 0.000000000000000000e+00 0.000000000000000000e+00 0.000000000000000000e+00
0.000000000000000000e+00 0.000000000000000000e+00 0.000000000000000000e+00 0.000000000000000000e+00 0.000000000000000000e+00
0.000000000000000000e+00 0.000000000000000000e+00 0.000000000000000000e+00 0.000000000000000000e+00 0.000000000000000000e+00
0.000000000000000000e+00 0.000000000000000000e+00 0.000000000000000000e+00 0.000000000000000000e+00 0.000000000000000000e+00
0.000000000000000000e+00 0.000000000000000000e+00 0.000000000000000000e+00 0.000000000000000000e+00 0.000000000000000000e+00
0.000000000000000000e+00 0.000000000000000000e+00 0.000000000000000000e+00 0.000000000000000000e+00 0.000000000000000000e+00
0.000000000000000000e+00 0.000000000000000000e+00 0.000000000000000000e+00 0.000000000000000000e+00 0.000000000000000000e+00
0.000000000000000000e+00 0.000000000000000000e+00 0.000000000000000000e+00 0.000000000000000000e+00 0.000000000000000000e+00
0.000000000000000000e+00 2.363640612797739550e-04 0.000000000000000000e+00 0.000000000000000000e+00 1.455750641866713093e-05
0.000000000000000000e+00 9.221598749890777200e-03 0.000000000000000000e+00 0.000000000000000000e+00 1.374630597038587138e-03
0.000000000000000000e+00 2.728875453316323765e-02 0.000000000000000000e+00 0.000000000000000000e+00 4.872367080558376654e-03
0.000000000000000000e+00 7.284475597431469551e-02 0.000000000000000000e+00 0.000000000000000000e+00 7.463829101239893155e-03
0.000000000000000000e+00 1.370551259331012628e-01 0.000000000000000000e+00 4.287349375906011374e-04 7.636946896912040657e-03
7.606780034039915470e-03 1.173631817366528746e-01 0.000000000000000000e+00 4.559087894473951713e-02 0.000000000000000000e+00
2.837359271826045849e-04 6.549786903165194518e-02 0.000000000000000000e+00 1.031923140197971017e-01 0.000000000000000000e+00
0.000000000000000000e+00 8.743501833740317548e-04 3.329675741379541781e-02 1.333904956247527196e-01 0.000000000000000000e+00
0.000000000000000000e+00 0.000000000000000000e+00 1.053481228466275899e-01 1.105619627357768975e-01 0.000000000000000000e+00
1.633501074117331073e-02 0.000000000000000000e+00 1.255304533619778229e-01 4.610230043806431977e-02 2.927646025091947685e-02
4.313748631301513731e-02 0.000000000000000000e+00 9.965373964065021850e-02 0.000000000000000000e+00 6.161989377102652932e-02
5.830431915870852577e-02 0.000000000000000000e+00 2.736333838178055949e-02 0.000000000000000000e+00 9.415841827087707838e-02
3.336249679554606495e-02 0.000000000000000000e+00 0.000000000000000000e+00 0.000000000000000000e+00 1.061938814679880411e-01
1.744173404760598206e-02 0.000000000000000000e+00 0.000000000000000000e+00 0.000000000000000000e+00 7.491533131954969393e-02
9.811562671836915762e-04 0.000000000000000000e+00 0.000000000000000000e+00 0.000000000000000000e+00 2.772779970697159674e-02
5.376085419130791770e-03 0.000000000000000000e+00 0.000000000000000000e+00 0.000000000000000000e+00 3.107535795228326576e-03
3.098767091426387829e-03 0.000000000000000000e+00 0.000000000000000000e+00 0.000000000000000000e+00 8.594974708515442513e-04
0.000000000000000000e+00 0.000000000000000000e+00 0.000000000000000000e+00 0.000000000000000000e+00 0.000000000000000000e+00
0.000000000000000000e+00 0.000000000000000000e+00 0.000000000000000000e+00 0.000000000000000000e+00 0.000000000000000000e+00
0.000000000000000000e+00 0.000000000000000000e+00 0.000000000000000000e+00 0.000000000000000000e+00 0.000000000000000000e+00
0.000000000000000000e+00 0.000000000000000000e+00 0.000000000000000000e+00 0.000000000000000000e+00 0.000000000000000000e+00
0.000000000000000000e+00 0.000000000000000000e+00 0.000000000000000000e+00 0.000000000000000000e+00 0.000000000000000000e+00
0.000000000000000000e+00 0.000000000000000000e+00 0.000000000000000000e+00 0.000000000000000000e+00 0.000000000000000000e+00
0.000000000000000000e+00 0.000000000000000000e+00 0.000000000000000000e+00 0.000000000000000000e+00 0.000000000000000000e+00
0.000000000000000000e+00 0.000000000000000000e+00 0.000000000000000000e+00 0.000000000000000000e+00 0.000000000000000000e+00
0.000000000000000000e+00 0.000000000000000000e+00 0.000000000000000000e+00 0.000000000000000000e+00 0.000000000000000000e+00
0.000000000000000000e+00 0.000000000000000000e+00 0.000000000000000000e+00 0.000000000000000000e+00 0.000000000000000000e+00
0.000000000000000000e+00 0.000000000000000000e+00 0.000000000000000000e+00 0.000000000000000000e+00 0.000000000000000000e+00
0.000000000000000000e+00 1.648467857524681503e-03 0.000000000000000000e+00 0.000000000000000000e+00 8.503936215047669096e-05
0.000000000000000000e+00 2.223642059297426671e-02 0.000000000000000000e+00 0.000000000000000000e+00 4.687616658179769719e-03
0.000000000000000000e+00 3.878923266878984977e-02 0.000000000000000000e+00 0.000000000000000000e+00 7.200084269699984392e-03
0.000000000000000000e+00 1.160503612896775366e-01 0.000000000000000000e+00 0.000000000000000000e+00 9.357202646222596495e-03
1.149847451745217124e-02 1.223164002250911597e-01 0.000000000000000000e+00 2.631781349828425307e-02 0.000000000000000000e+00
6.977958555878304575e-03 7.580714520103797038e-02 0.000000000000000000e+00 8.490744465795053986e-02 0.000000000000000000e+00
0.000000000000000000e+00 1.351433893807333503e-02 9.292600789033251749e-03 1.242404881167953473e-01 0.000000000000000000e+00
0.000000000000000000e+00 0.000000000000000000e+00 4.405249747005985511e-02 1.241867973273013681e-01 0.000000000000000000e+00
0.000000000000000000e+00 0.000000000000000000e+00 1.142640391783073112e-01 7.498999419866092531e-02 0.000000000000000000e+00
3.311124096346292761e-02 0.000000000000000000e+00 1.190167731949778457e-01 1.178391713758019342e-02 3.469941352451484662e-02
4.876955242479131397e-02 0.000000000000000000e+00 9.130401147148248242e-02 0.000000000000000000e+00 6.228671458700290459e-02
4.624391509939693168e-02 0.000000000000000000e+00 1.661700612916153230e-02 0.000000000000000000e+00 9.388702922936005557e-02
3.430521999750109352e-02 0.000000000000000000e+00 0.000000000000000000e+00 0.000000000000000000e+00 1.058611305381208512e-01
1.779418760513344633e-02 0.000000000000000000e+00 0.000000000000000000e+00 0.000000000000000000e+00 6.735775648799735560e-02
0.000000000000000000e+00 0.000000000000000000e+00 0.000000000000000000e+00 0.000000000000000000e+00 2.638964608363083761e-02
5.499220472108799079e-03 0.000000000000000000e+00 0.000000000000000000e+00 0.000000000000000000e+00 1.525305370806966099e-03
2.225874952996418840e-03 0.000000000000000000e+00 0.000000000000000000e+00 0.000000000000000000e+00 6.173855072313913549e-04
0.000000000000000000e+00 0.000000000000000000e+00 0.000000000000000000e+00 0.000000000000000000e+00 0.000000000000000000e+00
0.000000000000000000e+00 0.000000000000000000e+00 0.000000000000000000e+00 0.000000000000000000e+00 0.000000000000000000e+00
0.000000000000000000e+00 0.000000000000000000e+00 0.000000000000000000e+00 0.000000000000000000e+00 0.000000000000000000e+00
0.000000000000000000e+00 0.000000000000000000e+00 0.000000000000000000e+00 0.000000000000000000e+00 0.000000000000000000e+00
0.000000000000000000e+00 0.000000000000000000e+00 0.000000000000000000e+00 0.000000000000000000e+00 0.000000000000000000e+00
0.000000000000000000e+00 0.000000000000000000e+00 0.000000000000000000e+00 0.000000000000000000e+00 0.000000000000000000e+00
0.000000000000000000e+00 0.000000000000000000e+00 0.000000000000000000e+00 0.000000000000000000e+00 0.000000000000000000e+00
0.000000000000000000e+00 0.000000000000000000e+00 0.000000000000000000e+00 0.000000000000000000e+00 0.000000000000000000e+00
0.000000000000000000e+00 0.000000000000000000e+00 0.000000000000000000e+00 0.000000000000000000e+00 0.000000000000000000e+00
0.000000000000000000e+00 0.000000000000000000e+00 0.000000000000000000e+00 0.000000000000000000e+00 0.000000000000000000e+00
0.000000000000000000e+00 0.000000000000000000e+00 0.000000000000000000e+00 0.000000000000000000e+00 0.000000000000000000e+00
2.802712978489806822e-04 4.972463501111887979e-03 0.000000000000000000e+00 0.000000000000000000e+00 8.090538929218442463e-05
0.000000000000000000e+00 2.671908246813139640e-02 0.000000000000000000e+00 0.000000000000000000e+00 3.869809940605187151e-03
0.000000000000000000e+00 6.425556927194001067e-02 0.000000000000000000e+00 0.000000000000000000e+00 9.560557594680434146e-03
6.245915632222084034e-03 1.066333522019386609e-01 0.000000000000000000e+00 4.945919995532702292e-03 5.531557178160311471e-03
9.995384087403092963e-03 9.455287267742232271e-02 0.000000000000000000e+00 4.563234507808583418e-02 0.000000000000000000e+00
0.000000000000000000e+00 3.194671834183591269e-02 0.000000000000000000e+00 9.963313853670342779e-02 0.000000000000000000e+00
0.000000000000000000e+00 0.000000000000000000e+00 2.601215960465726087e-03 1.232850157352148035e-01 0.000000000000000000e+00
0.000000000000000000e+00 0.000000000000000000e+00 3.907783376801269443e-02 9.873294491983783394e-02 0.000000000000000000e+00
1.307746455705208720e-02 0.000000000000000000e+00 9.385570565507957153e-02 3.769612861767374784e-02 3.981698488640513997e-03
3.841347393869009447e-02 0.000000000000000000e+00 1.053978547672712596e-01 0.000000000000000000e+00 3.279691899809011185e-02
3.176269455351919679e-02 0.000000000000000000e+00 6.390451887163615952e-02 0.000000000000000000e+00 7.505551450496873722e-02
3.062728485861366048e-02 0.000000000000000000e+00 3.720199631871334324e-03 0.000000000000000000e+00 1.017408226211619221e-01
2.606719571957067869e-02 0.000000000000000000e+00 0.000000000000000000e+00 0.000000000000000000e+00 1.005851956755765692e-01
2.158845337362782623e-03 0.000000000000000000e+00 0.000000000000000000e+00 0.000000000000000000e+00 4.955111547994793531e-02
0.000000000000000000e+00 0.000000000000000000e+00 0.000000000000000000e+00 0.000000000000000000e+00 1.885267639682368032e-02
5.521042775569548998e-03 0.000000000000000000e+00 0.000000000000000000e+00 0.000000000000000000e+00 1.531358169897470032e-03
0.000000000000000000e+00 0.000000000000000000e+00 0.000000000000000000e+00 0.000000000000000000e+00 0.000000000000000000e+00
0.000000000000000000e+00 0.000000000000000000e+00 0.000000000000000000e+00 0.000000000000000000e+00 0.000000000000000000e+00
0.000000000000000000e+00 0.000000000000000000e+00 0.000000000000000000e+00 0.000000000000000000e+00 0.000000000000000000e+00
0.000000000000000000e+00 0.000000000000000000e+00 0.000000000000000000e+00 0.000000000000000000e+00 0.000000000000000000e+00
0.000000000000000000e+00 0.000000000000000000e+00 0.000000000000000000e+00 0.000000000000000000e+00 0.000000000000000000e+00
0.000000000000000000e+00 0.000000000000000000e+00 0.000000000000000000e+00 0.000000000000000000e+00 0.000000000000000000e+00
0.000000000000000000e+00 0.000000000000000000e+00 0.000000000000000000e+00 0.000000000000000000e+00 0.000000000000000000e+00
0.000000000000000000e+00 0.000000000000000000e+00 0.000000000000000000e+00 0.000000000000000000e+00 0.000000000000000000e+00
0.000000000000000000e+00 0.000000000000000000e+00 0.000000000000000000e+00 0.000000000000000000e+00 0.000000000000000000e+00
0.000000000000000000e+00 0.000000000000000000e+00 0.000000000000000000e+00 0.000000000000000000e+00 0.000000000000000000e+00
0.000000000000000000e+00 0.000000000000000000e+00 0.000000000000000000e+00 0.000000000000000000e+00 0.000000000000000000e+00
0.000000000000000000e+00 0.000000000000000000e+00 0.000000000000000000e+00 0.000000000000000000e+00 0.000000000000000000e+00
4.044575423280670511e-04 4.223977307059269791e-03 0.000000000000000000e+00 0.000000000000000000e+00 3.480661896640511316e-05
5.519576881806632918e-03 2.136297227282064198e-02 0.000000000000000000e+00 0.000000000000000000e+00 0.000000000000000000e+00
1.775652924623170176e-02 4.394872994587228909e-02 0.000000000000000000e+00 8.420867512768253921e-04 8.413693377474134932e-04
1.834269692287497297e-02 5.234663017380498246e-02 0.000000000000000000e+00 1.340923059581518133e-02 4.835801393420807357e-04
0.000000000000000000e+00 3.401650379191947099e-02 0.000000000000000000e+00 3.966898112341285532e-02 3.475867157098337266e-04
0.000000000000000000e+00 0.000000000000000000e+00 0.000000000000000000e+00 7.486657848355260381e-02 2.128142167256083083e-03
0.000000000000000000e+00 0.000000000000000000e+00 0.000000000000000000e+00 8.505241782936916184e-02 0.000000000000000000e+00
7.317386216986469100e-03 0.000000000000000000e+00 1.112955690320107001e-02 5.185517303166230219e-02 0.000000000000000000e+00
1.886083679227491122e-02 0.000000000000000000e+00 4.634968813915277958e-02 6.374162575161731667e-03 6.028094443067850972e-03
1.604882122702739125e-02 0.000000000000000000e+00 4.977611362762669051e-02 0.000000000000000000e+00 2.960698437227087670e-02
1.111327267489682462e-02 0.000000000000000000e+00 1.719834554896306628e-02 0.000000000000000000e+00 6.086687831101200014e-02
1.157211188797041025e-02 0.000000000000000000e+00 0.000000000000000000e+00 0.000000000000000000e+00 7.999943371745618648e-02
1.203321336839948720e-02 0.000000000000000000e+00 0.000000000000000000e+00 0.000000000000000000e+00 6.000655071813635472e-02
9.451743202964910801e-03 0.000000000000000000e+00 0.000000000000000000e+00 0.000000000000000000e+00 2.805841791354793391e-02
2.544752173347035028e-03 0.000000000000000000e+00 0.000000000000000000e+00 0.000000000000000000e+00 9.550359057558310133e-03
4.626328333678831825e-03 0.000000000000000000e+00 0.000000000000000000e+00 0.000000000000000000e+00 1.283193407186813311e-03
0.000000000000000000e+00 0.000000000000000000e+00 0.000000000000000000e+00 0.000000000000000000e+00 0.000000000000000000e+00
0.000000000000000000e+00 0.000000000000000000e+00 0.000000000000000000e+00 0.000000000000000000e+00 0.000000000000000000e+00
0.000000000000000000e+00 0.000000000000000000e+00 0.000000000000000000e+00 0.000000000000000000e+00 0.000000000000000000e+00
0.000000000000000000e+00 0.000000000000000000e+00 0.000000000000000000e+00 0.000000000000000000e+00 0.000000000000000000e+00
0.000000000000000000e+00 0.000000000000000000e+00 0.000000000000000000e+00 0.000000000000000000e+00 0.000000000000000000e+00
0.000000000000000000e+00 0.000000000000000000e+00 0.000000000000000000e+00 0.000000000000000000e+00 0.000000000000000000e+00
0.000000000000000000e+00 0.000000000000000000e+00 0.000000000000000000e+00 0.000000000000000000e+00 0.000000000000000000e+00
0.000000000000000000e+00 0.000000000000000000e+00 0.000000000000000000e+00 0.000000000000000000e+00 0.000000000000000000e+00
0.000000000000000000e+00 0.000000000000000000e+00 0.000000000000000000e+00 0.000000000000000000e+00 0.000000000000000000e+00
0.000000000000000000e+00 0.000000000000000000e+00 0.000000000000000000e+00 0.000000000000000000e+00 0.000000000000000000e+00
0.000000000000000000e+00 0.000000000000000000e+00 0.000000000000000000e+00 0.000000000000000000e+00 0.000000000000000000e+00
0.000000000000000000e+00 0.000000000000000000e+00 0.000000000000000000e+00 0.000000000000000000e+00 0.000000000000000000e+00
0.000000000000000000e+00 0.000000000000000000e+00 0.000000000000000000e+00 0.000000000000000000e+00 0.000000000000000000e+00
7.720668689488278946e-03 0.000000000000000000e+00 0.000000000000000000e+00 1.081473246788064273e-03 0.000000000000000000e+00
1.395456263182916733e-02 2.108741466388488507e-03 0.000000000000000000e+00 1.514145056215628667e-03 0.000000000000000000e+00
1.051785782731558087e-02 6.983162970147831217e-03 0.000000000000000000e+00 1.830326895270840493e-03 0.000000000000000000e+00
4.167857863519541101e-03 3.879808799544354984e-03 0.000000000000000000e+00 1.915912882964417811e-03 0.000000000000000000e+00
0.000000000000000000e+00 0.000000000000000000e+00 0.000000000000000000e+00 0.000000000000000000e+00 0.000000000000000000e+00
7.427582340499435352e-04 0.000000000000000000e+00 0.000000000000000000e+00 0.000000000000000000e+00 0.000000000000000000e+00
1.256499345934487116e-02 0.000000000000000000e+00 0.000000000000000000e+00 0.000000000000000000e+00 0.000000000000000000e+00
1.543952174885708517e-02 0.000000000000000000e+00 2.793877733555280921e-03 0.000000000000000000e+00 0.000000000000000000e+00
1.339496598727078422e-02 0.000000000000000000e+00 6.418789040898402118e-03 0.000000000000000000e+00 0.000000000000000000e+00
1.054086202474719021e-02 0.000000000000000000e+00 1.355307866698263327e-03 0.000000000000000000e+00 3.006314703642227332e-03
1.423084569752676096e-02 0.000000000000000000e+00 0.000000000000000000e+00 0.000000000000000000e+00 1.016437735836710904e-02
1.852901718113921653e-02 0.000000000000000000e+00 0.000000000000000000e+00 0.000000000000000000e+00 1.399680984353382507e-02
1.417178952009828796e-02 0.000000000000000000e+00 0.000000000000000000e+00 0.000000000000000000e+00 7.790217230781009208e-03
5.130222685074423659e-03 0.000000000000000000e+00 0.000000000000000000e+00 0.000000000000000000e+00 1.374621198994439332e-03
0.000000000000000000e+00 0.000000000000000000e+00 0.000000000000000000e+00 0.000000000000000000e+00 0.000000000000000000e+00
0.000000000000000000e+00 0.000000000000000000e+00 0.000000000000000000e+00 0.000000000000000000e+00 0.000000000000000000e+00
0.000000000000000000e+00 0.000000000000000000e+00 0.000000000000000000e+00 0.000000000000000000e+00 0.000000000000000000e+00
0.000000000000000000e+00 0.000000000000000000e+00 0.000000000000000000e+00 0.000000000000000000e+00 0.000000000000000000e+00
0.000000000000000000e+00 0.000000000000000000e+00 0.000000000000000000e+00 0.000000000000000000e+00 0.000000000000000000e+00
0.000000000000000000e+00 0.000000000000000000e+00 0.000000000000000000e+00 0.000000000000000000e+00 0.000000000000000000e+00
0.000000000000000000e+00 0.000000000000000000e+00 0.000000000000000000e+00 0.000000000000000000e+00 0.000000000000000000e+00
0.000000000000000000e+00 0.000000000000000000e+00 0.000000000000000000e+00 0.000000000000000000e+00 0.000000000000000000e+00
0.000000000000000000e+00 0.000000000000000000e+00 0.000000000000000000e+00 0.000000000000000000e+00 0.000000000000000000e+00
