5776.1860194206240.000000000000000000e+00 0.000000000000000000e+00 0.000000000000000000e+00 0.000000000000000000e+00 0.000000000000000000e+00
0.000000000000000000e+00 0.000000000000000000e+00 0.000000000000000000e+00 0.000000000000000000e+00 0.000000000000000000e+00
0.000000000000000000e+00 0.000000000000000000e+00 0.000000000000000000e+00 0.000000000000000000e+00 0.000000000000000000e+00
0.000000000000000000e+00 0.000000000000000000e+00 0.000000000000000000e+00 0.000000000000000000e+00 0.000000000000000000e+00
0.000000000000000000e+00 0.000000000000000000e+00 0.000000000000000000e+00 0.000000000000000000e+00 0.000000000000000000e+00
0.000000000000000000e+00 0.000000000000000000e+00 0.000000000000000000e+00 0.000000000000000000e+00 0.000000000000000000e+00
0.000000000000000000e+00 0.000000000000000000e+00 0.000000000000000000e+00 0.000000000000000000e+00 0.000000000000000000e+00
0.000000000000000000e+00 0.000000000000000000e+00 0.000000000000000000e+00 0.000000000000000000e+00 0.000000000000000000e+00
0.000000000000000000e+00 0.000000000000000000e+00 0.000000000000000000e+00 0.000000000000000000e+00 0.000000000000000000e+00
0.000000000000000000e+00 0.000000000000000000e+00 0.000000000000000000e+00 0.000000000000000000e+00 0.000000000000000000e+00
0.000000000000000000e+00 0.000000000000000000e+00 0.000000000000000000e+00 0.000000000000000000e+00 0.000000000000000000e+00
0.000000000000000000e+00 0.000000000000000000e+00 0.000000000000000000e+00 0.000000000000000000e+00 0.000000000000000000e+00
0.000000000000000000e+00 0.000000000000000000e+00 0.000000000000000000e+00 0.000000000000000000e+00 0.000000000000000000e+00
0.000000000000000000e+00 0.000000000000000000e+00 0.000000000000000000e+00 0.000000000000000000e+00 0.000000000000000000e+00
0.000000000000000000e+00 0.000000000000000000e+00 0.000000000000000000e+00 0.000000000000000000e+00 0.000000000000000000e+00
0.000000000000000000e+00 0.000000000000000000e+00 0.000000000000000000e+00 0.000000000000000000e+00 0.000000000000000000e+00
0.000000000000000000e+00 0.000000000000000000e+00 0.000000000000000000e+00 0.000000000000000000e+00 0.000000000000000000e+00
0.000000000000000000e+00 0.000000000000000000e+00 0.000000000000000000e+00 0.000000000000000000e+00 0.000000000000000000e+00
0.000000000000000000e+00 0.000000000000000000e+00 0.000000000000000000e+00 0.000000000000000000e+00 0.000000000000000000e+00
0.000000000000000000e+00 0.000000000000000000e+00 0.000000000000000000e+00 0.000000000000000000e+00 0.000000000000000000e+00
0.000000000000000000e+00 0.000000000000000000e+00 0.000000000000000000e+00 0.000000000000000000e+00 0.000000000000000000e+00
0.000000000000000000e+00 0.000000000000000000e+00 0.000000000000000000e+00 0.000000000000000000e+00 0.000000000000000000e+00
0.000000000000000000e+00 0.000000000000000000e+00 0.000000000000000000e+00 0.000000000000000000e+00 0.000000000000000000e+00
0.000000000000000000e+00 0.000000000000000000e+00 0.000000000000000000e+00 0.000000000000000000e+00 0.000000000000000000e+00
0.000000000000000000e+00 0.000000000000000000e+00 0.000000000000000000e+00 0.000000000000000000e+00 0.000000000000000000e+00
0.000000000000000000e+00 0.000000000000000000e+00 0.000000000000000000e+00 0.000000000000000000e+00 0.000000000000000000e+00
0.000000000000000000e+00 0.000000000000000000e+00 0.000000000000000000e+00 0.000000000000000000e+00 0.000000000000000000e+00
0.000000000000000000e+00 0.000000000000000000e+00 0.000000000000000000e+00 0.000000000000000000e+00 0.000000000000000000e+00
0.000000000000000000e+00 0.000000000000000000e+00 0.000000000000000000e+00 0.000000000000000000e+00 0.000000000000000000e+00
0.000000000000000000e+00 0.000000000000000000e+00 0.000000000000000000e+00 0.000000000000000000e+00 0.000000000000000000e+00
0.000000000000000000e+00 0.000000000000000000e+00 0.000000000000000000e+00 0.000000000000000000e+00 0.000000000000000000e+00
0.000000000000000000e+00 0.000000000000000000e+00 0.000000000000000000e+00 0.000000000000000000e+00 0.000000000000000000e+00
0.000000000000000000e+00 0.000000000000000000e+00 0.000000000000000000e+00 0.000000000000000000e+00 0.000000000000000000e+00
0.000000000000000000e+00 0.000000000000000000e+00 0.000000000000000000e+00 0.000000000000000000e+00 0.000000000000000000e+00
0.000000000000000000e+00 0.000000000000000000e+00 0.000000000000000000e+00 0.000000000000000000e+00 0.000000000000000000e+00
0.000000000000000000e+00 0.000000000000000000e+00 0.000000000000000000e+00 0.000000000000000000e+00 0.000000000000000000e+00
0.000000000000000000e+00 0.000000000000000000e+00 0.000000000000000000e+00 0.000000000000000000e+00 0.000000000000000000e+00
0.000000000000000000e+00 0.000000000000000000e+00 0.000000000000000000e+00 0.000000000000000000e+00 0.000000000000000000e+00
0.000000000000000000e+00 0.000000000000000000e+00 0.000000000000000000e+00 0.000000000000000000e+00 0.000000000000000000e+00
0.000000000000000000e+00 0.000000000000000000e+00 0.000000000000000000e+00 0.000000000000000000e+00 0.000000000000000000e+00
0.000000000000000000e+00 0.000000000000000000e+00 0.000000000000000000e+00 0.000000000000000000e+00 0.000000000000000000e+00
0.000000000000000000e+00 0.000000000000000000e+00 0.000000000000000000e+00 0.000000000000000000e+00 0.000000000000000000e+00
0.000000000000000000e+00 0.000000000000000000e+00 0.000000000000000000e+00 0.000000000000000000e+00 0.000000000000000000e+00
0.000000000000000000e+00 0.000000000000000000e+00 0.000000000000000000e+00 0.000000000000000000e+00 0.000000000000000000e+00
0.000000000000000000e+00 0.000000000000000000e+00 0.000000000000000000e+00 0.000000000000000000e+00 0.000000000000000000e+00
0.000000000000000000e+00 0.000000000000000000e+00 0.000000000000000000e+00 0.000000000000000000e+00 0.000000000000000000e+00
0.000000000000000000e+00 0.000000000000000000e+00 0.000000000000000000e+00 0.000000000000000000e+00 0.000000000000000000e+00
0.000000000000000000e+00 0.000000000000000000e+00 0.000000000000000000e+00 0.000000000000000000e+00 0.000000000000000000e+00
0.000000000000000000e+00 0.000000000000000000e+00 0.000000000000000000e+00 0.000000000000000000e+00 0.000000000000000000e+00
0.000000000000000000e+00 0.000000000000000000e+00 0.000000000000000000e+00 0.000000000000000000e+00 0.000000000000000000e+00
0.000000000000000000e+00 0.000000000000000000e+00 0.000000000000000000e+00 0.000000000000000000e+00 0.000000000000000000e+00
0.000000000000000000e+00 0.000000000000000000e+00 0.000000000000000000e+00 0.000000000000000000e+00 0.000000000000000000e+00
0.000000000000000000e+00 0.000000000000000000e+00 0.000000000000000000e+00 0.000000000000000000e+00 0.000000000000000000e+00
0.000000000000000000e+00 0.000000000000000000e+00 0.000000000000000000e+00 0.000000000000000000e+00 0.000000000000000000e+00
0.000000000000000000e+00 0.000000000000000000e+00 0.000000000000000000e+00 0.000000000000000000e+00 0.000000000000000000e+00
0.000000000000000000e+00 0.000000000000000000e+00 0.000000000000000000e+00 0.000000000000000000e+00 0.000000000000000000e+00
0.000000000000000000e+00 0.000000000000000000e+00 0.000000000000000000e+00 0.000000000000000000e+00 0.000000000000000000e+00
0.000000000000000000e+00 0.000000000000000000e+00 0.000000000000000000e+00 0.000000000000000000e+00 0.000000000000000000e+00
0.000000000000000000e+00 0.000000000000000000e+00 0.000000000000000000e+00 0.000000000000000000e+00 0.000000000000000000e+00
0.000000000000000000e+00 0.000000000000000000e+00 0.000000000000000000e+00 0.000000000000000000e+00 0.000000000000000000e+00
0.000000000000000000e+00 0.000000000000000000e+00 0.000000000000000000e+00 0.000000000000000000e+00 0.000000000000000000e+00
0.000000000000000000e+00 0.000000000000000000e+00 0.000000000000000000e+00 0.000000000000000000e+00 0.000000000000000000e+00
0.000000000000000000e+00 0.000000000000000000e+00 0.000000000000000000e+00 0.000000000000000000e+00 0.000000000000000000e+00
0.000000000000000000e+00 0.000000000000000000e+00 0.000000000000000000e+00 0.000000000000000000e+00 0.000000000000000000e+00
0.000000000000000000e+00 0.000000000000000000e+00 0.000000000000000000e+00 0.000000000000000000e+00 0.000000000000000000e+00
0.000000000000000000e+00 0.000000000000000000e+00 0.000000000000000000e+00 0.000000000000000000e+00 0.000000000000000000e+00
0.000000000000000000e+00 0.000000000000000000e+00 0.000000000000000000e+00 0.000000000000000000e+00 0.000000000000000000e+00
0.000000000000000000e+00 0.000000000000000000e+00 0.000000000000000000e+00 0.000000000000000000e+00 0.000000000000000000e+00
0.000000000000000000e+00 0.000000000000000000e+00 0.000000000000000000e+00 0.000000000000000000e+00 0.000000000000000000e+00
0.000000000000000000e+00 0.000000000000000000e+00 0.000000000000000000e+00 0.000000000000000000e+00 0.000000000000000000e+00
0.000000000000000000e+00 0.000000000000000000e+00 0.000000000000000000e+00 0.000000000000000000e+00 0.000000000000000000e+00
0.000000000000000000e+00 0.000000000000000000e+00 0.000000000000000000e+00 0.000000000000000000e+00 0.000000000000000000e+00
0.000000000000000000e+00 0.000000000000000000e+00 0.000000000000000000e+00 0.000000000000000000e+00 0.000000000000000000e+00
0.000000000000000000e+00 0.000000000000000000e+00 0.000000000000000000e+00 0.000000000000000000e+00 0.000000000000000000e+00
0.000000000000000000e+00 0.000000000000000000e+00 0.000000000000000000e+00 0.000000000000000000e+00 0.000000000000000000e+00
0.000000000000000000e+00 0.000000000000000000e+00 0.000000000000000000e+00 0.000000000000000000e+00 0.000000000000000000e+00
0.000000000000000000e+00 0.000000000000000000e+00 0.000000000000000000e+00 0.000000000000000000e+00 0.000000000000000000e+00
0.000000000000000000e+00 0.000000000000000000e+00 0.000000000000000000e+00 0.000000000000000000e+00 0.000000000000000000e+00
0.000000000000000000e+00 0.000000000000000000e+00 0.000000000000000000e+00 0.000000000000000000e+00 0.000000000000000000e+00
0.000000000000000000e+00 0.000000000000000000e+00 0.000000000000000000e+00 0.000000000000000000e+00 0.000000000000000000e+00
0.000000000000000000e+00 0.000000000000000000e+00 0.000000000000000000e+00 0.000000000000000000e+00 0.000000000000000000e+00
0.000000000000000000e+00 0.000000000000000000e+00 0.000000000000000000e+00 0.000000000000000000e+00 0.000000000000000000e+00
0.000000000000000000e+00 0.000000000000000000e+00 0.000000000000000000e+00 0.000000000000000000e+00 0.000000000000000000e+00
0.000000000000000000e+00 0.000000000000000000e+00 0.000000000000000000e+00 0.000000000000000000e+00 0.000000000000000000e+00
0.000000000000000000e+00 0.000000000000000000e+00 0.000000000000000000e+00 0.000000000000000000e+00 0.000000000000000000e+00
0.000000000000000000e+00 0.000000000000000000e+00 0.000000000000000000e+00 0.000000000000000000e+00 0.000000000000000000e+00
0.000000000000000000e+00 0.000000000000000000e+00 0.000000000000000000e+00 0.000000000000000000e+00 0.000000000000000000e+00
0.000000000000000000e+00 0.000000000000000000e+00 0.000000000000000000e+00 0.000000000000000000e+00 0.000000000000000000e+00
0.000000000000000000e+00 0.000000000000000000e+00 0.000000000000000000e+00 0.000000000000000000e+00 0.000000000000000000e+00
0.000000000000000000e+00 0.000000000000000000e+00 0.000000000000000000e+00 0.000000000000000000e+00 0.000000000000000000e+00
0.000000000000000000e+00 0.000000000000000000e+00 0.000000000000000000e+00 0.000000000000000000e+00 0.000000000000000000e+00
0.000000000000000000e+00 0.000000000000000000e+00 0.000000000000000000e+00 0.000000000000000000e+00 0.000000000000000000e+00
0.000000000000000000e+00 0.000000000000000000e+00 0.000000000000000000e+00 0.000000000000000000e+00 0.000000000000000000e+00
0.000000000000000000e+00 0.000000000000000000e+00 0.000000000000000000e+00 0.000000000000000000e+00 0.000000000000000000e+00
0.000000000000000000e+00 0.000000000000000000e+00 0.000000000000000000e+00 0.000000000000000000e+00 0.000000000000000000e+00
0.000000000000000000e+00 0.000000000000000000e+00 0.000000000000000000e+00 0.000000000000000000e+00 0.000000000000000000e+00
0.000000000000000000e+00 0.000000000000000000e+00 0.000000000000000000e+00 0.000000000000000000e+00 0.000000000000000000e+00
0.000000000000000000e+00 0.000000000000000000e+00 0.000000000000000000e+00 0.000000000000000000e+00 0.000000000000000000e+00
0.000000000000000000e+00 0.000000000000000000e+00 0.000000000000000000e+00 0.000000000000000000e+00 0.000000000000000000e+00
0.000000000000000000e+00 0.000000000000000000e+00 0.000000000000000000e+00 0.000000000000000000e+00 0.000000000000000000e+00
0.000000000000000000e+00 0.000000000000000000e+00 0.000000000000000000e+00 0.000000000000000000e+00 0.000000000000000000e+00
0.000000000000000000e+00 0.000000000000000000e+00 0.000000000000000000e+00 0.000000000000000000e+00 0.000000000000000000e+00
0.000000000000000000e+00 0.000000000000000000e+00 0.000000000000000000e+00 0.000000000000000000e+00 0.000000000000000000e+00
0.000000000000000000e+00 0.000000000000000000e+00 0.000000000000000000e+00 0.000000000000000000e+00 0.000000000000000000e+00
0.000000000000000000e+00 0.000000000000000000e+00 0.000000000000000000e+00 0.000000000000000000e+00 0.000000000000000000e+00
0.000000000000000000e+00 0.000000000000000000e+00 0.000000000000000000e+00 0.000000000000000000e+00 0.000000000000000000e+00
0.000000000000000000e+00 0.000000000000000000e+00 0.000000000000000000e+00 0.000000000000000000e+00 0.000000000000000000e+00
0.000000000000000000e+00 0.000000000000000000e+00 0.000000000000000000e+00 0.000000000000000000e+00 0.000000000000000000e+00
0.000000000000000000e+00 0.000000000000000000e+00 0.000000000000000000e+00 0.000000000000000000e+00 0.000000000000000000e+00
0.000000000000000000e+00 0.000000000000000000e+00 0.000000000000000000e+00 0.000000000000000000e+00 0.000000000000000000e+00
0.000000000000000000e+00 0.000000000000000000e+00 0.000000000000000000e+00 0.000000000000000000e+00 0.000000000000000000e+00
0.000000000000000000e+00 0.000000000000000000e+00 0.000000000000000000e+00 0.000000000000000000e+00 0.000000000000000000e+00
0.000000000000000000e+00 0.000000000000000000e+00 0.000000000000000000e+00 0.000000000000000000e+00 0.000000000000000000e+00
0.000000000000000000e+00 0.000000000000000000e+00 0.000000000000000000e+00 0.000000000000000000e+00 0.000000000000000000e+00
0.000000000000000000e+00 0.000000000000000000e+00 0.000000000000000000e+00 0.000000000000000000e+00 0.000000000000000000e+00
0.000000000000000000e+00 0.000000000000000000e+00 0.000000000000000000e+00 0.000000000000000000e+00 0.000000000000000000e+00
0.000000000000000000e+00 0.000000000000000000e+00 0.000000000000000000e+00 0.000000000000000000e+00 0.000000000000000000e+00
0.000000000000000000e+00 0.000000000000000000e+00 0.000000000000000000e+00 0.000000000000000000e+00 0.000000000000000000e+00
0.000000000000000000e+00 0.000000000000000000e+00 0.000000000000000000e+00 0.000000000000000000e+00 0.000000000000000000e+00
3.055437025275481916e-05 0.000000000000000000e+00 1.644018560446989198e-05 0.000000000000000000e+00 0.000000000000000000e+00
3.834273914071204871e-05 0.000000000000000000e+00 2.063082115070749334e-05 0.000000000000000000e+00 0.000000000000000000e+00
2.276600136479774885e-05 0.000000000000000000e+00 1.224955005823250916e-05 0.000000000000000000e+00 0.000000000000000000e+00
0.000000000000000000e+00 0.000000000000000000e+00 0.000000000000000000e+00 0.000000000000000000e+00 0.000000000000000000e+00
7.420917715447077923e-06 1.120860230166889209e-04 5.798446104218204787e-06 0.000000000000000000e+00 0.000000000000000000e+00
1.629697286872087018e-05 2.231604558648117174e-04 1.896756789965378917e-05 0.000000000000000000e+00 0.000000000000000000e+00
1.648161324399786978e-05 2.713124573824702841e-04 6.811767230246961428e-06 0.000000000000000000e+00 0.000000000000000000e+00
1.672306604243705490e-05 3.342804593671005152e-04 0.000000000000000000e+00 0.000000000000000000e+00 0.000000000000000000e+00
1.409296205329467587e-05 2.191218409425463298e-04 9.314146747759402054e-06 0.000000000000000000e+00 0.000000000000000000e+00
5.714858741987181597e-06 4.766027778946267803e-05 1.494719183552801910e-05 0.000000000000000000e+00 3.163731939421370741e-06
1.256012910326853977e-07 1.047478632735434577e-06 3.285097106709458901e-07 0.000000000000000000e+00 6.953257009717261885e-08
0.000000000000000000e+00 0.000000000000000000e+00 0.000000000000000000e+00 0.000000000000000000e+00 0.000000000000000000e+00
0.000000000000000000e+00 0.000000000000000000e+00 0.000000000000000000e+00 0.000000000000000000e+00 0.000000000000000000e+00
0.000000000000000000e+00 0.000000000000000000e+00 0.000000000000000000e+00 0.000000000000000000e+00 0.000000000000000000e+00
9.253598025029993843e-05 3.740242249419396771e-04 8.266622655651024751e-06 0.000000000000000000e+00 0.000000000000000000e+00
1.821574414375976618e-05 7.362681593345268198e-05 1.627287924340744939e-06 0.000000000000000000e+00 0.000000000000000000e+00
0.000000000000000000e+00 0.000000000000000000e+00 0.000000000000000000e+00 0.000000000000000000e+00 0.000000000000000000e+00
0.000000000000000000e+00 0.000000000000000000e+00 0.000000000000000000e+00 0.000000000000000000e+00 0.000000000000000000e+00
0.000000000000000000e+00 0.000000000000000000e+00 0.000000000000000000e+00 0.000000000000000000e+00 0.000000000000000000e+00
0.000000000000000000e+00 0.000000000000000000e+00 0.000000000000000000e+00 0.000000000000000000e+00 0.000000000000000000e+00
0.000000000000000000e+00 0.000000000000000000e+00 0.000000000000000000e+00 0.000000000000000000e+00 0.000000000000000000e+00
0.000000000000000000e+00 0.000000000000000000e+00 0.000000000000000000e+00 0.000000000000000000e+00 0.000000000000000000e+00
0.000000000000000000e+00 0.000000000000000000e+00 0.000000000000000000e+00 0.000000000000000000e+00 0.000000000000000000e+00
0.000000000000000000e+00 0.000000000000000000e+00 0.000000000000000000e+00 0.000000000000000000e+00 0.000000000000000000e+00
0.000000000000000000e+00 0.000000000000000000e+00 0.000000000000000000e+00 0.000000000000000000e+00 0.000000000000000000e+00
0.000000000000000000e+00 1.421256736706291674e-05 0.000000000000000000e+00 3.509457458613426674e-05 1.106247095038698707e-04
3.348790404597934645e-05 5.223426447395877487e-04 0.000000000000000000e+00 4.168695424396818590e-05 2.380471389161214102e-04
0.000000000000000000e+00 1.013190557912001938e-03 0.000000000000000000e+00 4.159817132338778289e-04 1.952727241169803496e-04
0.000000000000000000e+00 2.870254192151706039e-03 0.000000000000000000e+00 6.809830354479795350e-04 0.000000000000000000e+00
0.000000000000000000e+00 3.625669551995829454e-03 0.000000000000000000e+00 3.947233174381853654e-04 4.126068533249625434e-04
0.000000000000000000e+00 5.631873068170297446e-03 0.000000000000000000e+00 0.000000000000000000e+00 6.820901808680832025e-04
0.000000000000000000e+00 7.116275118314779012e-03 0.000000000000000000e+00 0.000000000000000000e+00 6.941349147809219161e-04
1.135883260756606784e-04 8.786696506894028577e-03 0.000000000000000000e+00 0.000000000000000000e+00 7.738238051230622756e-04
4.154912838630904601e-04 9.893491295142740893e-03 0.000000000000000000e+00 0.000000000000000000e+00 5.875518273816081717e-04
4.019478610591540376e-04 9.478343320789790749e-03 0.000000000000000000e+00 0.000000000000000000e+00 2.477951635384220436e-04
4.589214795679542424e-04 8.933008993826109176e-03 0.000000000000000000e+00 0.000000000000000000e+00 0.000000000000000000e+00
3.283095226599760529e-04 8.077169720349042931e-03 0.000000000000000000e+00 0.000000000000000000e+00 1.451265625247433178e-04
2.374446788998851605e-04 7.502920088608939359e-03 0.000000000000000000e+00 0.000000000000000000e+00 0.000000000000000000e+00
1.967848942431917893e-04 5.068365013735114631e-03 0.000000000000000000e+00 0.000000000000000000e+00 3.325151273730044341e-05
2.074028621142705471e-04 3.623045393189658001e-03 0.000000000000000000e+00 0.000000000000000000e+00 0.000000000000000000e+00
3.443699372672671982e-05 1.707489823344060216e-03 0.000000000000000000e+00 0.000000000000000000e+00 2.822669493622672165e-05
1.184956686093405778e-04 6.952612592425060122e-04 0.000000000000000000e+00 0.000000000000000000e+00 3.231861388971157519e-04
2.628760381738213582e-04 7.656685785914471619e-04 0.000000000000000000e+00 0.000000000000000000e+00 2.166794737796706911e-04
1.814252135988148561e-04 4.262235180504685595e-04 0.000000000000000000e+00 0.000000000000000000e+00 1.383757445959223975e-04
0.000000000000000000e+00 1.531882252162913122e-06 0.000000000000000000e+00 0.000000000000000000e+00 1.482176701013669893e-06
0.000000000000000000e+00 0.000000000000000000e+00 0.000000000000000000e+00 0.000000000000000000e+00 0.000000000000000000e+00
0.000000000000000000e+00 0.000000000000000000e+00 0.000000000000000000e+00 0.000000000000000000e+00 0.000000000000000000e+00
0.000000000000000000e+00 0.000000000000000000e+00 0.000000000000000000e+00 0.000000000000000000e+00 0.000000000000000000e+00
0.000000000000000000e+00 0.000000000000000000e+00 0.000000000000000000e+00 0.000000000000000000e+00 0.000000000000000000e+00
0.000000000000000000e+00 0.000000000000000000e+00 0.000000000000000000e+00 0.000000000000000000e+00 0.000000000000000000e+00
0.000000000000000000e+00 0.000000000000000000e+00 0.000000000000000000e+00 0.000000000000000000e+00 0.000000000000000000e+00
1.719951155171894105e-04 0.000000000000000000e+00 0.000000000000000000e+00 2.398796284931491781e-04 6.334182672639121861e-05
2.820757961437621482e-04 2.452040357119895304e-05 0.000000000000000000e+00 3.967841957038264773e-04 2.001570709992871327e-05
0.000000000000000000e+00 4.656304259039854994e-04 0.000000000000000000e+00 2.170454685171985167e-03 2.110188237562059797e-04
0.000000000000000000e+00 3.276579046352550654e-03 0.000000000000000000e+00 4.858565617484653272e-03 3.615053372375524204e-04
0.000000000000000000e+00 9.897882995007871443e-03 0.000000000000000000e+00 8.033547275155468112e-03 7.527818143925258569e-04
0.000000000000000000e+00 1.821473708100472891e-02 0.000000000000000000e+00 1.018718210253408835e-02 1.145237048219088999e-03
0.000000000000000000e+00 3.064690939661104951e-02 0.000000000000000000e+00 1.017082795119085385e-02 2.766904696401988745e-03
0.000000000000000000e+00 4.436261748210532790e-02 1.153602485173165957e-04 7.778524837897254386e-03 3.842286730151859859e-03
0.000000000000000000e+00 6.101343917354946217e-02 0.000000000000000000e+00 4.459563491512490152e-03 6.560555846389622484e-03
0.000000000000000000e+00 7.266308044526487153e-02 0.000000000000000000e+00 8.344333162507361953e-04 9.356605950912229644e-03
0.000000000000000000e+00 7.834333400157306171e-02 0.000000000000000000e+00 0.000000000000000000e+00 1.094521702744469943e-02
0.000000000000000000e+00 8.148876586057958449e-02 0.000000000000000000e+00 0.000000000000000000e+00 1.261477090375115288e-02
0.000000000000000000e+00 8.494372061636980276e-02 0.000000000000000000e+00 0.000000000000000000e+00 1.240988246488333377e-02
0.000000000000000000e+00 8.471129339961488980e-02 0.000000000000000000e+00 0.000000000000000000e+00 1.251258321352157268e-02
0.000000000000000000e+00 8.302054238806050313e-02 0.000000000000000000e+00 0.000000000000000000e+00 1.349066578663359918e-02
0.000000000000000000e+00 7.058457730193985757e-02 0.000000000000000000e+00 0.000000000000000000e+00 1.521319657841857867e-02
0.000000000000000000e+00 4.791274870475636938e-02 5.851991881809527054e-04 0.000000000000000000e+00 1.748230217044786927e-02
0.000000000000000000e+00 2.904608967529112226e-02 0.000000000000000000e+00 0.000000000000000000e+00 1.782661470588121216e-02
7.277662484316296766e-04 1.571275462201406417e-02 0.000000000000000000e+00 0.000000000000000000e+00 1.483746746466447011e-02
1.676007990017033605e-03 8.601807807773208941e-03 0.000000000000000000e+00 0.000000000000000000e+00 1.049281446781655247e-02
1.235760620487711152e-03 2.446096000303508555e-03 0.000000000000000000e+00 0.000000000000000000e+00 6.077117592244558018e-03
3.839204906182856324e-04 6.741142230493185616e-04 0.000000000000000000e+00 0.000000000000000000e+00 2.018083434837272903e-03
1.071434194873361711e-04 1.010697611349162879e-04 0.000000000000000000e+00 0.000000000000000000e+00 2.805250654836755043e-04
5.305923311722230962e-06 0.000000000000000000e+00 0.000000000000000000e+00 0.000000000000000000e+00 1.471606205918661928e-05
0.000000000000000000e+00 0.000000000000000000e+00 0.000000000000000000e+00 0.000000000000000000e+00 0.000000000000000000e+00
0.000000000000000000e+00 0.000000000000000000e+00 0.000000000000000000e+00 0.000000000000000000e+00 0.000000000000000000e+00
0.000000000000000000e+00 0.000000000000000000e+00 0.000000000000000000e+00 4.586643873328300467e-05 4.719392073552649629e-06
9.335993099514711973e-06 0.000000000000000000e+00 0.000000000000000000e+00 2.667204416795443595e-04 2.350857786549449547e-05
8.852312139872858940e-04 0.000000000000000000e+00 0.000000000000000000e+00 1.513114300671907593e-03 1.374392926431498624e-04
2.409426146230188217e-03 0.000000000000000000e+00 0.000000000000000000e+00 4.669151874039587959e-03 2.082140085667928599e-04
1.944786762470239070e-03 0.000000000000000000e+00 0.000000000000000000e+00 1.460277016359410283e-02 1.257804607126944592e-03
4.727717507737352583e-04 3.613755123484595124e-03 0.000000000000000000e+00 2.761448758351356045e-02 2.766131179482031899e-03
0.000000000000000000e+00 1.107183713901269302e-02 0.000000000000000000e+00 4.478905286011691106e-02 5.514855410494112591e-03
0.000000000000000000e+00 2.465253814103867194e-02 0.000000000000000000e+00 5.937574003871699813e-02 1.146077214914336014e-02
0.000000000000000000e+00 4.568684045007317257e-02 4.514401858910888944e-03 6.814152869770495613e-02 1.898440313063982920e-02
0.000000000000000000e+00 6.758324886466503256e-02 9.180146614030751731e-03 7.320531731933800634e-02 2.744523636471948858e-02
0.000000000000000000e+00 9.035040076749405180e-02 1.268909253529620917e-02 7.201651762692384828e-02 3.808428951433691367e-02
0.000000000000000000e+00 1.068081945918829129e-01 1.810793581826394133e-02 6.838858481073120665e-02 4.557412556913671697e-02
0.000000000000000000e+00 1.169777560462509358e-01 2.241585184804294542e-02 6.476884245316133493e-02 5.311378781347775302e-02
0.000000000000000000e+00 1.191554779382098667e-01 2.583546094322264342e-02 6.455191242857091782e-02 5.988543663418112450e-02
0.000000000000000000e+00 1.191236181730113836e-01 2.986344037732747633e-02 6.397385830526507167e-02 6.382713667766914956e-02
0.000000000000000000e+00 1.216762979142518297e-01 3.321734217729343380e-02 6.163236002747795456e-02 6.665064507280558936e-02
0.000000000000000000e+00 1.146552996325147511e-01 4.005774400338307090e-02 5.496757840365956715e-02 7.041802621258926032e-02
0.000000000000000000e+00 9.148293726000727988e-02 4.908334490687342455e-02 4.283139152358308999e-02 7.514487852898632525e-02
0.000000000000000000e+00 5.110240899469094961e-02 5.495772512061752185e-02 2.241744351982876901e-02 8.234307985192439172e-02
0.000000000000000000e+00 1.156265135951833022e-02 4.851653428979121885e-02 6.277826721805069947e-03 8.831981369018074290e-02
6.764663570738144865e-03 0.000000000000000000e+00 2.754593550591877618e-02 0.000000000000000000e+00 8.029386214914494002e-02
1.591399891303069830e-02 0.000000000000000000e+00 9.430904307738718559e-03 0.000000000000000000e+00 5.772583841505909974e-02
1.399474952108096908e-02 0.000000000000000000e+00 1.790239715298782121e-03 0.000000000000000000e+00 3.032183558228350104e-02
8.542756104756356675e-03 0.000000000000000000e+00 0.000000000000000000e+00 0.000000000000000000e+00 1.227670222580020190e-02
2.088518625243804792e-03 2.966526652348294669e-04 0.000000000000000000e+00 0.000000000000000000e+00 2.702462797995902957e-03
2.930884496138548784e-04 0.000000000000000000e+00 0.000000000000000000e+00 0.000000000000000000e+00 4.191523966726539807e-04
0.000000000000000000e+00 0.000000000000000000e+00 0.000000000000000000e+00 0.000000000000000000e+00 0.000000000000000000e+00
0.000000000000000000e+00 0.000000000000000000e+00 0.000000000000000000e+00 0.000000000000000000e+00 0.000000000000000000e+00
0.000000000000000000e+00 0.000000000000000000e+00 0.000000000000000000e+00 1.863933999586606213e-04 1.917880608613949990e-05
1.453416478342381890e-03 0.000000000000000000e+00 0.000000000000000000e+00 9.256394212039967219e-04 0.000000000000000000e+00
6.431680340875751620e-03 0.000000000000000000e+00 0.000000000000000000e+00 4.270376244985918911e-03 0.000000000000000000e+00
1.145872919656152483e-02 0.000000000000000000e+00 0.000000000000000000e+00 1.438459973775224436e-02 5.961053186599956201e-04
1.512204797453896646e-02 0.000000000000000000e+00 0.000000000000000000e+00 3.313660134981225719e-02 2.314637846502212541e-03
1.205035145044359816e-02 0.000000000000000000e+00 0.000000000000000000e+00 6.156093877582791835e-02 5.510650040536872220e-03
4.366327023084312815e-03 0.000000000000000000e+00 0.000000000000000000e+00 8.991892884445355782e-02 1.158379438621804335e-02
0.000000000000000000e+00 8.784748063530510923e-03 6.508188739791948008e-03 1.164478875356076137e-01 2.392206817627679644e-02
0.000000000000000000e+00 2.000548561996043015e-02 1.926863021393202327e-02 1.369540232305259675e-01 3.880019993757322094e-02
0.000000000000000000e+00 3.254699412956216925e-02 3.335114581094372060e-02 1.444949798207718905e-01 5.451254607076730374e-02
0.000000000000000000e+00 4.795174896215934068e-02 4.842864595527139604e-02 1.419303236246211575e-01 6.873061828259709183e-02
0.000000000000000000e+00 5.342359806454358845e-02 6.065692765359171484e-02 1.378902309150107086e-01 8.376729092073006977e-02
0.000000000000000000e+00 5.228698811386470191e-02 6.973520708900443621e-02 1.327793935129689962e-01 9.579196314630233910e-02
0.000000000000000000e+00 4.680671932316259748e-02 7.602346871224364977e-02 1.302724282430320624e-01 1.024663142460335991e-01
0.000000000000000000e+00 4.698321132527398525e-02 7.923242909735518646e-02 1.280363033456556332e-01 1.049295986071217546e-01
0.000000000000000000e+00 5.567272674653432618e-02 8.319800645188592247e-02 1.216206417928201028e-01 1.030428178855823246e-01
0.000000000000000000e+00 6.750882181610508292e-02 8.768677831025005476e-02 1.102888981809618807e-01 1.015175782741431915e-01
0.000000000000000000e+00 5.842864562485685503e-02 9.511967187139953872e-02 9.199016484864266929e-02 1.043884189932800938e-01
0.000000000000000000e+00 1.632480750261805849e-02 9.886479466909045555e-02 6.305183898849997526e-02 1.178144108315000715e-01
1.319371716621809895e-02 0.000000000000000000e+00 8.624083911106765477e-02 2.837258422447298117e-02 1.299602079014724743e-01
3.157950004510724079e-02 0.000000000000000000e+00 5.403514072701783716e-02 1.250724658162613752e-03 1.226617009004039860e-01
4.173547539309061666e-02 0.000000000000000000e+00 2.065147406293965301e-02 0.000000000000000000e+00 9.157945338765718923e-02
3.126728110033329122e-02 0.000000000000000000e+00 4.355448481507210451e-03 0.000000000000000000e+00 5.114334322512487790e-02
1.694345980077389957e-02 0.000000000000000000e+00 0.000000000000000000e+00 0.000000000000000000e+00 2.095416946953021498e-02
4.639300612455744821e-03 0.000000000000000000e+00 0.000000000000000000e+00 0.000000000000000000e+00 5.298781237715412262e-03
5.098812294121023853e-04 0.000000000000000000e+00 0.000000000000000000e+00 0.000000000000000000e+00 6.217780637367346626e-04
0.000000000000000000e+00 0.000000000000000000e+00 0.000000000000000000e+00 0.000000000000000000e+00 0.000000000000000000e+00
0.000000000000000000e+00 0.000000000000000000e+00 0.000000000000000000e+00 0.000000000000000000e+00 0.000000000000000000e+00
0.000000000000000000e+00 0.000000000000000000e+00 0.000000000000000000e+00 3.025233193046326647e-05 3.112790516598552426e-06
2.670108914407696293e-03 0.000000000000000000e+00 0.000000000000000000e+00 1.279688374047078430e-03 0.000000000000000000e+00
1.065867170923719479e-02 0.000000000000000000e+00 0.000000000000000000e+00 7.331796268083353059e-03 0.000000000000000000e+00
2.438070006489793246e-02 0.000000000000000000e+00 0.000000000000000000e+00 1.836231691983959691e-02 0.000000000000000000e+00
3.772355794723928485e-02 0.000000000000000000e+00 0.000000000000000000e+00 3.854781470315973152e-02 1.475944870773969290e-03
4.155300855454238662e-02 0.000000000000000000e+00 0.000000000000000000e+00 6.916224217974106803e-02 6.411115645807509249e-03
4.027619820871734119e-02 0.000000000000000000e+00 1.971125059627259080e-03 9.958028911517091686e-02 1.514067639721099895e-02
3.547913712958349758e-02 0.000000000000000000e+00 2.085490653279713225e-02 1.238406874291065607e-01 2.753693465930223336e-02
3.375607123583145713e-02 0.000000000000000000e+00 3.983663999921328858e-02 1.357627910951732519e-01 4.354148463498505595e-02
3.713210012447405728e-02 0.000000000000000000e+00 6.175075440411131183e-02 1.330456750421236956e-01 6.095649546229027493e-02
4.093727729617167160e-02 0.000000000000000000e+00 8.118148477425186915e-02 1.204333440399493055e-01 7.534346097389972574e-02
4.705168655256659893e-02 0.000000000000000000e+00 9.306914940193035390e-02 1.093349268489176435e-01 8.609187491569225692e-02
5.378660217376080716e-02 0.000000000000000000e+00 9.490731839740822184e-02 1.028252492475515839e-01 9.057034756716686452e-02
5.932296306706396488e-02 0.000000000000000000e+00 9.272202025122459890e-02 9.985195630755996921e-02 8.792333280558509156e-02
6.442532122451317955e-02 0.000000000000000000e+00 8.874460876352036065e-02 9.827129652271406057e-02 8.188517134929114427e-02
6.763418438063006910e-02 1.853841746035937710e-02 8.397599711941995670e-02 9.868310529223424388e-02 7.135612468393472130e-02
6.558502651269385031e-02 5.937587019857049758e-02 8.522516638891554364e-02 9.794324753218477952e-02 6.174016480009187485e-02
5.715724558360512492e-02 6.516708717309428744e-02 9.671153341720491181e-02 9.357952072209156646e-02 6.755524607114427038e-02
5.053102676866258469e-02 8.556657009436407016e-03 1.085325209851328021e-01 7.805351569181333271e-02 9.681411768160197440e-02
5.447296940797265175e-02 0.000000000000000000e+00 9.506507652871938607e-02 4.705988794321252361e-02 1.283386142265421637e-01
6.669009098772538113e-02 0.000000000000000000e+00 5.789603703599602996e-02 1.249474286691384418e-02 1.304828482820180879e-01
6.976796964774126253e-02 0.000000000000000000e+00 2.345766072670441016e-02 0.000000000000000000e+00 9.686846991741124291e-02
4.959687829214272370e-02 0.000000000000000000e+00 4.340737699189471839e-03 0.000000000000000000e+00 5.340640039597419758e-02
2.224689865438473843e-02 0.000000000000000000e+00 0.000000000000000000e+00 0.000000000000000000e+00 2.045950919492546191e-02
4.832477746488839446e-03 0.000000000000000000e+00 0.000000000000000000e+00 0.000000000000000000e+00 4.713556555600482978e-03
5.286955497866649032e-04 0.000000000000000000e+00 0.000000000000000000e+00 0.000000000000000000e+00 7.625442635276195218e-04
5.533328939446458271e-05 1.416422392014116724e-04 0.000000000000000000e+00 0.000000000000000000e+00 1.440169503515902577e-05
7.235891690045367518e-05 1.852244666480003525e-04 0.000000000000000000e+00 0.000000000000000000e+00 1.883298581520796759e-05
8.275902633205690046e-07 6.698486037188442457e-08 0.000000000000000000e+00 0.000000000000000000e+00 0.000000000000000000e+00
3.423624566742599577e-03 7.811142337039023024e-05 0.000000000000000000e+00 1.080391298496273913e-03 0.000000000000000000e+00
1.232264539292678672e-02 0.000000000000000000e+00 0.000000000000000000e+00 5.895796666648239238e-03 0.000000000000000000e+00
3.235174577228085158e-02 0.000000000000000000e+00 0.000000000000000000e+00 1.152226812793889776e-02 0.000000000000000000e+00
5.787742893150032292e-02 0.000000000000000000e+00 0.000000000000000000e+00 2.434410013676148107e-02 0.000000000000000000e+00
7.753680592170424102e-02 0.000000000000000000e+00 0.000000000000000000e+00 4.331030044146914199e-02 1.730422087338147688e-03
8.917554624832396692e-02 0.000000000000000000e+00 6.232397219160528030e-03 6.461349721474149432e-02 8.363884126144775430e-03
1.014668403603647129e-01 0.000000000000000000e+00 2.727483806515804479e-02 7.341745323573566073e-02 1.752780326377076023e-02
1.132999197888513859e-01 0.000000000000000000e+00 5.089659521266431952e-02 7.083585104589917858e-02 2.906422749070177239e-02
1.220890625861284634e-01 0.000000000000000000e+00 7.300634724908272588e-02 5.663396882264629117e-02 3.948002914359176330e-02
1.296425102493489745e-01 0.000000000000000000e+00 8.684934024157310584e-02 3.872935488221519729e-02 4.907344842360147202e-02
1.366554378125085512e-01 0.000000000000000000e+00 8.706044608054565315e-02 2.442208923626827330e-02 5.037965427083815340e-02
1.453095335489813789e-01 0.000000000000000000e+00 7.813128085774838361e-02 1.648928735637247844e-02 4.169223661322218888e-02
1.521673717944301008e-01 0.000000000000000000e+00 6.549036152960729940e-02 1.479889635469542816e-02 2.910840302089948844e-02
1.524974995245944320e-01 1.052928058900697017e-02 5.453334606656048272e-02 1.749849434094342612e-02 1.715766629834900373e-02
1.473430870931720094e-01 6.114575526124367555e-02 4.342596242641909993e-02 2.821174766501289774e-02 4.112344992383203807e-03
1.306701331253777298e-01 1.304761831498592040e-01 4.729827113259149618e-02 4.459024530375431394e-02 0.000000000000000000e+00
9.490515224682317952e-02 1.165481494924804351e-01 7.694537636344608855e-02 7.140927400473355557e-02 1.237716309648270382e-02
7.010782149687905251e-02 1.509627027384517241e-02 1.044346768446230006e-01 7.950096924112493024e-02 7.121328005710500508e-02
7.807795461514090152e-02 0.000000000000000000e+00 8.897494440450504083e-02 5.700437356628755559e-02 1.202477925557394328e-01
9.516676632889989329e-02 0.000000000000000000e+00 4.783556649102383568e-02 1.822428839927052110e-02 1.199174926896236504e-01
8.805053796687056789e-02 0.000000000000000000e+00 1.566590739181278683e-02 0.000000000000000000e+00 8.312843895967909902e-02
5.674114276267503559e-02 0.000000000000000000e+00 4.793690986935597782e-04 0.000000000000000000e+00 4.065650805108619176e-02
2.198019273300567608e-02 0.000000000000000000e+00 0.000000000000000000e+00 0.000000000000000000e+00 1.462084558780222740e-02
3.363814981364229590e-03 0.000000000000000000e+00 0.000000000000000000e+00 0.000000000000000000e+00 3.423212795590263070e-03
4.447928078959433474e-04 8.062592075152315676e-05 0.000000000000000000e+00 0.000000000000000000e+00 6.364061185265379277e-04
4.894867907971883482e-05 1.252989039089414628e-04 0.000000000000000000e+00 0.000000000000000000e+00 1.273996099264069821e-05
1.950853151727920869e-05 4.993796894921573694e-05 0.000000000000000000e+00 0.000000000000000000e+00 5.077520685472740580e-06
1.059315537050328326e-04 8.574062127601206346e-06 0.000000000000000000e+00 0.000000000000000000e+00 0.000000000000000000e+00
2.382446026978421536e-03 2.232509776802992191e-04 0.000000000000000000e+00 2.593747410586040624e-04 0.000000000000000000e+00
1.246814064746717965e-02 0.000000000000000000e+00 0.000000000000000000e+00 2.498675983385044951e-03 0.000000000000000000e+00
3.331420069133674694e-02 1.065811183098649311e-04 0.000000000000000000e+00 2.550458502142517042e-03 0.000000000000000000e+00
6.307295994526090910e-02 0.000000000000000000e+00 0.000000000000000000e+00 5.252962638006911100e-03 0.000000000000000000e+00
9.032943247306809975e-02 0.000000000000000000e+00 0.000000000000000000e+00 1.084597208316015818e-02 0.000000000000000000e+00
1.134859797279871851e-01 0.000000000000000000e+00 8.308605973135181968e-03 1.924339603081156799e-02 0.000000000000000000e+00
1.361848850114206477e-01 0.000000000000000000e+00 2.493964507623778332e-02 1.898480767748647255e-02 6.679437503979412764e-03
1.472344983214128322e-01 0.000000000000000000e+00 4.898600174718160949e-02 9.773827478613730801e-03 1.450859161504461717e-02
1.485865397656911113e-01 0.000000000000000000e+00 6.610396973710926105e-02 0.000000000000000000e+00 2.157502205185425972e-02
1.479957660959297094e-01 0.000000000000000000e+00 6.953394713419948359e-02 0.000000000000000000e+00 2.086627544817030999e-02
1.466582780866521052e-01 0.000000000000000000e+00 6.013720039532782780e-02 0.000000000000000000e+00 1.448438628008950554e-02
1.456330431867433606e-01 7.686869387675035123e-03 4.094172304574270754e-02 0.000000000000000000e+00 3.006269439701746583e-03
1.401100289744927896e-01 2.017735424743961545e-02 2.432225772666806590e-02 0.000000000000000000e+00 0.000000000000000000e+00
1.316712432618114548e-01 4.673522201295867567e-02 1.329010406128466881e-02 0.000000000000000000e+00 0.000000000000000000e+00
1.213639652396245328e-01 1.245939790270307462e-01 4.057239310913399871e-03 0.000000000000000000e+00 0.000000000000000000e+00
9.409532149573870963e-02 1.997355527656017038e-01 2.302505304517904125e-02 1.759335741969040787e-02 0.000000000000000000e+00
5.413408183539912544e-02 1.382523505286843701e-01 7.312342038945347789e-02 6.310508227924080393e-02 1.072781029805351324e-02
5.078038583146392282e-02 0.000000000000000000e+00 1.013265480182064665e-01 8.728891056219709177e-02 8.256790715765854882e-02
8.702767214863971201e-02 0.000000000000000000e+00 7.524802825343157586e-02 6.331799319431194450e-02 1.201079014107655080e-01
1.113937097315381153e-01 0.000000000000000000e+00 3.046009064894652021e-02 2.075119667828179484e-02 1.040107154233302633e-01
9.409424481567202347e-02 0.000000000000000000e+00 5.203510273310840706e-03 0.000000000000000000e+00 5.847150931544972674e-02
5.343282603428307909e-02 0.000000000000000000e+00 0.000000000000000000e+00 0.000000000000000000e+00 2.300958431129928108e-02
1.580290547435585224e-02 0.000000000000000000e+00 0.000000000000000000e+00 0.000000000000000000e+00 7.664113789139137892e-03
1.571674496574186619e-03 0.000000000000000000e+00 0.000000000000000000e+00 0.000000000000000000e+00 1.645913232848099676e-03
1.782511856092556922e-05 0.000000000000000000e+00 0.000000000000000000e+00 0.000000000000000000e+00 1.384447971310160796e-04
0.000000000000000000e+00 0.000000000000000000e+00 0.000000000000000000e+00 0.000000000000000000e+00 0.000000000000000000e+00
0.000000000000000000e+00 0.000000000000000000e+00 0.000000000000000000e+00 0.000000000000000000e+00 0.000000000000000000e+00
0.000000000000000000e+00 0.000000000000000000e+00 0.000000000000000000e+00 0.000000000000000000e+00 0.000000000000000000e+00
2.177850906736201152e-03 3.589263425782061715e-04 0.000000000000000000e+00 0.000000000000000000e+00 0.000000000000000000e+00
9.305994512208469807e-03 7.533067418582669022e-04 0.000000000000000000e+00 0.000000000000000000e+00 0.000000000000000000e+00
2.412610860319629527e-02 1.644699661680253241e-03 0.000000000000000000e+00 0.000000000000000000e+00 0.000000000000000000e+00
5.199609693340277727e-02 2.528905601964214281e-03 0.000000000000000000e+00 0.000000000000000000e+00 0.000000000000000000e+00
7.802653095728935562e-02 0.000000000000000000e+00 0.000000000000000000e+00 0.000000000000000000e+00 0.000000000000000000e+00
1.007192854631483031e-01 0.000000000000000000e+00 7.062944625426358092e-03 0.000000000000000000e+00 0.000000000000000000e+00
1.224171494878585204e-01 0.000000000000000000e+00 2.175424899966050749e-02 0.000000000000000000e+00 2.010948611943835264e-03
1.241646992355887741e-01 0.000000000000000000e+00 3.814020568807378192e-02 0.000000000000000000e+00 9.794890234455322017e-03
1.111786361847368204e-01 0.000000000000000000e+00 4.938594969816767488e-02 0.000000000000000000e+00 1.278807356537728888e-02
9.686341882415859528e-02 0.000000000000000000e+00 4.489346175465598610e-02 0.000000000000000000e+00 9.112584083198791568e-03
8.642816761925040114e-02 9.777457465962880942e-03 2.978520628145253646e-02 0.000000000000000000e+00 1.567743790706636149e-03
7.343877482749082419e-02 1.652158782971669543e-02 1.240986719928794182e-02 0.000000000000000000e+00 0.000000000000000000e+00
6.372266035382197213e-02 2.734323422252717822e-02 2.214851599987423779e-03 0.000000000000000000e+00 0.000000000000000000e+00
5.925190575998055820e-02 6.474506349014895468e-02 0.000000000000000000e+00 0.000000000000000000e+00 0.000000000000000000e+00
5.235060243490430310e-02 1.663139190398625344e-01 0.000000000000000000e+00 0.000000000000000000e+00 0.000000000000000000e+00
2.242548711702731581e-02 2.182283663269019847e-01 3.301793665775703407e-02 2.151607553870537801e-02 0.000000000000000000e+00
5.926848696418312093e-04 9.921054552156553796e-02 8.826779935300117785e-02 7.734403447971530121e-02 5.294825398737813132e-02
3.747347590569169440e-02 0.000000000000000000e+00 9.760973727701917346e-02 9.786430131434882551e-02 1.077132635162350721e-01
9.758287916568982034e-02 0.000000000000000000e+00 5.706394299748732829e-02 6.471882221592385742e-02 1.153826857637620107e-01
1.198955281156459662e-01 0.000000000000000000e+00 1.510058995539111451e-02 1.709270647753183617e-02 7.498617271077617774e-02
8.563518245773114879e-02 0.000000000000000000e+00 0.000000000000000000e+00 0.000000000000000000e+00 3.013360766998681231e-02
3.949154366585957282e-02 1.059375364847462775e-03 0.000000000000000000e+00 0.000000000000000000e+00 9.470824405143683442e-03
9.348131337474042610e-03 1.308756415592676053e-03 0.000000000000000000e+00 0.000000000000000000e+00 2.562151379063164463e-03
7.252025658480286841e-04 1.012902960836717142e-04 0.000000000000000000e+00 0.000000000000000000e+00 2.781582946252262093e-04
3.059991463429375804e-07 0.000000000000000000e+00 2.886874299734235151e-06 0.000000000000000000e+00 3.373858677326886370e-05
0.000000000000000000e+00 0.000000000000000000e+00 0.000000000000000000e+00 0.000000000000000000e+00 0.000000000000000000e+00
0.000000000000000000e+00 0.000000000000000000e+00 0.000000000000000000e+00 0.000000000000000000e+00 0.000000000000000000e+00
0.000000000000000000e+00 0.000000000000000000e+00 0.000000000000000000e+00 0.000000000000000000e+00 0.000000000000000000e+00
9.440577577356702070e-04 2.117764184608599573e-04 0.000000000000000000e+00 0.000000000000000000e+00 0.000000000000000000e+00
4.708005251186176375e-03 4.794657100748099770e-04 0.000000000000000000e+00 0.000000000000000000e+00 0.000000000000000000e+00
1.537022538901570284e-02 1.862615806515117252e-03 0.000000000000000000e+00 0.000000000000000000e+00 0.000000000000000000e+00
3.639628251749596477e-02 3.146397660633065176e-03 0.000000000000000000e+00 0.000000000000000000e+00 0.000000000000000000e+00
5.723144910742611335e-02 1.908456142476611019e-03 0.000000000000000000e+00 0.000000000000000000e+00 0.000000000000000000e+00
7.599227604890756993e-02 0.000000000000000000e+00 5.364166051326064999e-03 0.000000000000000000e+00 0.000000000000000000e+00
8.747918331838325234e-02 0.000000000000000000e+00 1.513543503566521127e-02 0.000000000000000000e+00 1.271296489606388086e-03
8.184506597276344775e-02 0.000000000000000000e+00 2.743913315481324652e-02 0.000000000000000000e+00 6.704277342994386171e-03
6.580303196390938081e-02 0.000000000000000000e+00 3.272290996467876190e-02 0.000000000000000000e+00 5.966701623206489488e-03
4.622836434126458005e-02 5.656902660876744066e-03 2.544310175475311339e-02 0.000000000000000000e+00 2.999103176837619993e-03
3.099290881820280369e-02 1.404877913261621397e-02 1.058321020087748567e-02 0.000000000000000000e+00 0.000000000000000000e+00
2.259184473639309562e-02 1.668013600829712159e-02 1.698471417555362474e-03 0.000000000000000000e+00 0.000000000000000000e+00
1.915418329240000869e-02 2.916747017396071132e-02 0.000000000000000000e+00 0.000000000000000000e+00 0.000000000000000000e+00
2.152767848373529636e-02 9.135503522353363715e-02 0.000000000000000000e+00 0.000000000000000000e+00 0.000000000000000000e+00
1.304637012733351684e-02 2.029207628599340174e-01 3.034050020468457599e-03 0.000000000000000000e+00 0.000000000000000000e+00
0.000000000000000000e+00 1.899317805908674328e-01 6.271470864954806212e-02 3.315216055338734286e-02 3.515345405439102011e-02
0.000000000000000000e+00 3.753231349503841768e-02 1.055495726942331791e-01 9.434419599568147352e-02 9.286155775371054966e-02
4.944371512410104808e-02 0.000000000000000000e+00 8.449087392371186500e-02 1.052605136773961114e-01 1.166615366748560839e-01
1.136327566777150522e-01 0.000000000000000000e+00 3.420693801425149505e-02 6.015825089893812178e-02 8.966187362590703758e-02
1.192679298475196464e-01 0.000000000000000000e+00 2.095850967145868396e-03 1.144272513676708979e-02 3.836707078256285791e-02
6.773472902623096925e-02 4.054554168539590414e-03 0.000000000000000000e+00 0.000000000000000000e+00 1.024912433935922657e-02
2.529239523628942429e-02 6.922703533788238973e-03 0.000000000000000000e+00 0.000000000000000000e+00 1.630898976517359362e-03
6.505752604581721554e-03 4.669967027600118933e-03 0.000000000000000000e+00 0.000000000000000000e+00 0.000000000000000000e+00
1.191251426811299136e-03 1.877014966652918284e-03 4.583519574030481470e-05 0.000000000000000000e+00 0.000000000000000000e+00
8.888545589541775778e-05 3.255654234470041768e-04 0.000000000000000000e+00 0.000000000000000000e+00 0.000000000000000000e+00
0.000000000000000000e+00 0.000000000000000000e+00 0.000000000000000000e+00 0.000000000000000000e+00 0.000000000000000000e+00
0.000000000000000000e+00 0.000000000000000000e+00 0.000000000000000000e+00 0.000000000000000000e+00 0.000000000000000000e+00
0.000000000000000000e+00 0.000000000000000000e+00 0.000000000000000000e+00 0.000000000000000000e+00 0.000000000000000000e+00
3.279413019822234577e-04 1.054244229527663150e-04 0.000000000000000000e+00 0.000000000000000000e+00 0.000000000000000000e+00
1.928017711945027857e-03 2.383254524268561304e-04 0.000000000000000000e+00 0.000000000000000000e+00 0.000000000000000000e+00
8.134868366040401075e-03 1.556130232326151993e-03 0.000000000000000000e+00 0.000000000000000000e+00 0.000000000000000000e+00
2.311779998564860925e-02 2.274613519318207343e-03 0.000000000000000000e+00 0.000000000000000000e+00 0.000000000000000000e+00
4.158293869097961365e-02 1.756720810078780124e-03 0.000000000000000000e+00 0.000000000000000000e+00 0.000000000000000000e+00
5.546606629257869875e-02 0.000000000000000000e+00 2.812510806204600745e-03 0.000000000000000000e+00 0.000000000000000000e+00
6.248242165177475549e-02 0.000000000000000000e+00 9.439051224556663580e-03 0.000000000000000000e+00 7.121563182091127358e-04
5.511205485100748730e-02 0.000000000000000000e+00 1.683580556906316000e-02 0.000000000000000000e+00 1.610185486064676661e-03
3.726415154449978090e-02 4.964538749456625343e-03 1.614561144667096826e-02 0.000000000000000000e+00 0.000000000000000000e+00
1.968989399377801125e-02 1.902457022103941353e-02 1.020253173034185550e-02 0.000000000000000000e+00 0.000000000000000000e+00
1.071684236954348682e-02 2.731523021193355341e-02 1.908346686302723420e-03 0.000000000000000000e+00 0.000000000000000000e+00
7.838909176472494411e-03 3.360232113959810835e-02 0.000000000000000000e+00 0.000000000000000000e+00 0.000000000000000000e+00
8.549637481182812901e-03 5.813376670507455074e-02 0.000000000000000000e+00 0.000000000000000000e+00 0.000000000000000000e+00
1.088053119128408984e-02 1.426573045312054533e-01 0.000000000000000000e+00 0.000000000000000000e+00 2.149064553836470617e-03
0.000000000000000000e+00 2.180745934234496752e-01 2.695133049851534610e-02 0.000000000000000000e+00 3.124438073678620018e-02
0.000000000000000000e+00 1.329966383943800012e-01 9.514741379141716804e-02 5.032932838065837938e-02 7.965001907891211541e-02
0.000000000000000000e+00 0.000000000000000000e+00 1.073445147569859204e-01 1.094925772260262609e-01 1.094065563529729723e-01
7.489522603308336468e-02 0.000000000000000000e+00 6.089194859200219162e-02 1.060011719064564428e-01 9.714861079344130901e-02
1.282873074646378175e-01 0.000000000000000000e+00 9.613040983909743389e-03 5.077815377137902264e-02 4.776564734801211354e-02
1.051347711848592131e-01 1.684139920517216046e-02 0.000000000000000000e+00 8.891552119748118155e-03 9.939340661142643737e-03
5.005128485157945423e-02 2.616129219588302426e-02 0.000000000000000000e+00 0.000000000000000000e+00 0.000000000000000000e+00
1.877650371418896832e-02 1.911276665299165012e-02 0.000000000000000000e+00 0.000000000000000000e+00 0.000000000000000000e+00
6.606149456394012388e-03 1.151350754023330349e-02 0.000000000000000000e+00 0.000000000000000000e+00 0.000000000000000000e+00
1.339687296914086846e-03 4.110166908458438850e-03 0.000000000000000000e+00 0.000000000000000000e+00 0.000000000000000000e+00
5.969599809026999548e-05 1.174646601489607797e-03 1.085120191752941859e-04 0.000000000000000000e+00 0.000000000000000000e+00
0.000000000000000000e+00 0.000000000000000000e+00 0.000000000000000000e+00 0.000000000000000000e+00 0.000000000000000000e+00
0.000000000000000000e+00 0.000000000000000000e+00 0.000000000000000000e+00 0.000000000000000000e+00 0.000000000000000000e+00
5.237627651734182832e-06 0.000000000000000000e+00 0.000000000000000000e+00 1.118942278813474605e-06 0.000000000000000000e+00
0.000000000000000000e+00 0.000000000000000000e+00 0.000000000000000000e+00 0.000000000000000000e+00 0.000000000000000000e+00
4.292103501627795420e-04 2.042929452727944417e-06 1.000500177700010155e-05 0.000000000000000000e+00 0.000000000000000000e+00
4.453600107540009283e-03 1.010261599544666229e-03 0.000000000000000000e+00 0.000000000000000000e+00 0.000000000000000000e+00
1.379315592700808800e-02 1.193291823145570989e-03 0.000000000000000000e+00 0.000000000000000000e+00 0.000000000000000000e+00
2.724253518566655333e-02 1.497425336980529997e-03 0.000000000000000000e+00 0.000000000000000000e+00 0.000000000000000000e+00
4.100975739330289110e-02 1.780122832519510662e-03 2.053716790064381620e-04 0.000000000000000000e+00 0.000000000000000000e+00
4.427027437046223562e-02 2.413337637413658955e-03 3.814936435835444666e-03 0.000000000000000000e+00 0.000000000000000000e+00
3.612030029748086041e-02 1.040469689135115235e-02 5.063367468360384371e-03 0.000000000000000000e+00 0.000000000000000000e+00
2.340196263254833500e-02 2.537764201252397378e-02 2.912050373973841273e-03 2.524926017712164888e-03 0.000000000000000000e+00
1.333121033445648987e-02 4.320362212105124250e-02 0.000000000000000000e+00 2.813458755884541283e-04 0.000000000000000000e+00
9.031088597350434358e-03 5.644332226963703208e-02 0.000000000000000000e+00 0.000000000000000000e+00 0.000000000000000000e+00
9.232705376639921413e-03 7.156487454010868055e-02 0.000000000000000000e+00 0.000000000000000000e+00 0.000000000000000000e+00
1.127052704354702083e-02 1.139056248435606211e-01 0.000000000000000000e+00 0.000000000000000000e+00 3.839173955442316388e-03
6.961232430339922041e-03 1.940847380500091424e-01 0.000000000000000000e+00 0.000000000000000000e+00 3.130035353583458108e-02
0.000000000000000000e+00 1.899578747252976541e-01 6.536983630644863097e-02 2.011662928671299581e-03 7.471516657854671006e-02
0.000000000000000000e+00 7.489753458081070681e-02 1.155103704981416818e-01 7.331110747609682898e-02 1.007961785335686616e-01
2.303713955254245785e-02 0.000000000000000000e+00 9.296829172696396970e-02 1.226990560424875976e-01 9.730550919412764288e-02
1.046135076625514526e-01 0.000000000000000000e+00 3.233500514587876740e-02 9.925718130052209320e-02 5.379778505278107886e-02
1.318377604769626898e-01 2.309141505149494775e-02 0.000000000000000000e+00 3.929759586283310124e-02 1.029379609523419989e-02
8.610765985541474210e-02 4.399380874063608254e-02 0.000000000000000000e+00 7.876267649014796063e-03 0.000000000000000000e+00
3.811337182458592043e-02 3.894348307868492065e-02 0.000000000000000000e+00 0.000000000000000000e+00 0.000000000000000000e+00
1.517360583062915894e-02 2.489979094070873117e-02 0.000000000000000000e+00 0.000000000000000000e+00 0.000000000000000000e+00
5.764796497080862565e-03 1.341062356967955872e-02 0.000000000000000000e+00 0.000000000000000000e+00 0.000000000000000000e+00
1.035634989017567833e-03 5.074889169706991478e-03 0.000000000000000000e+00 1.519718484339360211e-04 0.000000000000000000e+00
0.000000000000000000e+00 4.248685135958071173e-04 8.792402318177940644e-05 1.318201724253847832e-04 9.933584697908636734e-06
0.000000000000000000e+00 0.000000000000000000e+00 0.000000000000000000e+00 0.000000000000000000e+00 0.000000000000000000e+00
0.000000000000000000e+00 0.000000000000000000e+00 0.000000000000000000e+00 0.000000000000000000e+00 0.000000000000000000e+00
2.992930086705247430e-05 0.000000000000000000e+00 0.000000000000000000e+00 6.393955878934164194e-06 0.000000000000000000e+00
0.000000000000000000e+00 0.000000000000000000e+00 0.000000000000000000e+00 0.000000000000000000e+00 0.000000000000000000e+00
7.173013371964028618e-06 0.000000000000000000e+00 1.623338162175236856e-06 0.000000000000000000e+00 1.174246486869054091e-06
3.003299512087651436e-03 7.469607393337480495e-04 0.000000000000000000e+00 0.000000000000000000e+00 0.000000000000000000e+00
8.713666269143219983e-03 1.158901083973758444e-03 0.000000000000000000e+00 0.000000000000000000e+00 0.000000000000000000e+00
1.837410128342203616e-02 3.253561787011408600e-03 0.000000000000000000e+00 0.000000000000000000e+00 0.000000000000000000e+00
2.724713217290692518e-02 5.951010278951067607e-03 0.000000000000000000e+00 0.000000000000000000e+00 0.000000000000000000e+00
2.830669316147176734e-02 1.102338806369224967e-02 0.000000000000000000e+00 0.000000000000000000e+00 0.000000000000000000e+00
2.275190136140027575e-02 2.435742522135668844e-02 0.000000000000000000e+00 1.968833340148534901e-03 0.000000000000000000e+00
1.624375695612861187e-02 4.278688254158304755e-02 0.000000000000000000e+00 4.126290873948402702e-03 0.000000000000000000e+00
1.107412307978550454e-02 6.163479627324740251e-02 0.000000000000000000e+00 1.321830037895319878e-03 0.000000000000000000e+00
9.985065936153987229e-03 7.971326370414023865e-02 0.000000000000000000e+00 1.264262632670805114e-04 0.000000000000000000e+00
1.263736114998899665e-02 1.109652319622561334e-01 0.000000000000000000e+00 0.000000000000000000e+00 1.673434966651933314e-03
1.358281114994606791e-02 1.624848814300948185e-01 0.000000000000000000e+00 0.000000000000000000e+00 3.077977251245218870e-02
0.000000000000000000e+00 1.981731983395154939e-01 2.518378698096704338e-02 0.000000000000000000e+00 7.509144840297936330e-02
0.000000000000000000e+00 1.351044683582885986e-01 1.039327843964013287e-01 2.129289260482626969e-02 9.968661923042183848e-02
0.000000000000000000e+00 2.348992877524188477e-02 1.204489749589808534e-01 9.964827906392398349e-02 9.643355746022636010e-02
5.399980804751659813e-02 0.000000000000000000e+00 6.631838563429660882e-02 1.316879483535066120e-01 6.119586982219561017e-02
1.238948143471720886e-01 3.572849778391882971e-03 9.693004223670624196e-04 8.771700354662664845e-02 1.434904282235340521e-02
1.186167747593598887e-01 4.244340603254980610e-02 0.000000000000000000e+00 2.876410924101454464e-02 0.000000000000000000e+00
6.530610541194206697e-02 4.783778136046266255e-02 0.000000000000000000e+00 3.511009283678062642e-03 0.000000000000000000e+00
2.894322611089058042e-02 3.566901506249418180e-02 0.000000000000000000e+00 3.247114670307293992e-04 0.000000000000000000e+00
1.212035563625128362e-02 2.110320675371774382e-02 0.000000000000000000e+00 6.713561874658230443e-04 0.000000000000000000e+00
4.903147716990715992e-03 1.099766671903142437e-02 0.000000000000000000e+00 8.101007858112312023e-04 0.000000000000000000e+00
8.782470166495913964e-04 3.841777672700909078e-03 0.000000000000000000e+00 5.704589051500352114e-05 0.000000000000000000e+00
3.071957114621088656e-06 6.396691658639493561e-05 0.000000000000000000e+00 0.000000000000000000e+00 7.816092871691273758e-05
0.000000000000000000e+00 0.000000000000000000e+00 0.000000000000000000e+00 0.000000000000000000e+00 0.000000000000000000e+00
0.000000000000000000e+00 0.000000000000000000e+00 0.000000000000000000e+00 0.000000000000000000e+00 0.000000000000000000e+00
0.000000000000000000e+00 0.000000000000000000e+00 0.000000000000000000e+00 0.000000000000000000e+00 0.000000000000000000e+00
0.000000000000000000e+00 0.000000000000000000e+00 0.000000000000000000e+00 0.000000000000000000e+00 0.000000000000000000e+00
3.382801091393933035e-05 0.000000000000000000e+00 5.809456961715458313e-06 0.000000000000000000e+00 7.411089685575130746e-07
1.247681046945262181e-03 2.722934915103364492e-04 0.000000000000000000e+00 0.000000000000000000e+00 0.000000000000000000e+00
4.914148274729628930e-03 1.116181786159454103e-03 0.000000000000000000e+00 0.000000000000000000e+00 0.000000000000000000e+00
1.037805021305883077e-02 3.249694631556827688e-03 0.000000000000000000e+00 0.000000000000000000e+00 0.000000000000000000e+00
1.433784150104187687e-02 6.480340426622539611e-03 0.000000000000000000e+00 0.000000000000000000e+00 0.000000000000000000e+00
1.441719072953279515e-02 1.242738082854093727e-02 0.000000000000000000e+00 6.970714203778555261e-04 0.000000000000000000e+00
1.247369516971945716e-02 2.486197750574713899e-02 0.000000000000000000e+00 2.861196361227002615e-03 0.000000000000000000e+00
9.556585783179768687e-03 4.138193754935799024e-02 0.000000000000000000e+00 4.034354447662769245e-03 0.000000000000000000e+00
7.574434212096622931e-03 5.766213360661441578e-02 0.000000000000000000e+00 3.142277163195161122e-03 0.000000000000000000e+00
8.983052172363640772e-03 8.577585053075195698e-02 0.000000000000000000e+00 6.859121925814837479e-04 4.173692381454567266e-03
1.214903635866722634e-02 1.271414829828133863e-01 0.000000000000000000e+00 0.000000000000000000e+00 2.819011923226235131e-02
7.762356083315140147e-03 1.695834153996031712e-01 0.000000000000000000e+00 0.000000000000000000e+00 7.691435226499665490e-02
0.000000000000000000e+00 1.555638591772159907e-01 7.059657340418602767e-02 0.000000000000000000e+00 1.070321123654992823e-01
0.000000000000000000e+00 7.068069089141684747e-02 1.322617223204566872e-01 4.766084521199799584e-02 9.758501643005546011e-02
6.453615132044341826e-03 0.000000000000000000e+00 1.103701674689384904e-01 1.244729499967371922e-01 6.546000553371102149e-02
7.966091899017803402e-02 0.000000000000000000e+00 3.359383378963039235e-02 1.320636910364976491e-01 2.023771829332662170e-02
1.262650139966253748e-01 1.515025736373847368e-02 0.000000000000000000e+00 7.022407084513386522e-02 0.000000000000000000e+00
9.478720748638057303e-02 3.854955860425872405e-02 0.000000000000000000e+00 1.828762084706992558e-02 0.000000000000000000e+00
4.714777271484840021e-02 3.370606197979623270e-02 0.000000000000000000e+00 1.667119736640986383e-03 0.000000000000000000e+00
1.994621088726594021e-02 2.185264332100473467e-02 0.000000000000000000e+00 2.634636978101306099e-04 0.000000000000000000e+00
8.080359662565752762e-03 1.306106187081739096e-02 0.000000000000000000e+00 5.483967884417960490e-04 0.000000000000000000e+00
3.335045446416252078e-03 7.851422633332537718e-03 0.000000000000000000e+00 4.540020648999731532e-04 0.000000000000000000e+00
7.248747913101145739e-04 3.858026011274844850e-03 0.000000000000000000e+00 0.000000000000000000e+00 0.000000000000000000e+00
6.450062838149695161e-05 6.632974107296991419e-04 0.000000000000000000e+00 0.000000000000000000e+00 6.427515252278273757e-05
4.650530841630504380e-05 2.420227384413784063e-04 0.000000000000000000e+00 0.000000000000000000e+00 0.000000000000000000e+00
0.000000000000000000e+00 0.000000000000000000e+00 0.000000000000000000e+00 0.000000000000000000e+00 0.000000000000000000e+00
0.000000000000000000e+00 0.000000000000000000e+00 0.000000000000000000e+00 0.000000000000000000e+00 0.000000000000000000e+00
0.000000000000000000e+00 0.000000000000000000e+00 0.000000000000000000e+00 0.000000000000000000e+00 0.000000000000000000e+00
1.198169054595264141e-04 1.018234597384183356e-05 1.176625586738744854e-05 0.000000000000000000e+00 6.636809542936239557e-05
6.581812767063004296e-04 1.566638014052734425e-04 0.000000000000000000e+00 0.000000000000000000e+00 0.000000000000000000e+00
3.231323901192398838e-03 9.016791135411039932e-04 0.000000000000000000e+00 0.000000000000000000e+00 0.000000000000000000e+00
4.709755604525316455e-03 2.281193895390960531e-03 0.000000000000000000e+00 0.000000000000000000e+00 0.000000000000000000e+00
5.873835199762349017e-03 3.461256031456850374e-03 0.000000000000000000e+00 0.000000000000000000e+00 0.000000000000000000e+00
5.318781460366587589e-03 6.991649198929161292e-03 0.000000000000000000e+00 1.113488763644355801e-03 2.255664781017002805e-04
5.231863719725110030e-03 1.451311035035094017e-02 0.000000000000000000e+00 2.348667897681214981e-03 3.952758270998743746e-04
4.241026888000977609e-03 2.686622392642545876e-02 0.000000000000000000e+00 3.241397823077274767e-03 1.059329086659586755e-03
4.241781585736174864e-03 4.585020367842400357e-02 0.000000000000000000e+00 2.322913433852654991e-03 6.420332361204311201e-03
6.732231125682796614e-03 7.836095121944731956e-02 0.000000000000000000e+00 0.000000000000000000e+00 2.831300139373377212e-02
6.719836745817539536e-03 1.164075160603055270e-01 0.000000000000000000e+00 0.000000000000000000e+00 7.779918189625956160e-02
0.000000000000000000e+00 1.326734192390968681e-01 3.143961988771679789e-02 0.000000000000000000e+00 1.184552136391391064e-01
0.000000000000000000e+00 9.620782424574464420e-02 1.182298626806775471e-01 0.000000000000000000e+00 1.068317642153231439e-01
0.000000000000000000e+00 1.428336184698833153e-02 1.443972144195431739e-01 7.744600912989391128e-02 6.808062495873357101e-02
2.875271331670671560e-02 0.000000000000000000e+00 8.191046856767662809e-02 1.406460865576842356e-01 2.159350537737829770e-02
9.599710437297420684e-02 0.000000000000000000e+00 4.948636196350182171e-04 1.215032815796376342e-01 0.000000000000000000e+00
1.164008530056890173e-01 1.769424604781109911e-02 0.000000000000000000e+00 5.075646460831954171e-02 0.000000000000000000e+00
7.246469008249860344e-02 2.596028566553351333e-02 0.000000000000000000e+00 9.013937206325666265e-03 0.000000000000000000e+00
3.258742878036921531e-02 1.891506966664392025e-02 0.000000000000000000e+00 7.156018301537346625e-04 0.000000000000000000e+00
1.238747104679939481e-02 1.136165454415931017e-02 0.000000000000000000e+00 4.474140020935147427e-04 0.000000000000000000e+00
3.821273229648366760e-03 6.457188569081303772e-03 0.000000000000000000e+00 3.172527245413283192e-04 0.000000000000000000e+00
9.545397723551590123e-04 3.543198178095880065e-03 0.000000000000000000e+00 3.440685333812143584e-04 0.000000000000000000e+00
1.667627953830693713e-04 1.902069760750636036e-03 0.000000000000000000e+00 2.358097975850009386e-05 0.000000000000000000e+00
4.059521871104362000e-05 2.760883177587021261e-04 0.000000000000000000e+00 0.000000000000000000e+00 3.495978727631116799e-05
4.164823845924730091e-05 1.781310196510828368e-04 0.000000000000000000e+00 0.000000000000000000e+00 0.000000000000000000e+00
0.000000000000000000e+00 0.000000000000000000e+00 0.000000000000000000e+00 0.000000000000000000e+00 0.000000000000000000e+00
0.000000000000000000e+00 0.000000000000000000e+00 0.000000000000000000e+00 0.000000000000000000e+00 0.000000000000000000e+00
0.000000000000000000e+00 1.174201116822383718e-05 3.696389353304422486e-05 1.428013348805801012e-05 0.000000000000000000e+00
9.663142960944032462e-05 4.719726172426074899e-05 0.000000000000000000e+00 0.000000000000000000e+00 7.768683275252518229e-05
2.842909424429859873e-04 8.049742419760895642e-06 4.563367979222812568e-05 0.000000000000000000e+00 0.000000000000000000e+00
1.376166773697586531e-03 5.669121570741033267e-04 0.000000000000000000e+00 0.000000000000000000e+00 0.000000000000000000e+00
2.027159812186156602e-03 9.989121794309269511e-04 0.000000000000000000e+00 0.000000000000000000e+00 6.654140971201570999e-05
2.567556526450771783e-03 2.095908035434854762e-03 0.000000000000000000e+00 0.000000000000000000e+00 7.732534641401738091e-05
1.798000427937877527e-03 3.984363011122090542e-03 0.000000000000000000e+00 3.336976454887875701e-04 9.073699366048034723e-04
2.489537153426088240e-03 8.949848418464424402e-03 0.000000000000000000e+00 6.172620263897272497e-04 2.252693714724026981e-03
2.412063308005120421e-03 1.973430485513686522e-02 0.000000000000000000e+00 8.920166948810867320e-04 8.590775357930976672e-03
3.789777169839626987e-03 4.305274680831393946e-02 0.000000000000000000e+00 0.000000000000000000e+00 2.765493682908410147e-02
5.187790373666584069e-03 6.949991992628509752e-02 0.000000000000000000e+00 0.000000000000000000e+00 7.313402123884063522e-02
2.599278400696865450e-03 9.200730988397859411e-02 0.000000000000000000e+00 0.000000000000000000e+00 1.252155442349086323e-01
0.000000000000000000e+00 8.488861699713318165e-02 8.529701289105676154e-02 0.000000000000000000e+00 1.246258402161664613e-01
0.000000000000000000e+00 4.117998758532075837e-02 1.542214438343925687e-01 1.739170337935621452e-02 7.766906983649690677e-02
0.000000000000000000e+00 0.000000000000000000e+00 1.310052843014111179e-01 1.051809361171281848e-01 2.145899444496413011e-02
4.870886176572247067e-02 0.000000000000000000e+00 3.901412488430777009e-02 1.455203515707482742e-01 0.000000000000000000e+00
1.001633593876188888e-01 0.000000000000000000e+00 0.000000000000000000e+00 1.016122045777490823e-01 0.000000000000000000e+00
9.918458122304708857e-02 1.556515085435415495e-02 0.000000000000000000e+00 3.402742611990491883e-02 0.000000000000000000e+00
5.474034273090420954e-02 1.665575001890774731e-02 0.000000000000000000e+00 3.842751076549179474e-03 0.000000000000000000e+00
2.249216013307037479e-02 1.015403491740456306e-02 0.000000000000000000e+00 0.000000000000000000e+00 0.000000000000000000e+00
7.065055961623597364e-03 5.121173961971909813e-03 0.000000000000000000e+00 0.000000000000000000e+00 0.000000000000000000e+00
9.058953972355778591e-04 2.019503541589722471e-03 0.000000000000000000e+00 3.383554590620655236e-04 3.936521627540442552e-05
6.136889789162866917e-05 9.391842990332698515e-04 0.000000000000000000e+00 2.983234247728163368e-04 8.286745884618773453e-05
0.000000000000000000e+00 9.583627939826456187e-04 0.000000000000000000e+00 1.711897723764307748e-04 2.336957306047253099e-04
0.000000000000000000e+00 1.794046705058060818e-05 0.000000000000000000e+00 4.880377792222738128e-06 1.490907414027052580e-04
0.000000000000000000e+00 0.000000000000000000e+00 0.000000000000000000e+00 0.000000000000000000e+00 0.000000000000000000e+00
0.000000000000000000e+00 0.000000000000000000e+00 0.000000000000000000e+00 0.000000000000000000e+00 0.000000000000000000e+00
0.000000000000000000e+00 0.000000000000000000e+00 0.000000000000000000e+00 0.000000000000000000e+00 0.000000000000000000e+00
0.000000000000000000e+00 0.000000000000000000e+00 1.904333154343497940e-05 7.889301319125387369e-06 0.000000000000000000e+00
4.983792063209218985e-06 2.931790509172382868e-06 0.000000000000000000e+00 0.000000000000000000e+00 2.286064349821801713e-06
1.330251323620349553e-04 0.000000000000000000e+00 2.573991375290276152e-05 0.000000000000000000e+00 0.000000000000000000e+00
7.063489802345501939e-04 1.539433615670621517e-04 0.000000000000000000e+00 0.000000000000000000e+00 0.000000000000000000e+00
1.072547244756711076e-03 6.405887760048404505e-04 0.000000000000000000e+00 0.000000000000000000e+00 6.784640950791447675e-05
1.100983336283427143e-03 1.499991663726101421e-03 0.000000000000000000e+00 0.000000000000000000e+00 3.906778808558120379e-04
1.138089016873207156e-03 4.656898523756304413e-03 0.000000000000000000e+00 0.000000000000000000e+00 2.123928197622004885e-03
2.479035888543418189e-03 1.103957180852413282e-02 0.000000000000000000e+00 0.000000000000000000e+00 7.319193702240020354e-03
4.459641817561416435e-03 2.514814960802656124e-02 0.000000000000000000e+00 0.000000000000000000e+00 2.409667520733089000e-02
4.620677257657210789e-03 4.383791800709783970e-02 0.000000000000000000e+00 0.000000000000000000e+00 6.603986198188667445e-02
3.972545156760756355e-03 5.978654320977362657e-02 0.000000000000000000e+00 0.000000000000000000e+00 1.213486503570848640e-01
0.000000000000000000e+00 6.251122658017559119e-02 4.228544566525004739e-02 0.000000000000000000e+00 1.420796246630366966e-01
0.000000000000000000e+00 4.339396471632456925e-02 1.342375597456436087e-01 0.000000000000000000e+00 9.861440182898799367e-02
0.000000000000000000e+00 1.082474841901225407e-02 1.649241092436628808e-01 4.373674762103958030e-02 2.624319889546261608e-02
1.164640912502541356e-02 0.000000000000000000e+00 9.410198057907120939e-02 1.247121964856822834e-01 0.000000000000000000e+00
6.162953146642385222e-02 0.000000000000000000e+00 0.000000000000000000e+00 1.388054081907339476e-01 0.000000000000000000e+00
9.729070981433021736e-02 8.461055118698681404e-03 0.000000000000000000e+00 8.102365800585151212e-02 0.000000000000000000e+00
8.381003190112557011e-02 1.652409839766188701e-02 0.000000000000000000e+00 2.067188229947789641e-02 0.000000000000000000e+00
4.297417581360114119e-02 1.200127510470673682e-02 0.000000000000000000e+00 9.725353011105957249e-04 0.000000000000000000e+00
1.745442012396511075e-02 5.999531895971455669e-03 0.000000000000000000e+00 0.000000000000000000e+00 0.000000000000000000e+00
5.312718892707333530e-03 3.442470430208194581e-03 0.000000000000000000e+00 0.000000000000000000e+00 0.000000000000000000e+00
7.741592997304949392e-04 1.320694102664866487e-03 0.000000000000000000e+00 0.000000000000000000e+00 0.000000000000000000e+00
1.662732950153256032e-04 6.928332817411270769e-04 0.000000000000000000e+00 3.424473605609862559e-05 2.763358397268574421e-05
1.176272806354897041e-04 6.766774542019801577e-04 0.000000000000000000e+00 3.730462162666055412e-05 1.389095000808011177e-04
0.000000000000000000e+00 0.000000000000000000e+00 1.561610971810818365e-06 0.000000000000000000e+00 1.623008377823205559e-04
0.000000000000000000e+00 0.000000000000000000e+00 0.000000000000000000e+00 0.000000000000000000e+00 0.000000000000000000e+00
0.000000000000000000e+00 0.000000000000000000e+00 0.000000000000000000e+00 0.000000000000000000e+00 0.000000000000000000e+00
0.000000000000000000e+00 0.000000000000000000e+00 0.000000000000000000e+00 0.000000000000000000e+00 0.000000000000000000e+00
0.000000000000000000e+00 0.000000000000000000e+00 0.000000000000000000e+00 0.000000000000000000e+00 0.000000000000000000e+00
0.000000000000000000e+00 0.000000000000000000e+00 0.000000000000000000e+00 0.000000000000000000e+00 0.000000000000000000e+00
0.000000000000000000e+00 0.000000000000000000e+00 0.000000000000000000e+00 0.000000000000000000e+00 0.000000000000000000e+00
5.707668182466496933e-04 5.394519080155925480e-04 0.000000000000000000e+00 0.000000000000000000e+00 6.040828188861275481e-05
9.714427968688467202e-04 1.068791121530670869e-03 0.000000000000000000e+00 0.000000000000000000e+00 6.100260466163503776e-04
1.362564559300145830e-03 3.200196930483891096e-03 0.000000000000000000e+00 0.000000000000000000e+00 2.462988956955939560e-03
1.778906852909381379e-03 7.722427517150198123e-03 0.000000000000000000e+00 0.000000000000000000e+00 7.235527288260243210e-03
3.796026434612941643e-03 1.857306290363790538e-02 0.000000000000000000e+00 0.000000000000000000e+00 2.120663380850031435e-02
4.823490502230979617e-03 3.177126267534755716e-02 0.000000000000000000e+00 0.000000000000000000e+00 5.792682757172819968e-02
3.657721641126111464e-03 3.927257146879611222e-02 0.000000000000000000e+00 0.000000000000000000e+00 1.106384530838114694e-01
1.681024028228982233e-03 4.587332073752947020e-02 9.071209777180403583e-03 0.000000000000000000e+00 1.472752761674079314e-01
0.000000000000000000e+00 3.500338541010688392e-02 9.358813022202486231e-02 0.000000000000000000e+00 1.213554796455068030e-01
0.000000000000000000e+00 1.670536317486034927e-02 1.665113501717852551e-01 0.000000000000000000e+00 4.467147064505912202e-02
0.000000000000000000e+00 4.292596566780547060e-03 1.455425597727518505e-01 6.994393731262589509e-02 0.000000000000000000e+00
2.455761570069804264e-02 2.905665900147455256e-03 4.923591915545105779e-02 1.352085422215295596e-01 0.000000000000000000e+00
6.863421683994194722e-02 1.415154182654258103e-02 0.000000000000000000e+00 1.237477851276970187e-01 0.000000000000000000e+00
8.834401665998939390e-02 1.957134291909012891e-02 0.000000000000000000e+00 6.309774358179283393e-02 0.000000000000000000e+00
6.831714541210194558e-02 1.641917885617481462e-02 0.000000000000000000e+00 1.417864042465954814e-02 0.000000000000000000e+00
3.420183598868895003e-02 9.336206672289850197e-03 0.000000000000000000e+00 1.013586048385278987e-03 0.000000000000000000e+00
1.378146120778440259e-02 4.283367973550293063e-03 0.000000000000000000e+00 0.000000000000000000e+00 0.000000000000000000e+00
4.847450701220525765e-03 2.662966206385807000e-03 0.000000000000000000e+00 0.000000000000000000e+00 0.000000000000000000e+00
6.477766880360848927e-04 8.587304889231732550e-04 0.000000000000000000e+00 0.000000000000000000e+00 5.815032938398607336e-05
3.924053071310755172e-05 3.014544374125819486e-04 0.000000000000000000e+00 0.000000000000000000e+00 1.404871291261151943e-04
0.000000000000000000e+00 1.904949132327990165e-04 0.000000000000000000e+00 0.000000000000000000e+00 1.564042983375324826e-04
0.000000000000000000e+00 0.000000000000000000e+00 1.094410415901036801e-05 0.000000000000000000e+00 1.536127374251468444e-04
0.000000000000000000e+00 0.000000000000000000e+00 0.000000000000000000e+00 0.000000000000000000e+00 0.000000000000000000e+00
0.000000000000000000e+00 0.000000000000000000e+00 0.000000000000000000e+00 0.000000000000000000e+00 0.000000000000000000e+00
0.000000000000000000e+00 0.000000000000000000e+00 0.000000000000000000e+00 0.000000000000000000e+00 0.000000000000000000e+00
0.000000000000000000e+00 0.000000000000000000e+00 0.000000000000000000e+00 0.000000000000000000e+00 0.000000000000000000e+00
0.000000000000000000e+00 0.000000000000000000e+00 0.000000000000000000e+00 0.000000000000000000e+00 0.000000000000000000e+00
0.000000000000000000e+00 0.000000000000000000e+00 0.000000000000000000e+00 0.000000000000000000e+00 0.000000000000000000e+00
3.030381938434861789e-04 7.543604817950068115e-04 0.000000000000000000e+00 0.000000000000000000e+00 8.057534595619640942e-04
1.242010661019379413e-03 2.844779389382363997e-03 0.000000000000000000e+00 0.000000000000000000e+00 2.682869524647822634e-03
1.523472305487007976e-03 5.611148424183910917e-03 0.000000000000000000e+00 0.000000000000000000e+00 6.884501227986559654e-03
2.560644394542429918e-03 1.303561214587183395e-02 0.000000000000000000e+00 0.000000000000000000e+00 1.790540810005561423e-02
4.043172544143649669e-03 2.375049479255290572e-02 0.000000000000000000e+00 0.000000000000000000e+00 4.887387874160624424e-02
3.946461096160102516e-03 2.921453556106828192e-02 0.000000000000000000e+00 0.000000000000000000e+00 9.753084810940729210e-02
4.072105299259027623e-03 2.980268519656660564e-02 0.000000000000000000e+00 0.000000000000000000e+00 1.414579802829603883e-01
0.000000000000000000e+00 2.539484148914752590e-02 5.225639348873376694e-02 0.000000000000000000e+00 1.387950300136123472e-01
0.000000000000000000e+00 1.693665215917111028e-02 1.364859857524776954e-01 0.000000000000000000e+00 7.416117102547115092e-02
0.000000000000000000e+00 8.036989337394733271e-03 1.704367424769533679e-01 1.349960669668258048e-02 0.000000000000000000e+00
4.585106862418400833e-03 1.203523535718751571e-02 1.073009008162110756e-01 9.035177727910544132e-02 0.000000000000000000e+00
3.397476969466249608e-02 2.058181952779897933e-02 1.298864759380119818e-02 1.334394106097088195e-01 0.000000000000000000e+00
6.766474689720815283e-02 2.880224547969601964e-02 0.000000000000000000e+00 1.074574882356312128e-01 0.000000000000000000e+00
7.671135637310544375e-02 2.396114673616562760e-02 0.000000000000000000e+00 4.998081917179733602e-02 0.000000000000000000e+00
5.670271604130388415e-02 1.606989347569774337e-02 0.000000000000000000e+00 1.175518622936886325e-02 0.000000000000000000e+00
2.870554902245012543e-02 8.372395747868655383e-03 0.000000000000000000e+00 1.733681791051695006e-03 0.000000000000000000e+00
1.187515493210929141e-02 3.663481472795079678e-03 0.000000000000000000e+00 0.000000000000000000e+00 0.000000000000000000e+00
4.450572031951510743e-03 2.371910883767266044e-03 0.000000000000000000e+00 0.000000000000000000e+00 0.000000000000000000e+00
4.821138363786891222e-04 6.862755520245218763e-04 0.000000000000000000e+00 0.000000000000000000e+00 1.790602893377972482e-04
0.000000000000000000e+00 1.321111528497797584e-04 0.000000000000000000e+00 0.000000000000000000e+00 1.618976775572188392e-04
5.106265792828006014e-05 3.985482589038765616e-05 4.979623545994429624e-05 0.000000000000000000e+00 5.941444853395566795e-05
0.000000000000000000e+00 0.000000000000000000e+00 6.895072439300798268e-06 0.000000000000000000e+00 7.356449708924750648e-05
0.000000000000000000e+00 0.000000000000000000e+00 0.000000000000000000e+00 0.000000000000000000e+00 0.000000000000000000e+00
0.000000000000000000e+00 0.000000000000000000e+00 0.000000000000000000e+00 0.000000000000000000e+00 0.000000000000000000e+00
0.000000000000000000e+00 0.000000000000000000e+00 0.000000000000000000e+00 0.000000000000000000e+00 0.000000000000000000e+00
0.000000000000000000e+00 0.000000000000000000e+00 0.000000000000000000e+00 0.000000000000000000e+00 0.000000000000000000e+00
0.000000000000000000e+00 0.000000000000000000e+00 0.000000000000000000e+00 0.000000000000000000e+00 0.000000000000000000e+00
3.100665324855314531e-05 5.775368027611138300e-05 0.000000000000000000e+00 0.000000000000000000e+00 8.015776662792272248e-05
6.955325012361346371e-04 1.510161776566291839e-03 0.000000000000000000e+00 0.000000000000000000e+00 1.756411250764959835e-03
1.383580015343482700e-03 4.347752847182441253e-03 0.000000000000000000e+00 0.000000000000000000e+00 5.746982916703653396e-03
1.936435973244062404e-03 8.757037539148833719e-03 0.000000000000000000e+00 0.000000000000000000e+00 1.498607181467512782e-02
2.592186187144978129e-03 1.675635297574782495e-02 0.000000000000000000e+00 0.000000000000000000e+00 3.933529026198192419e-02
1.707714217458517923e-03 2.033903222409027406e-02 0.000000000000000000e+00 1.410795149704477825e-03 8.105207046741984278e-02
2.281772135376868623e-03 1.928534909771719569e-02 0.000000000000000000e+00 0.000000000000000000e+00 1.260944840569128977e-01
1.618563991238081362e-03 1.653324018196313666e-02 1.906701709283527280e-02 0.000000000000000000e+00 1.438618177310365676e-01
0.000000000000000000e+00 9.881441710330762448e-03 9.538383627159814637e-02 0.000000000000000000e+00 1.025455941386914233e-01
0.000000000000000000e+00 6.710287574285033266e-03 1.585879653828613511e-01 0.000000000000000000e+00 2.380863440681595111e-02
0.000000000000000000e+00 1.125008528667568834e-02 1.495882875000648649e-01 3.315929458855118583e-02 0.000000000000000000e+00
9.506760930877688684e-03 2.432217911129320662e-02 6.927453609616097963e-02 1.005790079750885913e-01 0.000000000000000000e+00
3.545809316641163056e-02 3.187558630657408992e-02 0.000000000000000000e+00 1.266341016272576059e-01 0.000000000000000000e+00
6.150352319442407151e-02 3.387644607351238818e-02 0.000000000000000000e+00 9.258094634544854207e-02 0.000000000000000000e+00
6.722607476620638678e-02 2.465171624879650830e-02 0.000000000000000000e+00 4.310973604871724124e-02 0.000000000000000000e+00
4.803670369818924951e-02 1.424217307132352728e-02 0.000000000000000000e+00 1.196029025818235760e-02 0.000000000000000000e+00
2.541578082273895228e-02 7.592973832209447445e-03 0.000000000000000000e+00 2.647202860034939941e-03 0.000000000000000000e+00
1.136374702258096184e-02 3.145621200072174026e-03 0.000000000000000000e+00 2.634791943563195610e-04 0.000000000000000000e+00
3.618377306323547135e-03 1.323222797679836013e-03 0.000000000000000000e+00 0.000000000000000000e+00 0.000000000000000000e+00
4.909698261048296795e-04 1.574879801597976639e-04 0.000000000000000000e+00 0.000000000000000000e+00 2.147210931895001632e-04
0.000000000000000000e+00 0.000000000000000000e+00 9.907940879893729230e-05 3.145654035446628901e-05 1.196566277648123089e-04
5.664883006981267323e-05 0.000000000000000000e+00 7.343976171629008583e-05 0.000000000000000000e+00 9.123734183901300237e-06
0.000000000000000000e+00 0.000000000000000000e+00 1.457494987169297476e-06 0.000000000000000000e+00 1.555021889691401095e-05
0.000000000000000000e+00 0.000000000000000000e+00 0.000000000000000000e+00 0.000000000000000000e+00 0.000000000000000000e+00
0.000000000000000000e+00 0.000000000000000000e+00 0.000000000000000000e+00 0.000000000000000000e+00 0.000000000000000000e+00
0.000000000000000000e+00 0.000000000000000000e+00 0.000000000000000000e+00 0.000000000000000000e+00 0.000000000000000000e+00
0.000000000000000000e+00 0.000000000000000000e+00 0.000000000000000000e+00 0.000000000000000000e+00 0.000000000000000000e+00
9.655969972922941801e-06 0.000000000000000000e+00 0.000000000000000000e+00 8.681850554732326727e-06 4.392665564918797638e-05
3.051289071327702572e-05 2.838703644222344454e-04 0.000000000000000000e+00 0.000000000000000000e+00 3.169604644629102721e-04
6.053281137038488829e-04 1.731043748361008831e-03 0.000000000000000000e+00 0.000000000000000000e+00 2.923152205397989024e-03
1.626226603023907431e-03 4.983800162654509688e-03 0.000000000000000000e+00 0.000000000000000000e+00 8.852056288265774606e-03
2.074798881470903307e-03 8.899359622437425302e-03 0.000000000000000000e+00 0.000000000000000000e+00 2.487937527990150000e-02
1.021055838542263066e-03 1.364062250693595484e-02 0.000000000000000000e+00 1.716056610839165582e-03 5.857541604691796078e-02
6.919876262944976274e-04 1.227169683931645348e-02 0.000000000000000000e+00 1.358800032810238969e-03 1.010378647632129701e-01
0.000000000000000000e+00 6.262267712800415227e-03 0.000000000000000000e+00 0.000000000000000000e+00 1.352018180213389598e-01
0.000000000000000000e+00 3.374827934484363537e-04 5.108771002025171148e-02 0.000000000000000000e+00 1.230126656795513945e-01
0.000000000000000000e+00 0.000000000000000000e+00 1.222886250729735419e-01 0.000000000000000000e+00 6.068865269907670196e-02
0.000000000000000000e+00 0.000000000000000000e+00 1.556602896857094687e-01 0.000000000000000000e+00 0.000000000000000000e+00
0.000000000000000000e+00 1.033071017122044223e-02 1.196415764065578285e-01 4.998948551109712313e-02 0.000000000000000000e+00
1.106659329828217110e-02 2.574616574205704569e-02 4.226714066725493352e-02 1.038205469016633270e-01 0.000000000000000000e+00
3.209275824086518097e-02 3.325115978925811261e-02 0.000000000000000000e+00 1.162794052235904124e-01 0.000000000000000000e+00
5.388736416116821776e-02 3.070629686979909137e-02 0.000000000000000000e+00 8.267349186790413917e-02 0.000000000000000000e+00
5.704175207547548809e-02 2.284308788411679864e-02 0.000000000000000000e+00 3.993642339933128199e-02 0.000000000000000000e+00
4.030437281372781233e-02 1.198343690683437678e-02 0.000000000000000000e+00 1.269791528017727954e-02 0.000000000000000000e+00
2.339245354906226496e-02 7.269580531606203815e-03 0.000000000000000000e+00 4.393865841625340003e-03 0.000000000000000000e+00
9.669439147593061196e-03 3.020953172637242442e-03 0.000000000000000000e+00 1.644168660106933846e-03 0.000000000000000000e+00
4.426910844723384170e-03 1.152887145473692780e-03 0.000000000000000000e+00 0.000000000000000000e+00 0.000000000000000000e+00
8.971593574218685984e-04 1.849745011261067515e-04 0.000000000000000000e+00 0.000000000000000000e+00 0.000000000000000000e+00
7.451840536894103456e-06 6.549110646239308725e-05 0.000000000000000000e+00 0.000000000000000000e+00 3.639546394618398085e-05
6.035231157334873298e-05 0.000000000000000000e+00 8.737833266130914640e-05 0.000000000000000000e+00 0.000000000000000000e+00
0.000000000000000000e+00 0.000000000000000000e+00 0.000000000000000000e+00 0.000000000000000000e+00 0.000000000000000000e+00
0.000000000000000000e+00 0.000000000000000000e+00 0.000000000000000000e+00 0.000000000000000000e+00 0.000000000000000000e+00
0.000000000000000000e+00 0.000000000000000000e+00 0.000000000000000000e+00 0.000000000000000000e+00 0.000000000000000000e+00
0.000000000000000000e+00 0.000000000000000000e+00 0.000000000000000000e+00 0.000000000000000000e+00 0.000000000000000000e+00
0.000000000000000000e+00 0.000000000000000000e+00 0.000000000000000000e+00 0.000000000000000000e+00 0.000000000000000000e+00
0.000000000000000000e+00 0.000000000000000000e+00 0.000000000000000000e+00 0.000000000000000000e+00 0.000000000000000000e+00
0.000000000000000000e+00 3.727983857992405673e-04 0.000000000000000000e+00 0.000000000000000000e+00 3.559607996234277478e-04
3.828999904211605253e-04 1.744154060242229754e-03 0.000000000000000000e+00 0.000000000000000000e+00 1.948730174510611337e-03
7.398115864112766830e-04 2.737630654583405286e-03 0.000000000000000000e+00 3.629735488275937731e-04 8.980920378151454470e-03
1.744475590573779005e-03 3.797713587869462615e-03 0.000000000000000000e+00 1.108513602788033453e-03 2.789098648523928928e-02
1.012321196717887693e-03 4.199570174217183774e-03 0.000000000000000000e+00 2.294834087946384486e-03 5.952210738423405895e-02
0.000000000000000000e+00 0.000000000000000000e+00 0.000000000000000000e+00 7.046798468482066242e-04 9.883912690261172085e-02
0.000000000000000000e+00 0.000000000000000000e+00 1.165114711125628082e-02 0.000000000000000000e+00 1.154590110007269327e-01
0.000000000000000000e+00 0.000000000000000000e+00 6.805036499714656184e-02 0.000000000000000000e+00 8.709608468931842595e-02
0.000000000000000000e+00 0.000000000000000000e+00 1.211236462810962450e-01 0.000000000000000000e+00 2.801933237140294408e-02
0.000000000000000000e+00 0.000000000000000000e+00 1.316847325108362332e-01 1.140332571712051463e-02 0.000000000000000000e+00
0.000000000000000000e+00 0.000000000000000000e+00 8.900400696720162097e-02 5.872172616502823600e-02 0.000000000000000000e+00
7.210087094573999246e-03 4.717131427089606144e-03 2.506001858576429805e-02 9.880334583389091541e-02 0.000000000000000000e+00
2.477365119322776088e-02 1.641174063676864581e-02 0.000000000000000000e+00 1.006752252656782920e-01 0.000000000000000000e+00
4.256886269825479324e-02 1.714865495767835604e-02 0.000000000000000000e+00 7.006629357097357569e-02 0.000000000000000000e+00
4.515568767386323595e-02 1.439323340293050674e-02 0.000000000000000000e+00 3.411709953851550792e-02 0.000000000000000000e+00
3.313454135843620779e-02 8.732954582195582779e-03 0.000000000000000000e+00 1.281925670441658519e-02 0.000000000000000000e+00
2.119077892994288351e-02 5.462203004292271943e-03 0.000000000000000000e+00 5.253546933451583821e-03 0.000000000000000000e+00
9.597626071379299767e-03 2.169490816637817312e-03 0.000000000000000000e+00 1.820241438161758181e-03 0.000000000000000000e+00
4.731356962757971366e-03 1.041140247664468655e-03 0.000000000000000000e+00 1.482221081612245428e-04 0.000000000000000000e+00
1.634135939129822837e-03 3.616292683305876517e-04 0.000000000000000000e+00 0.000000000000000000e+00 0.000000000000000000e+00
2.075242502582334619e-04 5.770271372540068422e-05 0.000000000000000000e+00 0.000000000000000000e+00 0.000000000000000000e+00
5.002173571845108081e-05 0.000000000000000000e+00 7.242168112468832478e-05 0.000000000000000000e+00 0.000000000000000000e+00
0.000000000000000000e+00 0.000000000000000000e+00 0.000000000000000000e+00 0.000000000000000000e+00 0.000000000000000000e+00
0.000000000000000000e+00 0.000000000000000000e+00 0.000000000000000000e+00 0.000000000000000000e+00 0.000000000000000000e+00
0.000000000000000000e+00 0.000000000000000000e+00 0.000000000000000000e+00 0.000000000000000000e+00 0.000000000000000000e+00
0.000000000000000000e+00 0.000000000000000000e+00 0.000000000000000000e+00 0.000000000000000000e+00 0.000000000000000000e+00
0.000000000000000000e+00 0.000000000000000000e+00 0.000000000000000000e+00 0.000000000000000000e+00 0.000000000000000000e+00
0.000000000000000000e+00 0.000000000000000000e+00 0.000000000000000000e+00 0.000000000000000000e+00 0.000000000000000000e+00
0.000000000000000000e+00 0.000000000000000000e+00 0.000000000000000000e+00 0.000000000000000000e+00 0.000000000000000000e+00
1.028265663100146239e-04 3.252850096173293126e-04 0.000000000000000000e+00 0.000000000000000000e+00 4.345879183836469676e-04
2.924972407457260499e-04 2.403713602268536830e-04 0.000000000000000000e+00 1.974213773272782339e-04 4.062020209846309987e-03
1.769801402143717298e-03 0.000000000000000000e+00 0.000000000000000000e+00 6.167414097113897839e-04 1.506911918025564782e-02
2.018119059241754373e-03 0.000000000000000000e+00 0.000000000000000000e+00 1.423729535764067756e-03 3.202312733073486850e-02
1.787182134540490517e-03 0.000000000000000000e+00 0.000000000000000000e+00 1.744100812633721018e-05 5.365738341780668108e-02
0.000000000000000000e+00 0.000000000000000000e+00 1.884761155372267211e-02 0.000000000000000000e+00 5.802840424264257141e-02
0.000000000000000000e+00 0.000000000000000000e+00 5.207006641355905324e-02 0.000000000000000000e+00 3.813774911254624866e-02
0.000000000000000000e+00 0.000000000000000000e+00 7.839702597529910055e-02 0.000000000000000000e+00 7.330284644699839799e-03
0.000000000000000000e+00 0.000000000000000000e+00 7.672224129472544896e-02 1.492358503557671308e-02 0.000000000000000000e+00
0.000000000000000000e+00 0.000000000000000000e+00 4.691775114145727704e-02 4.414733587482074645e-02 0.000000000000000000e+00
7.767328231887658807e-03 0.000000000000000000e+00 9.738008807907391415e-03 6.637331924847246489e-02 0.000000000000000000e+00
1.808494851126557154e-02 0.000000000000000000e+00 0.000000000000000000e+00 6.403822016216685620e-02 0.000000000000000000e+00
2.761301332962017713e-02 0.000000000000000000e+00 0.000000000000000000e+00 4.330105801384756536e-02 0.000000000000000000e+00
2.860670432561565266e-02 2.940611198432108511e-03 0.000000000000000000e+00 2.058954372089717710e-02 0.000000000000000000e+00
2.238367000000424101e-02 3.288886014825500182e-03 0.000000000000000000e+00 7.936456285295011293e-03 0.000000000000000000e+00
1.572883545582535667e-02 2.467166113563665220e-03 0.000000000000000000e+00 3.094662805183416663e-03 0.000000000000000000e+00
6.592081179862365956e-03 1.186690927589619925e-03 0.000000000000000000e+00 5.022535760506023237e-04 0.000000000000000000e+00
3.431694992006384479e-03 6.158703081419280136e-04 0.000000000000000000e+00 0.000000000000000000e+00 0.000000000000000000e+00
1.643201251073913346e-03 3.261878828257550175e-04 0.000000000000000000e+00 0.000000000000000000e+00 0.000000000000000000e+00
2.793796664217108481e-04 7.601177617543235872e-05 0.000000000000000000e+00 0.000000000000000000e+00 0.000000000000000000e+00
0.000000000000000000e+00 0.000000000000000000e+00 0.000000000000000000e+00 0.000000000000000000e+00 0.000000000000000000e+00
0.000000000000000000e+00 0.000000000000000000e+00 0.000000000000000000e+00 0.000000000000000000e+00 0.000000000000000000e+00
0.000000000000000000e+00 0.000000000000000000e+00 0.000000000000000000e+00 0.000000000000000000e+00 0.000000000000000000e+00
0.000000000000000000e+00 0.000000000000000000e+00 0.000000000000000000e+00 0.000000000000000000e+00 0.000000000000000000e+00
0.000000000000000000e+00 0.000000000000000000e+00 0.000000000000000000e+00 0.000000000000000000e+00 0.000000000000000000e+00
0.000000000000000000e+00 0.000000000000000000e+00 0.000000000000000000e+00 0.000000000000000000e+00 0.000000000000000000e+00
0.000000000000000000e+00 0.000000000000000000e+00 0.000000000000000000e+00 0.000000000000000000e+00 0.000000000000000000e+00
0.000000000000000000e+00 0.000000000000000000e+00 0.000000000000000000e+00 0.000000000000000000e+00 0.000000000000000000e+00
5.733254637162392122e-05 4.795975226001209429e-05 0.000000000000000000e+00 0.000000000000000000e+00 5.674072594964921896e-05
3.840244140245822587e-04 7.832529357803942149e-05 0.000000000000000000e+00 0.000000000000000000e+00 2.338068729139776230e-04
5.781945353623712701e-04 0.000000000000000000e+00 0.000000000000000000e+00 0.000000000000000000e+00 5.509294749218087177e-04
1.081893913061407302e-03 0.000000000000000000e+00 0.000000000000000000e+00 0.000000000000000000e+00 1.416039712251761706e-03
2.190691564539753305e-03 0.000000000000000000e+00 3.817353938787060893e-04 0.000000000000000000e+00 1.637486616917731589e-03
2.202064095790154993e-03 0.000000000000000000e+00 1.518903325632632671e-03 0.000000000000000000e+00 1.729527752687642049e-03
2.396692195031364936e-03 0.000000000000000000e+00 3.895996394899819536e-03 0.000000000000000000e+00 9.062563781724100858e-04
3.395686379231914725e-03 0.000000000000000000e+00 6.210954795471000135e-03 0.000000000000000000e+00 0.000000000000000000e+00
6.302161638811788757e-03 0.000000000000000000e+00 6.473103032093795520e-03 7.545320492587389389e-04 0.000000000000000000e+00
8.267008550092455263e-03 0.000000000000000000e+00 3.462492758131392474e-03 3.997955589431488078e-03 0.000000000000000000e+00
1.142582509567091793e-02 0.000000000000000000e+00 0.000000000000000000e+00 8.408459090566318406e-03 0.000000000000000000e+00
1.137731639443801193e-02 0.000000000000000000e+00 0.000000000000000000e+00 9.222721363186841409e-03 0.000000000000000000e+00
1.154413026149534761e-02 0.000000000000000000e+00 0.000000000000000000e+00 5.575228922818050055e-03 0.000000000000000000e+00
1.051484045033517639e-02 3.969336545423345335e-04 0.000000000000000000e+00 1.861900678429391325e-03 0.000000000000000000e+00
8.113303095210589941e-03 8.755020589028309711e-04 0.000000000000000000e+00 2.128382760358856884e-04 0.000000000000000000e+00
4.299388932905479771e-03 6.764513767799946878e-04 0.000000000000000000e+00 0.000000000000000000e+00 0.000000000000000000e+00
1.785137671335684101e-03 2.999955670132856654e-04 0.000000000000000000e+00 0.000000000000000000e+00 0.000000000000000000e+00
7.213302026978411037e-04 2.147470396855993390e-04 0.000000000000000000e+00 0.000000000000000000e+00 0.000000000000000000e+00
7.613674395549884259e-04 2.057335942225241494e-04 0.000000000000000000e+00 0.000000000000000000e+00 0.000000000000000000e+00
1.305377954700996895e-04 2.861128434898638125e-05 0.000000000000000000e+00 0.000000000000000000e+00 0.000000000000000000e+00
0.000000000000000000e+00 0.000000000000000000e+00 0.000000000000000000e+00 0.000000000000000000e+00 0.000000000000000000e+00
0.000000000000000000e+00 0.000000000000000000e+00 0.000000000000000000e+00 0.000000000000000000e+00 0.000000000000000000e+00
0.000000000000000000e+00 0.000000000000000000e+00 0.000000000000000000e+00 0.000000000000000000e+00 0.000000000000000000e+00
0.000000000000000000e+00 0.000000000000000000e+00 0.000000000000000000e+00 0.000000000000000000e+00 0.000000000000000000e+00
