111.72820663452148
0.000000000000000000e+00 0.000000000000000000e+00 0.000000000000000000e+00 0.000000000000000000e+00 0.000000000000000000e+00
0.000000000000000000e+00 0.000000000000000000e+00 0.000000000000000000e+00 0.000000000000000000e+00 0.000000000000000000e+00
0.000000000000000000e+00 0.000000000000000000e+00 0.000000000000000000e+00 0.000000000000000000e+00 0.000000000000000000e+00
0.000000000000000000e+00 0.000000000000000000e+00 0.000000000000000000e+00 0.000000000000000000e+00 0.000000000000000000e+00
0.000000000000000000e+00 0.000000000000000000e+00 0.000000000000000000e+00 0.000000000000000000e+00 0.000000000000000000e+00
0.000000000000000000e+00 0.000000000000000000e+00 0.000000000000000000e+00 0.000000000000000000e+00 0.000000000000000000e+00
0.000000000000000000e+00 0.000000000000000000e+00 0.000000000000000000e+00 0.000000000000000000e+00 0.000000000000000000e+00
0.000000000000000000e+00 0.000000000000000000e+00 0.000000000000000000e+00 0.000000000000000000e+00 0.000000000000000000e+00
0.000000000000000000e+00 0.000000000000000000e+00 0.000000000000000000e+00 0.000000000000000000e+00 0.000000000000000000e+00
0.000000000000000000e+00 0.000000000000000000e+00 0.000000000000000000e+00 0.000000000000000000e+00 0.000000000000000000e+00
0.000000000000000000e+00 0.000000000000000000e+00 0.000000000000000000e+00 0.000000000000000000e+00 0.000000000000000000e+00
0.000000000000000000e+00 0.000000000000000000e+00 0.000000000000000000e+00 0.000000000000000000e+00 0.000000000000000000e+00
0.000000000000000000e+00 0.000000000000000000e+00 0.000000000000000000e+00 0.000000000000000000e+00 0.000000000000000000e+00
0.000000000000000000e+00 0.000000000000000000e+00 0.000000000000000000e+00 0.000000000000000000e+00 0.000000000000000000e+00
0.000000000000000000e+00 0.000000000000000000e+00 0.000000000000000000e+00 0.000000000000000000e+00 0.000000000000000000e+00
0.000000000000000000e+00 0.000000000000000000e+00 0.000000000000000000e+00 0.000000000000000000e+00 0.000000000000000000e+00
0.000000000000000000e+00 0.000000000000000000e+00 0.000000000000000000e+00 0.000000000000000000e+00 0.000000000000000000e+00
0.000000000000000000e+00 0.000000000000000000e+00 0.000000000000000000e+00 0.000000000000000000e+00 0.000000000000000000e+00
0.000000000000000000e+00 0.000000000000000000e+00 0.000000000000000000e+00 0.000000000000000000e+00 0.000000000000000000e+00
0.000000000000000000e+00 0.000000000000000000e+00 0.000000000000000000e+00 0.000000000000000000e+00 0.000000000000000000e+00
0.000000000000000000e+00 0.000000000000000000e+00 0.000000000000000000e+00 0.000000000000000000e+00 0.000000000000000000e+00
0.000000000000000000e+00 0.000000000000000000e+00 0.000000000000000000e+00 0.000000000000000000e+00 0.000000000000000000e+00
0.000000000000000000e+00 0.000000000000000000e+00 0.000000000000000000e+00 0.000000000000000000e+00 0.000000000000000000e+00
0.000000000000000000e+00 0.000000000000000000e+00 0.000000000000000000e+00 0.000000000000000000e+00 0.000000000000000000e+00
0.000000000000000000e+00 0.000000000000000000e+00 0.000000000000000000e+00 0.000000000000000000e+00 0.000000000000000000e+00
0.000000000000000000e+00 0.000000000000000000e+00 0.000000000000000000e+00 0.000000000000000000e+00 0.000000000000000000e+00
0.000000000000000000e+00 0.000000000000000000e+00 0.000000000000000000e+00 0.000000000000000000e+00 0.000000000000000000e+00
0.000000000000000000e+00 0.000000000000000000e+00 0.000000000000000000e+00 0.000000000000000000e+00 0.000000000000000000e+00
0.000000000000000000e+00 0.000000000000000000e+00 0.000000000000000000e+00 0.000000000000000000e+00 0.000000000000000000e+00
0.000000000000000000e+00 0.000000000000000000e+00 0.000000000000000000e+00 0.000000000000000000e+00 0.000000000000000000e+00
0.000000000000000000e+00 0.000000000000000000e+00 0.000000000000000000e+00 0.000000000000000000e+00 0.000000000000000000e+00
0.000000000000000000e+00 0.000000000000000000e+00 0.000000000000000000e+00 0.000000000000000000e+00 0.000000000000000000e+00
0.000000000000000000e+00 0.000000000000000000e+00 0.000000000000000000e+00 0.000000000000000000e+00 0.000000000000000000e+00
0.000000000000000000e+00 0.000000000000000000e+00 0.000000000000000000e+00 0.000000000000000000e+00 0.000000000000000000e+00
0.000000000000000000e+00 0.000000000000000000e+00 0.000000000000000000e+00 0.000000000000000000e+00 0.000000000000000000e+00
0.000000000000000000e+00 0.000000000000000000e+00 0.000000000000000000e+00 0.000000000000000000e+00 0.000000000000000000e+00
0.000000000000000000e+00 0.000000000000000000e+00 0.000000000000000000e+00 0.000000000000000000e+00 0.000000000000000000e+00
0.000000000000000000e+00 0.000000000000000000e+00 0.000000000000000000e+00 0.000000000000000000e+00 0.000000000000000000e+00
0.000000000000000000e+00 0.000000000000000000e+00 0.000000000000000000e+00 0.000000000000000000e+00 0.000000000000000000e+00
0.000000000000000000e+00 0.000000000000000000e+00 0.000000000000000000e+00 0.000000000000000000e+00 0.000000000000000000e+00
0.000000000000000000e+00 0.000000000000000000e+00 0.000000000000000000e+00 0.000000000000000000e+00 0.000000000000000000e+00
0.000000000000000000e+00 0.000000000000000000e+00 0.000000000000000000e+00 0.000000000000000000e+00 0.000000000000000000e+00
0.000000000000000000e+00 0.000000000000000000e+00 0.000000000000000000e+00 0.000000000000000000e+00 0.000000000000000000e+00
0.000000000000000000e+00 0.000000000000000000e+00 0.000000000000000000e+00 0.000000000000000000e+00 0.000000000000000000e+00
0.000000000000000000e+00 0.000000000000000000e+00 0.000000000000000000e+00 0.000000000000000000e+00 0.000000000000000000e+00
0.000000000000000000e+00 0.000000000000000000e+00 0.000000000000000000e+00 0.000000000000000000e+00 0.000000000000000000e+00
0.000000000000000000e+00 0.000000000000000000e+00 0.000000000000000000e+00 0.000000000000000000e+00 0.000000000000000000e+00
0.000000000000000000e+00 0.000000000000000000e+00 0.000000000000000000e+00 0.000000000000000000e+00 0.000000000000000000e+00
0.000000000000000000e+00 0.000000000000000000e+00 0.000000000000000000e+00 0.000000000000000000e+00 0.000000000000000000e+00
0.000000000000000000e+00 0.000000000000000000e+00 0.000000000000000000e+00 0.000000000000000000e+00 0.000000000000000000e+00
0.000000000000000000e+00 0.000000000000000000e+00 0.000000000000000000e+00 0.000000000000000000e+00 0.000000000000000000e+00
0.000000000000000000e+00 0.000000000000000000e+00 0.000000000000000000e+00 0.000000000000000000e+00 0.000000000000000000e+00
0.000000000000000000e+00 0.000000000000000000e+00 0.000000000000000000e+00 0.000000000000000000e+00 0.000000000000000000e+00
0.000000000000000000e+00 0.000000000000000000e+00 0.000000000000000000e+00 0.000000000000000000e+00 0.000000000000000000e+00
0.000000000000000000e+00 0.000000000000000000e+00 0.000000000000000000e+00 0.000000000000000000e+00 0.000000000000000000e+00
0.000000000000000000e+00 0.000000000000000000e+00 0.000000000000000000e+00 0.000000000000000000e+00 0.000000000000000000e+00
0.000000000000000000e+00 0.000000000000000000e+00 0.000000000000000000e+00 0.000000000000000000e+00 0.000000000000000000e+00
0.000000000000000000e+00 0.000000000000000000e+00 0.000000000000000000e+00 0.000000000000000000e+00 0.000000000000000000e+00
0.000000000000000000e+00 0.000000000000000000e+00 0.000000000000000000e+00 0.000000000000000000e+00 0.000000000000000000e+00
0.000000000000000000e+00 0.000000000000000000e+00 0.000000000000000000e+00 0.000000000000000000e+00 0.000000000000000000e+00
0.000000000000000000e+00 0.000000000000000000e+00 0.000000000000000000e+00 0.000000000000000000e+00 0.000000000000000000e+00
0.000000000000000000e+00 0.000000000000000000e+00 0.000000000000000000e+00 0.000000000000000000e+00 0.000000000000000000e+00
0.000000000000000000e+00 0.000000000000000000e+00 0.000000000000000000e+00 0.000000000000000000e+00 0.000000000000000000e+00
0.000000000000000000e+00 0.000000000000000000e+00 0.000000000000000000e+00 0.000000000000000000e+00 0.000000000000000000e+00
0.000000000000000000e+00 0.000000000000000000e+00 0.000000000000000000e+00 0.000000000000000000e+00 0.000000000000000000e+00
0.000000000000000000e+00 0.000000000000000000e+00 0.000000000000000000e+00 0.000000000000000000e+00 0.000000000000000000e+00
0.000000000000000000e+00 0.000000000000000000e+00 0.000000000000000000e+00 0.000000000000000000e+00 0.000000000000000000e+00
0.000000000000000000e+00 0.000000000000000000e+00 0.000000000000000000e+00 0.000000000000000000e+00 0.000000000000000000e+00
0.000000000000000000e+00 0.000000000000000000e+00 0.000000000000000000e+00 0.000000000000000000e+00 0.000000000000000000e+00
0.000000000000000000e+00 0.000000000000000000e+00 0.000000000000000000e+00 0.000000000000000000e+00 0.000000000000000000e+00
0.000000000000000000e+00 0.000000000000000000e+00 0.000000000000000000e+00 0.000000000000000000e+00 0.000000000000000000e+00
0.000000000000000000e+00 0.000000000000000000e+00 0.000000000000000000e+00 0.000000000000000000e+00 0.000000000000000000e+00
0.000000000000000000e+00 0.000000000000000000e+00 0.000000000000000000e+00 0.000000000000000000e+00 0.000000000000000000e+00
0.000000000000000000e+00 0.000000000000000000e+00 0.000000000000000000e+00 0.000000000000000000e+00 0.000000000000000000e+00
0.000000000000000000e+00 0.000000000000000000e+00 0.000000000000000000e+00 0.000000000000000000e+00 0.000000000000000000e+00
0.000000000000000000e+00 0.000000000000000000e+00 0.000000000000000000e+00 0.000000000000000000e+00 0.000000000000000000e+00
0.000000000000000000e+00 0.000000000000000000e+00 0.000000000000000000e+00 0.000000000000000000e+00 0.000000000000000000e+00
0.000000000000000000e+00 0.000000000000000000e+00 0.000000000000000000e+00 0.000000000000000000e+00 0.000000000000000000e+00
0.000000000000000000e+00 0.000000000000000000e+00 0.000000000000000000e+00 0.000000000000000000e+00 0.000000000000000000e+00
0.000000000000000000e+00 0.000000000000000000e+00 0.000000000000000000e+00 0.000000000000000000e+00 0.000000000000000000e+00
0.000000000000000000e+00 0.000000000000000000e+00 0.000000000000000000e+00 0.000000000000000000e+00 0.000000000000000000e+00
0.000000000000000000e+00 0.000000000000000000e+00 0.000000000000000000e+00 0.000000000000000000e+00 0.000000000000000000e+00
0.000000000000000000e+00 0.000000000000000000e+00 0.000000000000000000e+00 0.000000000000000000e+00 0.000000000000000000e+00
0.000000000000000000e+00 0.000000000000000000e+00 0.000000000000000000e+00 0.000000000000000000e+00 0.000000000000000000e+00
0.000000000000000000e+00 0.000000000000000000e+00 0.000000000000000000e+00 0.000000000000000000e+00 0.000000000000000000e+00
0.000000000000000000e+00 0.000000000000000000e+00 0.000000000000000000e+00 0.000000000000000000e+00 0.000000000000000000e+00
0.000000000000000000e+00 0.000000000000000000e+00 0.000000000000000000e+00 0.000000000000000000e+00 0.000000000000000000e+00
0.000000000000000000e+00 0.000000000000000000e+00 0.000000000000000000e+00 0.000000000000000000e+00 0.000000000000000000e+00
0.000000000000000000e+00 0.000000000000000000e+00 0.000000000000000000e+00 0.000000000000000000e+00 0.000000000000000000e+00
0.000000000000000000e+00 0.000000000000000000e+00 0.000000000000000000e+00 0.000000000000000000e+00 0.000000000000000000e+00
0.000000000000000000e+00 0.000000000000000000e+00 0.000000000000000000e+00 0.000000000000000000e+00 0.000000000000000000e+00
0.000000000000000000e+00 0.000000000000000000e+00 0.000000000000000000e+00 0.000000000000000000e+00 0.000000000000000000e+00
0.000000000000000000e+00 0.000000000000000000e+00 0.000000000000000000e+00 0.000000000000000000e+00 0.000000000000000000e+00
0.000000000000000000e+00 0.000000000000000000e+00 0.000000000000000000e+00 0.000000000000000000e+00 0.000000000000000000e+00
0.000000000000000000e+00 0.000000000000000000e+00 0.000000000000000000e+00 0.000000000000000000e+00 0.000000000000000000e+00
0.000000000000000000e+00 0.000000000000000000e+00 0.000000000000000000e+00 0.000000000000000000e+00 0.000000000000000000e+00
0.000000000000000000e+00 0.000000000000000000e+00 0.000000000000000000e+00 0.000000000000000000e+00 0.000000000000000000e+00
0.000000000000000000e+00 0.000000000000000000e+00 0.000000000000000000e+00 0.000000000000000000e+00 0.000000000000000000e+00
0.000000000000000000e+00 0.000000000000000000e+00 0.000000000000000000e+00 0.000000000000000000e+00 0.000000000000000000e+00
0.000000000000000000e+00 0.000000000000000000e+00 0.000000000000000000e+00 0.000000000000000000e+00 0.000000000000000000e+00
0.000000000000000000e+00 0.000000000000000000e+00 0.000000000000000000e+00 0.000000000000000000e+00 0.000000000000000000e+00
0.000000000000000000e+00 0.000000000000000000e+00 0.000000000000000000e+00 0.000000000000000000e+00 0.000000000000000000e+00
0.000000000000000000e+00 0.000000000000000000e+00 0.000000000000000000e+00 0.000000000000000000e+00 0.000000000000000000e+00
0.000000000000000000e+00 0.000000000000000000e+00 0.000000000000000000e+00 0.000000000000000000e+00 0.000000000000000000e+00
0.000000000000000000e+00 0.000000000000000000e+00 0.000000000000000000e+00 0.000000000000000000e+00 0.000000000000000000e+00
0.000000000000000000e+00 0.000000000000000000e+00 0.000000000000000000e+00 0.000000000000000000e+00 0.000000000000000000e+00
0.000000000000000000e+00 0.000000000000000000e+00 0.000000000000000000e+00 0.000000000000000000e+00 0.000000000000000000e+00
0.000000000000000000e+00 0.000000000000000000e+00 0.000000000000000000e+00 0.000000000000000000e+00 0.000000000000000000e+00
0.000000000000000000e+00 0.000000000000000000e+00 0.000000000000000000e+00 0.000000000000000000e+00 0.000000000000000000e+00
0.000000000000000000e+00 0.000000000000000000e+00 0.000000000000000000e+00 0.000000000000000000e+00 0.000000000000000000e+00
0.000000000000000000e+00 0.000000000000000000e+00 0.000000000000000000e+00 0.000000000000000000e+00 0.000000000000000000e+00
0.000000000000000000e+00 0.000000000000000000e+00 0.000000000000000000e+00 0.000000000000000000e+00 0.000000000000000000e+00
0.000000000000000000e+00 0.000000000000000000e+00 0.000000000000000000e+00 0.000000000000000000e+00 0.000000000000000000e+00
0.000000000000000000e+00 0.000000000000000000e+00 0.000000000000000000e+00 0.000000000000000000e+00 0.000000000000000000e+00
0.000000000000000000e+00 0.000000000000000000e+00 0.000000000000000000e+00 0.000000000000000000e+00 0.000000000000000000e+00
0.000000000000000000e+00 0.000000000000000000e+00 0.000000000000000000e+00 0.000000000000000000e+00 0.000000000000000000e+00
0.000000000000000000e+00 0.000000000000000000e+00 0.000000000000000000e+00 0.000000000000000000e+00 0.000000000000000000e+00
0.000000000000000000e+00 0.000000000000000000e+00 0.000000000000000000e+00 0.000000000000000000e+00 0.000000000000000000e+00
0.000000000000000000e+00 0.000000000000000000e+00 0.000000000000000000e+00 0.000000000000000000e+00 0.000000000000000000e+00
0.000000000000000000e+00 0.000000000000000000e+00 0.000000000000000000e+00 0.000000000000000000e+00 0.000000000000000000e+00
0.000000000000000000e+00 0.000000000000000000e+00 0.000000000000000000e+00 0.000000000000000000e+00 0.000000000000000000e+00
0.000000000000000000e+00 0.000000000000000000e+00 0.000000000000000000e+00 0.000000000000000000e+00 0.000000000000000000e+00
0.000000000000000000e+00 0.000000000000000000e+00 0.000000000000000000e+00 0.000000000000000000e+00 0.000000000000000000e+00
0.000000000000000000e+00 2.121944731964558095e-04 0.000000000000000000e+00 0.000000000000000000e+00 2.448753625997771244e-05
0.000000000000000000e+00 3.688142034128887156e-04 0.000000000000000000e+00 0.000000000000000000e+00 4.256167016615178814e-05
0.000000000000000000e+00 5.658519285238832429e-04 0.000000000000000000e+00 0.000000000000000000e+00 6.530009669327394050e-05
0.000000000000000000e+00 8.235166459767227906e-04 0.000000000000000000e+00 0.000000000000000000e+00 9.503496215181816379e-05
0.000000000000000000e+00 4.294411957547325433e-04 0.000000000000000000e+00 0.000000000000000000e+00 4.955810909757389296e-05
0.000000000000000000e+00 0.000000000000000000e+00 0.000000000000000000e+00 0.000000000000000000e+00 0.000000000000000000e+00
0.000000000000000000e+00 0.000000000000000000e+00 0.000000000000000000e+00 0.000000000000000000e+00 0.000000000000000000e+00
0.000000000000000000e+00 0.000000000000000000e+00 0.000000000000000000e+00 0.000000000000000000e+00 0.000000000000000000e+00
0.000000000000000000e+00 0.000000000000000000e+00 0.000000000000000000e+00 0.000000000000000000e+00 0.000000000000000000e+00
0.000000000000000000e+00 0.000000000000000000e+00 0.000000000000000000e+00 0.000000000000000000e+00 0.000000000000000000e+00
0.000000000000000000e+00 0.000000000000000000e+00 0.000000000000000000e+00 0.000000000000000000e+00 0.000000000000000000e+00
0.000000000000000000e+00 0.000000000000000000e+00 0.000000000000000000e+00 0.000000000000000000e+00 0.000000000000000000e+00
0.000000000000000000e+00 0.000000000000000000e+00 0.000000000000000000e+00 0.000000000000000000e+00 0.000000000000000000e+00
0.000000000000000000e+00 0.000000000000000000e+00 0.000000000000000000e+00 0.000000000000000000e+00 0.000000000000000000e+00
0.000000000000000000e+00 0.000000000000000000e+00 0.000000000000000000e+00 0.000000000000000000e+00 0.000000000000000000e+00
0.000000000000000000e+00 0.000000000000000000e+00 0.000000000000000000e+00 0.000000000000000000e+00 0.000000000000000000e+00
0.000000000000000000e+00 0.000000000000000000e+00 0.000000000000000000e+00 0.000000000000000000e+00 0.000000000000000000e+00
0.000000000000000000e+00 0.000000000000000000e+00 0.000000000000000000e+00 0.000000000000000000e+00 0.000000000000000000e+00
0.000000000000000000e+00 0.000000000000000000e+00 0.000000000000000000e+00 0.000000000000000000e+00 0.000000000000000000e+00
0.000000000000000000e+00 0.000000000000000000e+00 0.000000000000000000e+00 0.000000000000000000e+00 0.000000000000000000e+00
0.000000000000000000e+00 0.000000000000000000e+00 0.000000000000000000e+00 0.000000000000000000e+00 0.000000000000000000e+00
0.000000000000000000e+00 0.000000000000000000e+00 0.000000000000000000e+00 0.000000000000000000e+00 0.000000000000000000e+00
0.000000000000000000e+00 5.653549029523078625e-05 0.000000000000000000e+00 2.443548332051501235e-04 1.305255188715706701e-04
1.527242787552061433e-04 7.490655222895251444e-04 0.000000000000000000e+00 2.589706498076782288e-04 2.254499124812452560e-04
1.115933715998027547e-04 2.563708722232236302e-03 0.000000000000000000e+00 0.000000000000000000e+00 8.220735189959419136e-04
5.696857303528604427e-04 2.728159547823648390e-03 0.000000000000000000e+00 4.291353157323838990e-04 2.484208184566559746e-04
9.231107670447058445e-04 3.347089976752505407e-03 0.000000000000000000e+00 3.233255272953160383e-04 0.000000000000000000e+00
8.926201304560503697e-04 5.045952866194888635e-03 0.000000000000000000e+00 0.000000000000000000e+00 0.000000000000000000e+00
5.972546165630308532e-04 6.669916433484982844e-03 0.000000000000000000e+00 0.000000000000000000e+00 0.000000000000000000e+00
3.217522859750487820e-04 8.779156742778059311e-03 4.791889192563398518e-04 0.000000000000000000e+00 0.000000000000000000e+00
1.312188472497879629e-04 1.044050077412674374e-02 8.864655985434952753e-04 0.000000000000000000e+00 0.000000000000000000e+00
0.000000000000000000e+00 1.072825564334052226e-02 9.882527095432826463e-04 0.000000000000000000e+00 0.000000000000000000e+00
0.000000000000000000e+00 8.629981198372086229e-03 7.757358518520311328e-04 0.000000000000000000e+00 0.000000000000000000e+00
0.000000000000000000e+00 5.312126167770173102e-03 4.012572968756088101e-04 0.000000000000000000e+00 0.000000000000000000e+00
2.272530980653670392e-05 1.022915005566012604e-03 3.588605062373914330e-05 0.000000000000000000e+00 0.000000000000000000e+00
1.648021754320645919e-05 6.981003814573285074e-04 3.081503187826691893e-04 0.000000000000000000e+00 0.000000000000000000e+00
0.000000000000000000e+00 1.995484317659080415e-04 3.987417226055843604e-05 0.000000000000000000e+00 0.000000000000000000e+00
0.000000000000000000e+00 1.110530402871141593e-03 2.219084369283252163e-04 0.000000000000000000e+00 0.000000000000000000e+00
0.000000000000000000e+00 1.100264908355094587e-03 3.702932959180215864e-04 0.000000000000000000e+00 0.000000000000000000e+00
0.000000000000000000e+00 1.388924465312204280e-03 7.696362051075263154e-04 0.000000000000000000e+00 0.000000000000000000e+00
0.000000000000000000e+00 0.000000000000000000e+00 0.000000000000000000e+00 0.000000000000000000e+00 0.000000000000000000e+00
0.000000000000000000e+00 0.000000000000000000e+00 0.000000000000000000e+00 0.000000000000000000e+00 0.000000000000000000e+00
0.000000000000000000e+00 0.000000000000000000e+00 0.000000000000000000e+00 0.000000000000000000e+00 0.000000000000000000e+00
0.000000000000000000e+00 0.000000000000000000e+00 0.000000000000000000e+00 0.000000000000000000e+00 0.000000000000000000e+00
0.000000000000000000e+00 0.000000000000000000e+00 0.000000000000000000e+00 0.000000000000000000e+00 0.000000000000000000e+00
0.000000000000000000e+00 0.000000000000000000e+00 0.000000000000000000e+00 0.000000000000000000e+00 0.000000000000000000e+00
0.000000000000000000e+00 0.000000000000000000e+00 0.000000000000000000e+00 0.000000000000000000e+00 0.000000000000000000e+00
0.000000000000000000e+00 0.000000000000000000e+00 0.000000000000000000e+00 0.000000000000000000e+00 0.000000000000000000e+00
0.000000000000000000e+00 3.708720305424895809e-05 0.000000000000000000e+00 0.000000000000000000e+00 1.646361862500458025e-05
0.000000000000000000e+00 1.701388617635371091e-03 0.000000000000000000e+00 4.501438826973921519e-05 1.377846888876798617e-03
0.000000000000000000e+00 4.356607252191957609e-03 0.000000000000000000e+00 7.590061675094030534e-05 3.431621818491054597e-03
2.052882654914903789e-03 8.078826778293961286e-03 0.000000000000000000e+00 1.087167059853237026e-04 5.101579391238513124e-03
4.244463806530344649e-03 1.688239403346309189e-02 0.000000000000000000e+00 1.011271747703281453e-03 4.083370281019646150e-03
5.726058422525957814e-03 2.683416345944413320e-02 0.000000000000000000e+00 1.021500955116628204e-03 2.778555357432775479e-03
7.441777236466470651e-03 3.622668066015478916e-02 0.000000000000000000e+00 0.000000000000000000e+00 0.000000000000000000e+00
7.773161135665415319e-03 5.056639858078088023e-02 0.000000000000000000e+00 2.583878296736588274e-04 0.000000000000000000e+00
8.939013641005171679e-03 6.029583108880791353e-02 0.000000000000000000e+00 1.210793590409233594e-03 0.000000000000000000e+00
9.324129734345730502e-03 6.854227128957554593e-02 0.000000000000000000e+00 4.127776968906383612e-03 0.000000000000000000e+00
9.830790746025034124e-03 7.446871696361107018e-02 0.000000000000000000e+00 6.181961465933395738e-03 0.000000000000000000e+00
1.057758731465977854e-02 8.137396785448343384e-02 0.000000000000000000e+00 6.111166348003475336e-03 0.000000000000000000e+00
8.547263059459539111e-03 8.719050350279029804e-02 0.000000000000000000e+00 7.223953674644321282e-03 0.000000000000000000e+00
6.331441480498990575e-03 9.199075514531643294e-02 0.000000000000000000e+00 8.520478387767366560e-03 0.000000000000000000e+00
4.850032535237944024e-03 7.354310544283532147e-02 0.000000000000000000e+00 1.140173376418473009e-02 0.000000000000000000e+00
3.623380710284733203e-03 5.309167095336638637e-02 0.000000000000000000e+00 1.240997777636159045e-02 0.000000000000000000e+00
0.000000000000000000e+00 3.736847196331089666e-02 3.081297239729458709e-03 1.101900580691886171e-02 0.000000000000000000e+00
0.000000000000000000e+00 2.372076457327435689e-02 3.259422824181374724e-03 6.786520336088590864e-03 0.000000000000000000e+00
0.000000000000000000e+00 1.503696535143758499e-02 6.277760604886359168e-03 2.996896381839753588e-03 0.000000000000000000e+00
0.000000000000000000e+00 4.798240919756672357e-03 6.410161998585664836e-03 2.503405085566638624e-03 0.000000000000000000e+00
0.000000000000000000e+00 6.023972849743344533e-04 1.936134120250987715e-03 8.293004404767960339e-04 0.000000000000000000e+00
0.000000000000000000e+00 3.203239180213434350e-05 5.340609606613377030e-05 3.576142820684671570e-05 0.000000000000000000e+00
0.000000000000000000e+00 0.000000000000000000e+00 0.000000000000000000e+00 0.000000000000000000e+00 0.000000000000000000e+00
0.000000000000000000e+00 0.000000000000000000e+00 0.000000000000000000e+00 0.000000000000000000e+00 0.000000000000000000e+00
0.000000000000000000e+00 0.000000000000000000e+00 0.000000000000000000e+00 0.000000000000000000e+00 0.000000000000000000e+00
1.770647754687936279e-05 0.000000000000000000e+00 0.000000000000000000e+00 2.127641653878254216e-05 2.322303756603549460e-04
0.000000000000000000e+00 0.000000000000000000e+00 0.000000000000000000e+00 1.204227988550764700e-04 1.248434088784063740e-03
0.000000000000000000e+00 0.000000000000000000e+00 0.000000000000000000e+00 2.267087670793898062e-04 4.421722966231179594e-03
0.000000000000000000e+00 2.743632434793861368e-04 0.000000000000000000e+00 4.715823342383136202e-05 7.486784266716291214e-03
2.161483557269925585e-03 2.923825816221443854e-03 0.000000000000000000e+00 0.000000000000000000e+00 1.616821843162903616e-02
5.555066399397934861e-03 4.963548041748599288e-03 0.000000000000000000e+00 4.794485918387380056e-04 2.595588022812670217e-02
1.239757397879954863e-02 1.349810253649440586e-02 0.000000000000000000e+00 1.778827330061961672e-03 3.909236304770242337e-02
2.094047361392230300e-02 2.927224282891178683e-02 0.000000000000000000e+00 5.093943886205857911e-03 4.649096202075735790e-02
3.266577061933785553e-02 4.166476243962628084e-02 0.000000000000000000e+00 1.073442421296858310e-02 4.441762642784991000e-02
4.650667066370080260e-02 5.024217767885592184e-02 0.000000000000000000e+00 2.054468772036657787e-02 3.791256286296121325e-02
5.716077275551984666e-02 7.416900600120453213e-02 0.000000000000000000e+00 3.015368414183985935e-02 2.828292215524729272e-02
6.773818251144061997e-02 9.117275938940352931e-02 0.000000000000000000e+00 3.811750375928774082e-02 1.545590842055432311e-02
7.002058375549423397e-02 1.047461221994137048e-01 0.000000000000000000e+00 4.575719120031113141e-02 1.102279706743047524e-02
7.275415111552266390e-02 1.020737011490135404e-01 0.000000000000000000e+00 5.479503396395687953e-02 8.301885373042005439e-03
7.805318323023738292e-02 1.022236688657234549e-01 0.000000000000000000e+00 5.949050286727125547e-02 5.905369036887702684e-03
7.913211399772736299e-02 1.095685456275217184e-01 0.000000000000000000e+00 6.628029275631337758e-02 5.227294147123216772e-03
7.972769565371749800e-02 1.012480408610742372e-01 0.000000000000000000e+00 7.474926850622552743e-02 6.023972608598114446e-03
7.426926542627947103e-02 8.108529561308255862e-02 0.000000000000000000e+00 8.142407016633483596e-02 1.453291904825723029e-03
5.783875827239495782e-02 4.358274239675204165e-02 0.000000000000000000e+00 8.736082774475949220e-02 1.954271666242255232e-06
3.145760078418648881e-02 2.028179893581477655e-02 4.619490265167207170e-03 8.488832381313929365e-02 0.000000000000000000e+00
1.072097489966701697e-03 6.677969715314507893e-03 1.899665028432273237e-02 7.011460480657157046e-02 4.206374575290166770e-03
0.000000000000000000e+00 7.153164492567875427e-03 2.636020204147257115e-02 4.013611528358584923e-02 1.624803941645770224e-03
0.000000000000000000e+00 1.521555573420518056e-03 2.294047354784678472e-02 1.472887968285140070e-02 0.000000000000000000e+00
0.000000000000000000e+00 3.049667851479893367e-03 1.089261192183590098e-02 2.966300822110354458e-03 0.000000000000000000e+00
0.000000000000000000e+00 8.265246378811413842e-04 9.172631391825188931e-04 1.126808241392164643e-04 0.000000000000000000e+00
0.000000000000000000e+00 0.000000000000000000e+00 0.000000000000000000e+00 0.000000000000000000e+00 0.000000000000000000e+00
0.000000000000000000e+00 0.000000000000000000e+00 0.000000000000000000e+00 0.000000000000000000e+00 0.000000000000000000e+00
0.000000000000000000e+00 0.000000000000000000e+00 0.000000000000000000e+00 0.000000000000000000e+00 0.000000000000000000e+00
7.195611088199939680e-05 0.000000000000000000e+00 0.000000000000000000e+00 8.646373529590351231e-05 9.437447181091016381e-04
4.348071512779243235e-07 0.000000000000000000e+00 0.000000000000000000e+00 3.905619233948802427e-04 3.984624825535056092e-03
0.000000000000000000e+00 0.000000000000000000e+00 0.000000000000000000e+00 4.029153880083142809e-04 1.088893087892618856e-02
4.825194777962339395e-04 0.000000000000000000e+00 0.000000000000000000e+00 2.575664237414477913e-03 2.222670111198905493e-02
3.902436536893200917e-03 0.000000000000000000e+00 0.000000000000000000e+00 3.028293342846940552e-03 4.653368074267635185e-02
1.237770843114380584e-02 0.000000000000000000e+00 0.000000000000000000e+00 4.584607789852979121e-03 7.661828589669271439e-02
2.455218605189052328e-02 5.842072682334355921e-03 0.000000000000000000e+00 8.658845022425061891e-03 1.057703567637755665e-01
4.419879014837994197e-02 1.274902046156369331e-02 0.000000000000000000e+00 2.260206785318766287e-02 1.255186316710607541e-01
6.739854907674019957e-02 1.424653526124293468e-02 0.000000000000000000e+00 4.190817934839913272e-02 1.271583840141764510e-01
8.729814713085365385e-02 1.988125700906214974e-02 0.000000000000000000e+00 6.021166618199423615e-02 1.184859300971958795e-01
1.013862164913325870e-01 3.703119449101047872e-02 0.000000000000000000e+00 7.669306366393342789e-02 1.068277054776862051e-01
1.123615606217557017e-01 4.138479809472921100e-02 0.000000000000000000e+00 9.459961008129258442e-02 9.300777588193920309e-02
1.188706178564188781e-01 3.557399296148527207e-02 0.000000000000000000e+00 1.035045069693333875e-01 8.201726880474265180e-02
1.211542357088897653e-01 2.919834355976442739e-02 0.000000000000000000e+00 1.100923421631456733e-01 7.799318827247937735e-02
1.208559819279272085e-01 2.617000837447685038e-02 0.000000000000000000e+00 1.133184674564843841e-01 7.731015943468784457e-02
1.227245583211804408e-01 3.220209744059906315e-02 0.000000000000000000e+00 1.126168856594354367e-01 7.188840508197952284e-02
1.199412104784997185e-01 4.934281026976856249e-02 0.000000000000000000e+00 1.106752817021227076e-01 6.276865324154987102e-02
1.132626287723649400e-01 5.046959136853246958e-02 0.000000000000000000e+00 1.124813269968586160e-01 4.924872850790850548e-02
9.160467726193183280e-02 1.874117052980806344e-02 1.256519528343401013e-02 1.229739308638105738e-01 3.724832675509485991e-02
5.509720837541198096e-02 0.000000000000000000e+00 3.528730116579811144e-02 1.290736798746981440e-01 2.413291587663600468e-02
1.193019835234543705e-02 0.000000000000000000e+00 5.820287136296648650e-02 1.088778082262789326e-01 1.496295199336820404e-02
0.000000000000000000e+00 0.000000000000000000e+00 6.579778626734109070e-02 6.809541485750819634e-02 8.339966588414690976e-03
0.000000000000000000e+00 0.000000000000000000e+00 4.979736392669475292e-02 2.651097553809304494e-02 0.000000000000000000e+00
0.000000000000000000e+00 2.605822072503823951e-03 2.119233785452141750e-02 5.618654462696961310e-03 0.000000000000000000e+00
0.000000000000000000e+00 8.029864831442253643e-04 1.921960486946316937e-03 2.952113144511470089e-04 0.000000000000000000e+00
0.000000000000000000e+00 0.000000000000000000e+00 0.000000000000000000e+00 0.000000000000000000e+00 0.000000000000000000e+00
0.000000000000000000e+00 0.000000000000000000e+00 0.000000000000000000e+00 0.000000000000000000e+00 0.000000000000000000e+00
0.000000000000000000e+00 0.000000000000000000e+00 0.000000000000000000e+00 0.000000000000000000e+00 0.000000000000000000e+00
1.167874050964389663e-05 0.000000000000000000e+00 0.000000000000000000e+00 1.403338112132463024e-05 1.531732264993827450e-04
0.000000000000000000e+00 0.000000000000000000e+00 0.000000000000000000e+00 2.958197718283059742e-04 4.708779840141782275e-03
0.000000000000000000e+00 0.000000000000000000e+00 0.000000000000000000e+00 8.961321935378849420e-04 1.604163834725623808e-02
0.000000000000000000e+00 0.000000000000000000e+00 0.000000000000000000e+00 2.791294082359227231e-03 3.804204114124450087e-02
0.000000000000000000e+00 0.000000000000000000e+00 0.000000000000000000e+00 4.371009235318800389e-03 7.321859129063848504e-02
1.118658671681616555e-02 0.000000000000000000e+00 0.000000000000000000e+00 1.006865774426009275e-02 1.185628934817507252e-01
2.901553016037689350e-02 0.000000000000000000e+00 0.000000000000000000e+00 1.783333788675217288e-02 1.506343856465590936e-01
5.411086378371081362e-02 0.000000000000000000e+00 0.000000000000000000e+00 3.628738736399546999e-02 1.664603772823198824e-01
7.570736136222393220e-02 0.000000000000000000e+00 0.000000000000000000e+00 5.522208833142947665e-02 1.670641846180031531e-01
8.856672012978751563e-02 0.000000000000000000e+00 0.000000000000000000e+00 7.774089051693922059e-02 1.475820219468201577e-01
9.876757455069617997e-02 0.000000000000000000e+00 0.000000000000000000e+00 9.563208765891939578e-02 1.227396357513713121e-01
9.785812443400704330e-02 0.000000000000000000e+00 2.236998230920121331e-02 1.022776833413231168e-01 1.058369230390825422e-01
9.035255924125584759e-02 0.000000000000000000e+00 4.163026917268124183e-02 1.019852379963743921e-01 1.028718461394816513e-01
8.435079929983160807e-02 0.000000000000000000e+00 4.974605917688423862e-02 9.716027307827222737e-02 1.028202755652010414e-01
8.091816812995304697e-02 0.000000000000000000e+00 5.578317609446772907e-02 9.043895497974015207e-02 1.036745914518477502e-01
8.394348067256644785e-02 1.346517438426084005e-02 6.013806318558606590e-02 7.613788973321608533e-02 9.799484066420971473e-02
9.547023499940759939e-02 5.877457295030755202e-02 5.755247148170621746e-02 6.534350617626392965e-02 8.709036650450052708e-02
1.041875961135478867e-01 6.892790379440971726e-02 5.820194909661360189e-02 6.984192708932868143e-02 7.469331776666789102e-02
9.460382493980160068e-02 2.336984389874949969e-02 5.621435958171180913e-02 9.740132501142451105e-02 7.055182702220381963e-02
5.731589434765678448e-02 0.000000000000000000e+00 5.990782487841907894e-02 1.266637760128265233e-01 6.119349802985280667e-02
9.925262765934021736e-03 0.000000000000000000e+00 8.286005468535678764e-02 1.158050317847290067e-01 4.416808054711377635e-02
0.000000000000000000e+00 0.000000000000000000e+00 9.473395901251316364e-02 7.099806780490953984e-02 2.074894288620942467e-02
0.000000000000000000e+00 0.000000000000000000e+00 7.184117378048669733e-02 2.297423986378677174e-02 3.693891555131602073e-03
0.000000000000000000e+00 1.433243966853074225e-03 2.665933748180178420e-02 3.624743091251014272e-03 0.000000000000000000e+00
0.000000000000000000e+00 3.610526782815199243e-04 2.464911427990311345e-03 5.871639089743328982e-04 0.000000000000000000e+00
0.000000000000000000e+00 0.000000000000000000e+00 0.000000000000000000e+00 0.000000000000000000e+00 0.000000000000000000e+00
0.000000000000000000e+00 0.000000000000000000e+00 0.000000000000000000e+00 0.000000000000000000e+00 0.000000000000000000e+00
0.000000000000000000e+00 0.000000000000000000e+00 0.000000000000000000e+00 0.000000000000000000e+00 0.000000000000000000e+00
0.000000000000000000e+00 0.000000000000000000e+00 0.000000000000000000e+00 0.000000000000000000e+00 0.000000000000000000e+00
0.000000000000000000e+00 0.000000000000000000e+00 0.000000000000000000e+00 9.913233211152988568e-05 4.303696956008640391e-03
0.000000000000000000e+00 0.000000000000000000e+00 0.000000000000000000e+00 5.929372924178537979e-04 1.429174357253758937e-02
0.000000000000000000e+00 0.000000000000000000e+00 1.185618635587096237e-02 0.000000000000000000e+00 3.429212540104745882e-02
0.000000000000000000e+00 0.000000000000000000e+00 2.078909351451563997e-02 1.617158471804616259e-03 6.916878917841033647e-02
0.000000000000000000e+00 0.000000000000000000e+00 2.335103021518741481e-02 7.369122594119752179e-03 1.064109525837525633e-01
1.243105861833000356e-02 0.000000000000000000e+00 2.136324192334125918e-02 1.483461944807473384e-02 1.329067512371799320e-01
3.188517877299961584e-02 0.000000000000000000e+00 3.074158992192503256e-02 3.004389056598516169e-02 1.383921292349683252e-01
4.761484241673317325e-02 0.000000000000000000e+00 5.383382865564045189e-02 4.543030929159414671e-02 1.239701159125880525e-01
5.503707731876917447e-02 0.000000000000000000e+00 8.523053457900259255e-02 5.717626160328872359e-02 9.047032905811903947e-02
5.680736716938278308e-02 0.000000000000000000e+00 1.168540503443054879e-01 6.355868611462545115e-02 6.105338986512137689e-02
4.353383412962896076e-02 0.000000000000000000e+00 1.427838604806029588e-01 5.863780129897609023e-02 4.909264091639274630e-02
2.859747606180811086e-02 0.000000000000000000e+00 1.520409126372870290e-01 4.538061046268170029e-02 5.001618774926925443e-02
1.852893385705918147e-02 6.195553618717118682e-03 1.585287028976255230e-01 2.898215912793167606e-02 5.025686682109831160e-02
1.592577776326454045e-02 1.866857147466738712e-02 1.547260017440248159e-01 1.436088063372197889e-02 5.173731938292298882e-02
2.035402863615045840e-02 6.844243391889759387e-02 1.410770026330595006e-01 4.734040283875930806e-04 6.066559196806373122e-02
4.598629738209299156e-02 1.377138116916020727e-01 1.135973143760204418e-01 0.000000000000000000e+00 6.680675548495521032e-02
8.876495977809904792e-02 1.221033568184499152e-01 7.754644641592789434e-02 1.627347210796441929e-02 7.357922319454775206e-02
9.040288216167569058e-02 3.338397484956392297e-02 6.116498771630783649e-02 7.515338579936366170e-02 8.306470142968135073e-02
5.046147123146349500e-02 0.000000000000000000e+00 7.038437567794199323e-02 1.186587874601911508e-01 8.379748128392390527e-02
2.794811370152310622e-03 0.000000000000000000e+00 9.967285346972014348e-02 1.049382624935536884e-01 6.260186019466967844e-02
0.000000000000000000e+00 0.000000000000000000e+00 1.068932753027812405e-01 5.412669762264384066e-02 3.391481966206411763e-02
0.000000000000000000e+00 0.000000000000000000e+00 7.294134567353388610e-02 1.274047656727217252e-02 9.879013970505872572e-03
0.000000000000000000e+00 3.841610018099600888e-03 2.657425890469492652e-02 7.989675088322170660e-04 0.000000000000000000e+00
0.000000000000000000e+00 2.823340457824774431e-04 1.652993775317630363e-03 8.562747014484986454e-04 0.000000000000000000e+00
0.000000000000000000e+00 0.000000000000000000e+00 0.000000000000000000e+00 0.000000000000000000e+00 0.000000000000000000e+00
0.000000000000000000e+00 0.000000000000000000e+00 0.000000000000000000e+00 0.000000000000000000e+00 0.000000000000000000e+00
0.000000000000000000e+00 0.000000000000000000e+00 0.000000000000000000e+00 0.000000000000000000e+00 0.000000000000000000e+00
0.000000000000000000e+00 0.000000000000000000e+00 0.000000000000000000e+00 0.000000000000000000e+00 0.000000000000000000e+00
0.000000000000000000e+00 0.000000000000000000e+00 0.000000000000000000e+00 5.477878963214266855e-05 1.745125593527411395e-03
0.000000000000000000e+00 0.000000000000000000e+00 3.952118237893396079e-03 0.000000000000000000e+00 1.089654070031954684e-02
0.000000000000000000e+00 0.000000000000000000e+00 2.224094556042474982e-02 0.000000000000000000e+00 2.639780515510798536e-02
0.000000000000000000e+00 0.000000000000000000e+00 4.169302937952033827e-02 0.000000000000000000e+00 4.495009817574519700e-02
0.000000000000000000e+00 0.000000000000000000e+00 5.847589980096934426e-02 0.000000000000000000e+00 6.600319256357783937e-02
0.000000000000000000e+00 0.000000000000000000e+00 7.117131623471618929e-02 5.440157153835631886e-03 8.054408263797097067e-02
5.990107803262206473e-03 0.000000000000000000e+00 9.943137424491629850e-02 1.503375336491013375e-02 7.507944363652188646e-02
2.022255627015370760e-02 0.000000000000000000e+00 1.367820202582467615e-01 2.039393471513021444e-02 4.825348565817272339e-02
2.705066198379926443e-02 0.000000000000000000e+00 1.650270815548437464e-01 2.727344681623084660e-02 1.270119165032138758e-02
2.293244468916812509e-02 0.000000000000000000e+00 1.857786056514455497e-01 2.478345040827361831e-02 0.000000000000000000e+00
8.187666315873908321e-03 1.178236139250553489e-02 1.875153660276670242e-01 1.385458169043840733e-02 0.000000000000000000e+00
0.000000000000000000e+00 2.702023252707245679e-02 1.758470669888935467e-01 0.000000000000000000e+00 0.000000000000000000e+00
0.000000000000000000e+00 3.457971835604104621e-02 1.601793256885743755e-01 0.000000000000000000e+00 7.557166820024259143e-03
0.000000000000000000e+00 5.501356671407859472e-02 1.401042157978461544e-01 0.000000000000000000e+00 1.504494133620068799e-02
0.000000000000000000e+00 1.283058020446464220e-01 1.196065605835921891e-01 0.000000000000000000e+00 1.557513422844299979e-02
4.130767755152330023e-02 1.934332932123173920e-01 8.257614927440523611e-02 0.000000000000000000e+00 1.648698825382029914e-02
9.359697607969472144e-02 1.411052786818752791e-01 4.265335455833553502e-02 2.080808049036604601e-02 4.172527769593022129e-02
9.009448568423512882e-02 1.181912217436849322e-02 3.556412279659042219e-02 9.152692201489000257e-02 8.609537501655464831e-02
4.006566554781802042e-02 0.000000000000000000e+00 6.849176928241422491e-02 1.191684985958463699e-01 1.009550813975511052e-01
0.000000000000000000e+00 0.000000000000000000e+00 1.051837724831910653e-01 8.684204096390633898e-02 7.410338895194046316e-02
0.000000000000000000e+00 0.000000000000000000e+00 1.051475114425827473e-01 3.067816314371981518e-02 3.933254215711115553e-02
0.000000000000000000e+00 1.259717762666023909e-03 6.023820014216949015e-02 3.190485958807709726e-03 1.286101900355575076e-02
0.000000000000000000e+00 3.163672429623911285e-03 1.436319986860881519e-02 5.307280275208659621e-04 2.154613583281948016e-03
0.000000000000000000e+00 4.567337501221460042e-04 6.026835784226159190e-04 5.225498543230025061e-04 9.148569999458122930e-05
0.000000000000000000e+00 0.000000000000000000e+00 0.000000000000000000e+00 0.000000000000000000e+00 0.000000000000000000e+00
0.000000000000000000e+00 0.000000000000000000e+00 0.000000000000000000e+00 0.000000000000000000e+00 0.000000000000000000e+00
0.000000000000000000e+00 0.000000000000000000e+00 0.000000000000000000e+00 0.000000000000000000e+00 0.000000000000000000e+00
0.000000000000000000e+00 0.000000000000000000e+00 0.000000000000000000e+00 0.000000000000000000e+00 0.000000000000000000e+00
0.000000000000000000e+00 0.000000000000000000e+00 0.000000000000000000e+00 5.230700700934715590e-05 7.976842013766344448e-04
0.000000000000000000e+00 0.000000000000000000e+00 4.372117546315532760e-03 0.000000000000000000e+00 5.992103837623225480e-03
0.000000000000000000e+00 1.027574077370573338e-03 1.891342131866582954e-02 0.000000000000000000e+00 1.200724619049573991e-02
0.000000000000000000e+00 0.000000000000000000e+00 4.231870446150567955e-02 0.000000000000000000e+00 2.583581282159548922e-02
0.000000000000000000e+00 0.000000000000000000e+00 6.561047483694033844e-02 0.000000000000000000e+00 4.302011528117286043e-02
0.000000000000000000e+00 0.000000000000000000e+00 8.948403150055420086e-02 0.000000000000000000e+00 4.694979758286119131e-02
0.000000000000000000e+00 0.000000000000000000e+00 1.234827386227845963e-01 0.000000000000000000e+00 3.427496207570596837e-02
1.010519958801116454e-02 0.000000000000000000e+00 1.498502048782234530e-01 4.556534263208472484e-03 1.027993380490924320e-02
1.257690212882986262e-02 0.000000000000000000e+00 1.627503950672947175e-01 1.047418247470558242e-02 0.000000000000000000e+00
8.908144321485169867e-03 1.198498158772047517e-02 1.619733093373779964e-01 4.659122387917117615e-03 0.000000000000000000e+00
0.000000000000000000e+00 2.582821291381545356e-02 1.413144484492880049e-01 0.000000000000000000e+00 0.000000000000000000e+00
0.000000000000000000e+00 2.936968654592431519e-02 1.096753162031706419e-01 0.000000000000000000e+00 0.000000000000000000e+00
0.000000000000000000e+00 3.365710080191582076e-02 8.259576500584661640e-02 0.000000000000000000e+00 0.000000000000000000e+00
0.000000000000000000e+00 6.914055209265948521e-02 6.483328979771883771e-02 0.000000000000000000e+00 7.486191639380905972e-04
5.515300292344811443e-03 1.603908769972021420e-01 4.712787627870113072e-02 0.000000000000000000e+00 0.000000000000000000e+00
6.271045002291709969e-02 2.068760807784867650e-01 1.769914409761814272e-02 0.000000000000000000e+00 0.000000000000000000e+00
1.093676167093099866e-01 9.927726589112183253e-02 5.137225077901433606e-04 6.302431949444207981e-02 3.057259352703719721e-02
8.899397207097557716e-02 0.000000000000000000e+00 2.167744379694410556e-02 1.175905772128914006e-01 8.805986356256563508e-02
2.917454944505990660e-02 0.000000000000000000e+00 7.824699835546172766e-02 1.104388637274531931e-01 1.047744109882656899e-01
0.000000000000000000e+00 0.000000000000000000e+00 1.093256992266643524e-01 5.476730227211593083e-02 7.788514343375232962e-02
0.000000000000000000e+00 0.000000000000000000e+00 8.992195249931214662e-02 8.698011466865976718e-03 3.732648789417378210e-02
0.000000000000000000e+00 7.083820293215308157e-03 4.211633930122279934e-02 0.000000000000000000e+00 1.229510563000374597e-02
0.000000000000000000e+00 3.371613122089682849e-03 7.632983022000165881e-03 0.000000000000000000e+00 3.302072419483046469e-03
0.000000000000000000e+00 4.292997994404559566e-04 8.408281295331972724e-04 1.126563962027963336e-04 0.000000000000000000e+00
0.000000000000000000e+00 0.000000000000000000e+00 0.000000000000000000e+00 0.000000000000000000e+00 0.000000000000000000e+00
0.000000000000000000e+00 0.000000000000000000e+00 0.000000000000000000e+00 0.000000000000000000e+00 0.000000000000000000e+00
0.000000000000000000e+00 0.000000000000000000e+00 0.000000000000000000e+00 0.000000000000000000e+00 0.000000000000000000e+00
0.000000000000000000e+00 0.000000000000000000e+00 0.000000000000000000e+00 0.000000000000000000e+00 0.000000000000000000e+00
0.000000000000000000e+00 0.000000000000000000e+00 0.000000000000000000e+00 7.439218774662723222e-06 1.134484197513438062e-04
0.000000000000000000e+00 0.000000000000000000e+00 1.790462344542899029e-03 0.000000000000000000e+00 1.722388353145417900e-03
0.000000000000000000e+00 1.638194466806704337e-03 1.131226263912689552e-02 0.000000000000000000e+00 5.855935918981910147e-03
0.000000000000000000e+00 2.959169848978149709e-03 3.429072365058871003e-02 0.000000000000000000e+00 1.586866900219866677e-02
0.000000000000000000e+00 5.539051004132356480e-03 5.863448871983446137e-02 0.000000000000000000e+00 2.461485555767275318e-02
0.000000000000000000e+00 9.538758781586426701e-04 8.012135750166052284e-02 0.000000000000000000e+00 2.455049702987789281e-02
0.000000000000000000e+00 0.000000000000000000e+00 1.030290081986691836e-01 0.000000000000000000e+00 1.771048941895859985e-02
4.256876759007078258e-03 0.000000000000000000e+00 1.175004440192475436e-01 0.000000000000000000e+00 0.000000000000000000e+00
9.947918120439934106e-03 3.930254823676405072e-03 1.211324174740697063e-01 0.000000000000000000e+00 0.000000000000000000e+00
7.810352060160672023e-03 2.080833522665430022e-02 1.051848289932982988e-01 0.000000000000000000e+00 0.000000000000000000e+00
0.000000000000000000e+00 2.973825504637025302e-02 7.068562600203402713e-02 0.000000000000000000e+00 0.000000000000000000e+00
0.000000000000000000e+00 2.646071233659599842e-02 4.406759225682516101e-02 0.000000000000000000e+00 0.000000000000000000e+00
0.000000000000000000e+00 3.648575258690248818e-02 2.538259947328707841e-02 0.000000000000000000e+00 0.000000000000000000e+00
0.000000000000000000e+00 9.633107510221373959e-02 1.822106273847278260e-02 0.000000000000000000e+00 0.000000000000000000e+00
1.970833966001718160e-02 1.971310728376370336e-01 4.019732638281082321e-03 0.000000000000000000e+00 0.000000000000000000e+00
8.926224644781947937e-02 1.824202172691901658e-01 0.000000000000000000e+00 3.978304402855665362e-02 0.000000000000000000e+00
1.206324277546702572e-01 3.493343001530845732e-02 0.000000000000000000e+00 1.031566589901185688e-01 3.620239109857160270e-02
7.601936829840431897e-02 0.000000000000000000e+00 3.755953887274030012e-02 1.220805799111131656e-01 9.566303126720111794e-02
1.782392929918636196e-02 0.000000000000000000e+00 8.869774242963056332e-02 7.893386270918491265e-02 1.074835372751168777e-01
0.000000000000000000e+00 0.000000000000000000e+00 1.047192757404866031e-01 2.011845224249025552e-02 7.409733453243881607e-02
0.000000000000000000e+00 1.272947047244090031e-02 6.751890714038417951e-02 0.000000000000000000e+00 3.432188544910848987e-02
0.000000000000000000e+00 1.347843456503511166e-02 2.270523865087482884e-02 0.000000000000000000e+00 1.264333587988786603e-02
0.000000000000000000e+00 7.467779440855111875e-03 4.415233017338414737e-03 0.000000000000000000e+00 2.900872969459016189e-03
0.000000000000000000e+00 2.567321906771872445e-03 1.355035340749742752e-03 0.000000000000000000e+00 0.000000000000000000e+00
0.000000000000000000e+00 4.044827183374694849e-04 6.690090357537709065e-05 0.000000000000000000e+00 0.000000000000000000e+00
0.000000000000000000e+00 0.000000000000000000e+00 0.000000000000000000e+00 0.000000000000000000e+00 0.000000000000000000e+00
0.000000000000000000e+00 0.000000000000000000e+00 0.000000000000000000e+00 0.000000000000000000e+00 0.000000000000000000e+00
0.000000000000000000e+00 0.000000000000000000e+00 0.000000000000000000e+00 0.000000000000000000e+00 0.000000000000000000e+00
0.000000000000000000e+00 0.000000000000000000e+00 0.000000000000000000e+00 0.000000000000000000e+00 0.000000000000000000e+00
0.000000000000000000e+00 2.186635602383574519e-05 1.215317726025138249e-04 4.603672493014034198e-06 3.609340341987217596e-05
0.000000000000000000e+00 2.029423061255990549e-03 7.305600919824147173e-03 0.000000000000000000e+00 2.394719588524233268e-03
0.000000000000000000e+00 5.209321704854493612e-03 2.624624520277087092e-02 0.000000000000000000e+00 9.519759463644507369e-03
0.000000000000000000e+00 8.257507538934552235e-03 4.515730307125370019e-02 0.000000000000000000e+00 1.610707003984743202e-02
0.000000000000000000e+00 5.372585872759384762e-03 6.280557770157467468e-02 0.000000000000000000e+00 1.458965748487805504e-02
0.000000000000000000e+00 5.651882406538902802e-03 8.011747798776204521e-02 0.000000000000000000e+00 1.234979673541002770e-02
1.695097270091472201e-03 9.594738161398779983e-03 8.841040354516269129e-02 0.000000000000000000e+00 0.000000000000000000e+00
6.675374133520642003e-03 1.852716456187569402e-02 7.308158375568001019e-02 0.000000000000000000e+00 0.000000000000000000e+00
5.322165178218798455e-03 3.218899843541319500e-02 5.176076251043222609e-02 0.000000000000000000e+00 0.000000000000000000e+00
0.000000000000000000e+00 3.985891543779477436e-02 2.616814651799638167e-02 0.000000000000000000e+00 0.000000000000000000e+00
0.000000000000000000e+00 4.438735872718803377e-02 1.064481949224013735e-02 0.000000000000000000e+00 0.000000000000000000e+00
0.000000000000000000e+00 7.131797368146441940e-02 5.711964616618424653e-03 0.000000000000000000e+00 0.000000000000000000e+00
0.000000000000000000e+00 1.504190176875457308e-01 2.259374436580172812e-03 0.000000000000000000e+00 0.000000000000000000e+00
3.891156700160633419e-02 2.129482337533201153e-01 0.000000000000000000e+00 2.449244363219366463e-02 0.000000000000000000e+00
1.095660404702870627e-01 1.269131712209816409e-01 0.000000000000000000e+00 8.587393365557863256e-02 0.000000000000000000e+00
1.197675280666036651e-01 0.000000000000000000e+00 8.313679454420382434e-03 1.175257333437380175e-01 5.142793726585241643e-02
6.052117144046479519e-02 0.000000000000000000e+00 5.758738175437289053e-02 9.698350891969208243e-02 1.094541433203600617e-01
4.340296598771363652e-03 0.000000000000000000e+00 9.616283326003119414e-02 3.761160110291959097e-02 1.089129367496785156e-01
0.000000000000000000e+00 2.432434814130217393e-02 8.761860367256738003e-02 0.000000000000000000e+00 7.091727212204439190e-02
0.000000000000000000e+00 3.455671584711584449e-02 4.441386571178601583e-02 0.000000000000000000e+00 3.209093130087337792e-02
0.000000000000000000e+00 2.705836404112687069e-02 1.364074262220009957e-02 0.000000000000000000e+00 1.352432665378384621e-02
0.000000000000000000e+00 1.741176047180234207e-02 4.290880594785198045e-03 0.000000000000000000e+00 4.668038874670849860e-03
8.639422475870103043e-05 6.628591910362628681e-03 1.672776060900267635e-03 0.000000000000000000e+00 0.000000000000000000e+00
4.150344650712973343e-04 3.878204016171490909e-03 4.679899655195216284e-04 0.000000000000000000e+00 0.000000000000000000e+00
0.000000000000000000e+00 0.000000000000000000e+00 0.000000000000000000e+00 0.000000000000000000e+00 0.000000000000000000e+00
0.000000000000000000e+00 0.000000000000000000e+00 0.000000000000000000e+00 0.000000000000000000e+00 0.000000000000000000e+00
0.000000000000000000e+00 0.000000000000000000e+00 0.000000000000000000e+00 0.000000000000000000e+00 0.000000000000000000e+00
0.000000000000000000e+00 0.000000000000000000e+00 0.000000000000000000e+00 0.000000000000000000e+00 0.000000000000000000e+00
0.000000000000000000e+00 0.000000000000000000e+00 0.000000000000000000e+00 0.000000000000000000e+00 0.000000000000000000e+00
0.000000000000000000e+00 2.418082327110788327e-03 6.121707037961769682e-03 0.000000000000000000e+00 1.679490121085959464e-03
0.000000000000000000e+00 3.325195008659327135e-03 1.677298148146216111e-02 0.000000000000000000e+00 6.250296889131679544e-03
0.000000000000000000e+00 7.098846771570594544e-03 3.387581759287514732e-02 0.000000000000000000e+00 1.171179598946337462e-02
0.000000000000000000e+00 1.193355553361827651e-02 4.910687526048276158e-02 0.000000000000000000e+00 1.167525856473416133e-02
0.000000000000000000e+00 1.392462850347709127e-02 5.923276670938549399e-02 0.000000000000000000e+00 8.108835582750814619e-03
4.774912082851040887e-04 2.110761001643096657e-02 5.301636444209099214e-02 0.000000000000000000e+00 3.686828677441366959e-03
3.082254025166365503e-03 3.473822731182757417e-02 4.044706338496283776e-02 0.000000000000000000e+00 0.000000000000000000e+00
1.561721366208934560e-03 5.257948595088739185e-02 2.457850115540067756e-02 0.000000000000000000e+00 0.000000000000000000e+00
0.000000000000000000e+00 7.011306321506265149e-02 8.889378038707124174e-03 0.000000000000000000e+00 1.361316007168360742e-03
0.000000000000000000e+00 8.601141536589131109e-02 2.002163001643934067e-03 0.000000000000000000e+00 4.414401556074089641e-03
0.000000000000000000e+00 1.263886801180158503e-01 0.000000000000000000e+00 0.000000000000000000e+00 2.677736883065565121e-03
5.658282021755744497e-04 2.031668472214077370e-01 0.000000000000000000e+00 1.602030415263441462e-02 0.000000000000000000e+00
6.736291048311149332e-02 1.825343103456251170e-01 0.000000000000000000e+00 7.383034245448499844e-02 0.000000000000000000e+00
1.245504240318993372e-01 7.068162323804046132e-02 0.000000000000000000e+00 1.094978515799377994e-01 7.371622800351612659e-03
1.079554841078364108e-01 0.000000000000000000e+00 3.390195845233130723e-02 1.028772303011499106e-01 7.690995077796129731e-02
4.351350924683808352e-02 0.000000000000000000e+00 7.512279704548717463e-02 5.063449354833195193e-02 1.251638363579340718e-01
0.000000000000000000e+00 2.819392473393211515e-02 8.873601267970948614e-02 6.210240847318504107e-04 1.089266652818828840e-01
0.000000000000000000e+00 5.144683786483492116e-02 5.598806458825315163e-02 0.000000000000000000e+00 7.056455709917376640e-02
0.000000000000000000e+00 4.694408046936843909e-02 2.507256914526310304e-02 0.000000000000000000e+00 2.910901190080961501e-02
0.000000000000000000e+00 3.119158146721774313e-02 8.610108698650892345e-03 0.000000000000000000e+00 1.276584543972569818e-02
0.000000000000000000e+00 1.788411362215118483e-02 3.619299763818424609e-03 0.000000000000000000e+00 4.503825610074240621e-03
4.965926507260868573e-04 6.850036144596964062e-03 1.431413970177278607e-04 0.000000000000000000e+00 4.226435443480235782e-04
8.363808378618989596e-04 1.612569663196563533e-03 0.000000000000000000e+00 0.000000000000000000e+00 0.000000000000000000e+00
0.000000000000000000e+00 0.000000000000000000e+00 0.000000000000000000e+00 0.000000000000000000e+00 0.000000000000000000e+00
0.000000000000000000e+00 0.000000000000000000e+00 0.000000000000000000e+00 0.000000000000000000e+00 0.000000000000000000e+00
0.000000000000000000e+00 0.000000000000000000e+00 0.000000000000000000e+00 0.000000000000000000e+00 0.000000000000000000e+00
0.000000000000000000e+00 0.000000000000000000e+00 0.000000000000000000e+00 0.000000000000000000e+00 0.000000000000000000e+00
0.000000000000000000e+00 7.335774682860251306e-06 4.224395570288019212e-05 2.789792876308144603e-06 0.000000000000000000e+00
0.000000000000000000e+00 2.295503215390922933e-03 5.361864321757544259e-03 0.000000000000000000e+00 1.802904022318907061e-03
0.000000000000000000e+00 4.231507254192081249e-03 1.369321249435066778e-02 0.000000000000000000e+00 2.023262576425079607e-03
0.000000000000000000e+00 7.403219312534694251e-03 2.225195000188332287e-02 0.000000000000000000e+00 9.386153205639000130e-03
0.000000000000000000e+00 1.296688190287469990e-02 2.857681161505406034e-02 0.000000000000000000e+00 1.221930460652927153e-02
0.000000000000000000e+00 1.932862342873907513e-02 2.893766021404456032e-02 0.000000000000000000e+00 1.133069983930434788e-02
0.000000000000000000e+00 3.134099515807915737e-02 2.414553387931670306e-02 0.000000000000000000e+00 1.247302238280699992e-02
1.893230036225678522e-04 4.844191589728075176e-02 1.711018819913878372e-02 0.000000000000000000e+00 1.022245876210752663e-02
0.000000000000000000e+00 7.250306730676193967e-02 9.504187493065288997e-03 0.000000000000000000e+00 8.520264915372655762e-03
0.000000000000000000e+00 9.512429010742828872e-02 1.197161375853695794e-03 0.000000000000000000e+00 7.851937745418350115e-03
0.000000000000000000e+00 1.282757323963619189e-01 0.000000000000000000e+00 0.000000000000000000e+00 8.104421595456731339e-03
0.000000000000000000e+00 1.838745851149109767e-01 0.000000000000000000e+00 5.371554335524806462e-03 3.256100775801557164e-03
1.788087787668114770e-02 2.119724363050727867e-01 0.000000000000000000e+00 5.970984971464890489e-02 0.000000000000000000e+00
9.680514672749335192e-02 1.306423633747381130e-01 0.000000000000000000e+00 1.064640762479843600e-01 0.000000000000000000e+00
1.334914086076905981e-01 1.860039041874480062e-02 1.949010279081846153e-02 1.079224467145507016e-01 2.935702392910008451e-02
9.186534179963461166e-02 0.000000000000000000e+00 5.880529842023823894e-02 6.377279082560634305e-02 1.003265730960076069e-01
2.074687347262185386e-02 1.212993281815034907e-02 7.981540768467564051e-02 8.743226285101279166e-03 1.366466378243690050e-01
0.000000000000000000e+00 5.303677721684778301e-02 6.857436422749989269e-02 0.000000000000000000e+00 1.068693371393387576e-01
0.000000000000000000e+00 5.883360440244646272e-02 3.660806921097605610e-02 0.000000000000000000e+00 5.429452246133483623e-02
0.000000000000000000e+00 4.239145313632100565e-02 1.530725822835920548e-02 0.000000000000000000e+00 2.195564282788853641e-02
0.000000000000000000e+00 2.774992419776719718e-02 5.202410151881972471e-03 0.000000000000000000e+00 1.118078373878919618e-02
0.000000000000000000e+00 1.597604026868058857e-02 1.354381153711354830e-03 0.000000000000000000e+00 5.755773237627666294e-03
0.000000000000000000e+00 3.554641169387381169e-03 0.000000000000000000e+00 4.885232285273126315e-05 3.298123997003059131e-04
0.000000000000000000e+00 5.259444403766663171e-04 0.000000000000000000e+00 0.000000000000000000e+00 5.248806219783882159e-05
0.000000000000000000e+00 0.000000000000000000e+00 0.000000000000000000e+00 0.000000000000000000e+00 0.000000000000000000e+00
0.000000000000000000e+00 0.000000000000000000e+00 0.000000000000000000e+00 0.000000000000000000e+00 0.000000000000000000e+00
0.000000000000000000e+00 0.000000000000000000e+00 0.000000000000000000e+00 0.000000000000000000e+00 0.000000000000000000e+00
0.000000000000000000e+00 0.000000000000000000e+00 0.000000000000000000e+00 0.000000000000000000e+00 0.000000000000000000e+00
0.000000000000000000e+00 0.000000000000000000e+00 0.000000000000000000e+00 0.000000000000000000e+00 0.000000000000000000e+00
0.000000000000000000e+00 8.007775196031872121e-04 2.578600143964441399e-03 0.000000000000000000e+00 1.221369599646362656e-03
0.000000000000000000e+00 3.798411890610683961e-03 9.845676915048224079e-03 0.000000000000000000e+00 1.202388308097398269e-03
0.000000000000000000e+00 6.462794712834332364e-03 1.368664345648405375e-02 0.000000000000000000e+00 3.827343348113250443e-03
0.000000000000000000e+00 1.079477853824301579e-02 1.353913065983862289e-02 0.000000000000000000e+00 9.410213974012033092e-03
0.000000000000000000e+00 1.853999768612355978e-02 1.184112832999338442e-02 0.000000000000000000e+00 1.003005844900025159e-02
0.000000000000000000e+00 3.116211571323048574e-02 8.241647921261214399e-03 0.000000000000000000e+00 1.450107770350273634e-02
0.000000000000000000e+00 4.625945592251024668e-02 2.480402763648994775e-03 0.000000000000000000e+00 1.513484036940953951e-02
0.000000000000000000e+00 6.226166296406274170e-02 0.000000000000000000e+00 0.000000000000000000e+00 1.498636351112422882e-02
0.000000000000000000e+00 9.591363877192378429e-02 0.000000000000000000e+00 0.000000000000000000e+00 1.118859509742926167e-02
0.000000000000000000e+00 1.515901689482388459e-01 0.000000000000000000e+00 0.000000000000000000e+00 6.244221206789388884e-03
0.000000000000000000e+00 1.967098571282321073e-01 0.000000000000000000e+00 4.517093544705672037e-02 0.000000000000000000e+00
4.969418085716944405e-02 1.560424967410943831e-01 0.000000000000000000e+00 1.062561766319727596e-01 0.000000000000000000e+00
1.268521046176831479e-01 5.633713122948261903e-02 1.740394818789437956e-02 1.138136764290499370e-01 0.000000000000000000e+00
1.354774890766845263e-01 0.000000000000000000e+00 4.383142179795103399e-02 7.857911164313247099e-02 5.280005079826149278e-02
6.778832272320386987e-02 0.000000000000000000e+00 7.539837880742830678e-02 2.026027054444275166e-02 1.201360646708210939e-01
0.000000000000000000e+00 1.306379171742041469e-02 7.187352767763356687e-02 0.000000000000000000e+00 1.351963790103705987e-01
0.000000000000000000e+00 3.810168427122248569e-02 4.229873518710130370e-02 0.000000000000000000e+00 8.801749490862163794e-02
0.000000000000000000e+00 3.772509431468332175e-02 2.167712654974673567e-02 0.000000000000000000e+00 4.131087623926228691e-02
0.000000000000000000e+00 2.759814225561540643e-02 1.022903960714375594e-02 0.000000000000000000e+00 1.672079173441607530e-02
0.000000000000000000e+00 1.922244331987649560e-02 3.415482687055347577e-03 0.000000000000000000e+00 7.692385032274230532e-03
0.000000000000000000e+00 1.227971034227541211e-02 5.884708593584502944e-04 0.000000000000000000e+00 3.515966536961772932e-03
0.000000000000000000e+00 7.599802079692409042e-03 3.687933527621916545e-05 0.000000000000000000e+00 3.178475607051222058e-04
0.000000000000000000e+00 2.924460317121736243e-03 1.055232700174476771e-04 0.000000000000000000e+00 1.111485042243190772e-04
0.000000000000000000e+00 9.955194622593564920e-04 1.233474532376165696e-04 0.000000000000000000e+00 0.000000000000000000e+00
0.000000000000000000e+00 0.000000000000000000e+00 0.000000000000000000e+00 0.000000000000000000e+00 0.000000000000000000e+00
0.000000000000000000e+00 0.000000000000000000e+00 0.000000000000000000e+00 0.000000000000000000e+00 0.000000000000000000e+00
0.000000000000000000e+00 0.000000000000000000e+00 0.000000000000000000e+00 0.000000000000000000e+00 0.000000000000000000e+00
0.000000000000000000e+00 1.356138647371759394e-04 2.472618734002934165e-04 1.518348054575358161e-04 0.000000000000000000e+00
0.000000000000000000e+00 5.041208531668389800e-04 1.385633376629651341e-03 0.000000000000000000e+00 7.117104089306535005e-04
0.000000000000000000e+00 3.218538431772458453e-03 7.045182036404988059e-03 0.000000000000000000e+00 1.662021964738732765e-03
0.000000000000000000e+00 3.527428978858926194e-03 6.843654758714464749e-03 0.000000000000000000e+00 1.979909176174950679e-03
0.000000000000000000e+00 3.979222526386639279e-03 5.228971000894635721e-03 0.000000000000000000e+00 4.069460168606137303e-03
0.000000000000000000e+00 6.120981341508098007e-03 2.432085623867532350e-03 0.000000000000000000e+00 5.768801084614598798e-03
0.000000000000000000e+00 1.334361694408706979e-02 8.866014121042663926e-04 0.000000000000000000e+00 7.524962875668876443e-03
0.000000000000000000e+00 2.380898660700794811e-02 0.000000000000000000e+00 0.000000000000000000e+00 9.287422348531236896e-03
0.000000000000000000e+00 4.827538711505435093e-02 0.000000000000000000e+00 0.000000000000000000e+00 9.815738164666684001e-03
0.000000000000000000e+00 9.852911355225678347e-02 0.000000000000000000e+00 1.944465552141750979e-03 5.794762999999037746e-03
0.000000000000000000e+00 1.499019097513397403e-01 0.000000000000000000e+00 3.680798036395373229e-02 0.000000000000000000e+00
5.489271050801202215e-03 1.444074770882010916e-01 0.000000000000000000e+00 1.038007230039589418e-01 0.000000000000000000e+00
8.857376762410955340e-02 7.857022518808343126e-02 1.058464608878823335e-02 1.231356571972738595e-01 0.000000000000000000e+00
1.522388512532034388e-01 0.000000000000000000e+00 3.262656366909921085e-02 9.418338768894858604e-02 5.857801808214460788e-04
1.232878585377495950e-01 0.000000000000000000e+00 6.336275025974127950e-02 2.990077646796478195e-02 7.347620011882843860e-02
3.940878196440015385e-02 0.000000000000000000e+00 7.048478494678246664e-02 0.000000000000000000e+00 1.347866611828651695e-01
0.000000000000000000e+00 1.113357455700374719e-02 5.163354672828095182e-02 0.000000000000000000e+00 1.213211489293836431e-01
0.000000000000000000e+00 2.401449015720817995e-02 2.725375211425841784e-02 0.000000000000000000e+00 6.494088812557986812e-02
0.000000000000000000e+00 2.015565248263440773e-02 1.183109660277886950e-02 0.000000000000000000e+00 2.996617059158492372e-02
0.000000000000000000e+00 1.526979859300666049e-02 6.412600914164531471e-03 0.000000000000000000e+00 1.005904162032347435e-02
0.000000000000000000e+00 8.349687381779718684e-03 1.336995491043413290e-03 0.000000000000000000e+00 4.240388452330935178e-03
0.000000000000000000e+00 3.624658112628240288e-03 6.789312383212937386e-05 0.000000000000000000e+00 1.231958058868247094e-03
0.000000000000000000e+00 2.937620114132328316e-03 0.000000000000000000e+00 0.000000000000000000e+00 2.404581790896930340e-04
0.000000000000000000e+00 7.113302986516801358e-04 5.152662294144750432e-05 0.000000000000000000e+00 1.434755165459203943e-05
0.000000000000000000e+00 3.263998236915932887e-04 4.044178794675955111e-05 0.000000000000000000e+00 0.000000000000000000e+00
0.000000000000000000e+00 0.000000000000000000e+00 0.000000000000000000e+00 0.000000000000000000e+00 0.000000000000000000e+00
0.000000000000000000e+00 0.000000000000000000e+00 0.000000000000000000e+00 0.000000000000000000e+00 0.000000000000000000e+00
0.000000000000000000e+00 0.000000000000000000e+00 0.000000000000000000e+00 0.000000000000000000e+00 0.000000000000000000e+00
0.000000000000000000e+00 2.293035024331221354e-04 3.242986823060346334e-04 1.350014267081231718e-04 0.000000000000000000e+00
0.000000000000000000e+00 4.453788591876935160e-05 1.344677255414211442e-04 0.000000000000000000e+00 1.309774395770757244e-05
0.000000000000000000e+00 4.635611880978883687e-04 6.973943433944018331e-04 0.000000000000000000e+00 5.496610777608261066e-04
0.000000000000000000e+00 9.139227079368427830e-04 1.341786127162111113e-03 0.000000000000000000e+00 1.286718994255898162e-03
0.000000000000000000e+00 1.838234912324298578e-03 1.591970249085175289e-03 0.000000000000000000e+00 2.792160496141058053e-03
0.000000000000000000e+00 2.374146088892034948e-03 7.549229530081387604e-04 3.971838922108743633e-05 2.683252197856947092e-03
0.000000000000000000e+00 5.272566447119184790e-03 7.337880270664733865e-04 1.731024554967113029e-05 1.847879505475803546e-03
0.000000000000000000e+00 1.512280045751946550e-02 1.161029358177512660e-03 0.000000000000000000e+00 2.102533825218068537e-03
0.000000000000000000e+00 5.331797096616668064e-02 2.989752857628962673e-03 3.576427754655796699e-03 1.920381539557120855e-03
0.000000000000000000e+00 1.021538965534077165e-01 0.000000000000000000e+00 3.037459956288892857e-02 9.586102281358639720e-04
0.000000000000000000e+00 1.200580505438751666e-01 0.000000000000000000e+00 9.350071085377978375e-02 0.000000000000000000e+00
3.562919018302235230e-02 7.782928941667907607e-02 2.034394499035294124e-03 1.338587966185737221e-01 0.000000000000000000e+00
1.254183117820291404e-01 1.292696490308358967e-02 3.191619826206264221e-02 1.108711032273520664e-01 0.000000000000000000e+00
1.577186967852604871e-01 0.000000000000000000e+00 5.363358348297134898e-02 4.575722886641911402e-02 1.871447852415377561e-02
9.107954101180550099e-02 0.000000000000000000e+00 6.745987350728874232e-02 0.000000000000000000e+00 1.012766991162528524e-01
1.182731575357994294e-02 0.000000000000000000e+00 5.131823364774124735e-02 0.000000000000000000e+00 1.419563436617689856e-01
0.000000000000000000e+00 1.136702370820366799e-02 3.306231483578889879e-02 0.000000000000000000e+00 1.006557200412075276e-01
0.000000000000000000e+00 1.519222989739551707e-02 1.544408119830875670e-02 0.000000000000000000e+00 4.832296315734802006e-02
0.000000000000000000e+00 1.164820265248170394e-02 7.855199547508698310e-03 0.000000000000000000e+00 2.373551512356319657e-02
0.000000000000000000e+00 7.064353184519702247e-03 4.017266115990744159e-03 0.000000000000000000e+00 5.665308018137546128e-03
0.000000000000000000e+00 3.521753020505767086e-03 6.800435418990417738e-04 0.000000000000000000e+00 1.581888849081351930e-03
0.000000000000000000e+00 1.658472497938568444e-03 1.037299951838584260e-04 0.000000000000000000e+00 4.467608162142476503e-04
0.000000000000000000e+00 1.232119416213534827e-03 3.890458323579630714e-05 0.000000000000000000e+00 2.771011591476696271e-04
0.000000000000000000e+00 0.000000000000000000e+00 0.000000000000000000e+00 0.000000000000000000e+00 0.000000000000000000e+00
0.000000000000000000e+00 0.000000000000000000e+00 0.000000000000000000e+00 0.000000000000000000e+00 0.000000000000000000e+00
0.000000000000000000e+00 0.000000000000000000e+00 0.000000000000000000e+00 0.000000000000000000e+00 0.000000000000000000e+00
0.000000000000000000e+00 0.000000000000000000e+00 0.000000000000000000e+00 0.000000000000000000e+00 0.000000000000000000e+00
0.000000000000000000e+00 0.000000000000000000e+00 0.000000000000000000e+00 0.000000000000000000e+00 0.000000000000000000e+00
0.000000000000000000e+00 0.000000000000000000e+00 0.000000000000000000e+00 0.000000000000000000e+00 0.000000000000000000e+00
0.000000000000000000e+00 0.000000000000000000e+00 0.000000000000000000e+00 0.000000000000000000e+00 0.000000000000000000e+00
0.000000000000000000e+00 0.000000000000000000e+00 0.000000000000000000e+00 0.000000000000000000e+00 0.000000000000000000e+00
0.000000000000000000e+00 2.547158683936326948e-04 3.708920273247195260e-04 0.000000000000000000e+00 4.662005363981393952e-04
0.000000000000000000e+00 1.676791544632966506e-03 5.762576755497128989e-04 1.684484863403570422e-05 4.702723251389071576e-04
0.000000000000000000e+00 5.342219427901866331e-03 6.230733290687731282e-04 3.775884705318042112e-04 8.880628679529549603e-04
0.000000000000000000e+00 1.030986790704960937e-02 1.674149584275630908e-03 4.812036811667141597e-04 1.481289006966752316e-04
0.000000000000000000e+00 3.330803897923051426e-02 2.499359445091058236e-03 4.990166885145466344e-03 0.000000000000000000e+00
0.000000000000000000e+00 7.573049179714248791e-02 2.747674763011430810e-03 2.919387894929836511e-02 9.942919647417857376e-06
0.000000000000000000e+00 9.509475365403873004e-02 0.000000000000000000e+00 7.804237845621712910e-02 5.789807718032660352e-04
0.000000000000000000e+00 7.426916471157893329e-02 0.000000000000000000e+00 1.327443213997233362e-01 0.000000000000000000e+00
7.621035717006800769e-02 2.254376487405222035e-02 2.352367035613877472e-02 1.282620945906391141e-01 0.000000000000000000e+00
1.527876264174232723e-01 0.000000000000000000e+00 5.196323219770684898e-02 6.480247694033498818e-02 0.000000000000000000e+00
1.420450292786939739e-01 0.000000000000000000e+00 6.595799205882114935e-02 0.000000000000000000e+00 4.126945257758955071e-02
5.875608211181608531e-02 0.000000000000000000e+00 5.269168951300867709e-02 0.000000000000000000e+00 1.218818298303267628e-01
0.000000000000000000e+00 3.784691907350846551e-03 3.184354036603857796e-02 0.000000000000000000e+00 1.314069561818983767e-01
0.000000000000000000e+00 1.240768201920195574e-02 2.144317143333973608e-02 0.000000000000000000e+00 7.770942584887748084e-02
0.000000000000000000e+00 1.025106835252481523e-02 1.021477484276105477e-02 0.000000000000000000e+00 3.885391174136992865e-02
0.000000000000000000e+00 6.570028314298587482e-03 6.074908154824549406e-03 0.000000000000000000e+00 1.988558157272771534e-02
0.000000000000000000e+00 4.636253778642329335e-03 3.978239645848083948e-03 0.000000000000000000e+00 4.623531559224640722e-03
0.000000000000000000e+00 2.266724549101354572e-03 9.013871368241244261e-04 0.000000000000000000e+00 1.285726134195194293e-03
0.000000000000000000e+00 1.192766373693034251e-03 2.587134576937593993e-04 0.000000000000000000e+00 5.857503570858470102e-04
0.000000000000000000e+00 1.069233539641902507e-03 2.273293065993617487e-04 0.000000000000000000e+00 5.184930117807555949e-04
0.000000000000000000e+00 0.000000000000000000e+00 0.000000000000000000e+00 0.000000000000000000e+00 0.000000000000000000e+00
0.000000000000000000e+00 0.000000000000000000e+00 0.000000000000000000e+00 0.000000000000000000e+00 0.000000000000000000e+00
0.000000000000000000e+00 0.000000000000000000e+00 0.000000000000000000e+00 0.000000000000000000e+00 0.000000000000000000e+00
0.000000000000000000e+00 0.000000000000000000e+00 0.000000000000000000e+00 0.000000000000000000e+00 0.000000000000000000e+00
0.000000000000000000e+00 0.000000000000000000e+00 0.000000000000000000e+00 0.000000000000000000e+00 0.000000000000000000e+00
0.000000000000000000e+00 0.000000000000000000e+00 0.000000000000000000e+00 0.000000000000000000e+00 0.000000000000000000e+00
0.000000000000000000e+00 0.000000000000000000e+00 0.000000000000000000e+00 0.000000000000000000e+00 0.000000000000000000e+00
0.000000000000000000e+00 0.000000000000000000e+00 0.000000000000000000e+00 0.000000000000000000e+00 0.000000000000000000e+00
0.000000000000000000e+00 9.183051782461510316e-04 4.660188422696531210e-04 4.927859877528422252e-06 3.023251580570373982e-05
0.000000000000000000e+00 3.922022491036706790e-03 1.372513298600134537e-03 2.360150955015018442e-04 3.012883242204902578e-05
0.000000000000000000e+00 8.387084305912081636e-03 1.497308998162257205e-03 6.861437352742017198e-04 4.579699198753095697e-05
0.000000000000000000e+00 2.232874248954904231e-02 2.358414841380199970e-03 3.985422100385276230e-03 4.058149767665097441e-04
0.000000000000000000e+00 5.640978482277380496e-02 4.639222237788809614e-03 2.458285482509573253e-02 4.590454010610898970e-06
0.000000000000000000e+00 7.451999727654741446e-02 0.000000000000000000e+00 6.542350690438800132e-02 2.972860605931032258e-03
0.000000000000000000e+00 7.004363592664832050e-02 0.000000000000000000e+00 1.218841025775118520e-01 0.000000000000000000e+00
3.048894849114150429e-02 3.156684542350952222e-02 1.024823858465987239e-02 1.391271153473415678e-01 0.000000000000000000e+00
1.137643516733526788e-01 0.000000000000000000e+00 4.417448797708822816e-02 9.205730825421244712e-02 0.000000000000000000e+00
1.596167580913341044e-01 0.000000000000000000e+00 6.182044615113320429e-02 1.358462968181021330e-02 0.000000000000000000e+00
1.162218152265380861e-01 0.000000000000000000e+00 5.881258512177579140e-02 0.000000000000000000e+00 6.861428078870063230e-02
3.124939337265837322e-02 1.653188621156004984e-02 3.738297826743012392e-02 0.000000000000000000e+00 1.279510058889250790e-01
0.000000000000000000e+00 1.606711707255691068e-02 1.837312369898579448e-02 0.000000000000000000e+00 1.135548544428358203e-01
0.000000000000000000e+00 9.950526418522776667e-03 1.166866579518671503e-02 0.000000000000000000e+00 6.193359207777499736e-02
0.000000000000000000e+00 6.098933371584317094e-03 6.376775285359566163e-03 0.000000000000000000e+00 3.232236319006741992e-02
0.000000000000000000e+00 3.275151248245798934e-03 4.833102902522093229e-03 0.000000000000000000e+00 1.687645276511703582e-02
0.000000000000000000e+00 3.468920599985577183e-03 4.614821843128916364e-03 0.000000000000000000e+00 4.701229423786492355e-03
0.000000000000000000e+00 1.483710828889740546e-03 8.233480916998649375e-04 0.000000000000000000e+00 1.008485538173629946e-03
0.000000000000000000e+00 2.143384451201917702e-04 4.745668302415116853e-05 0.000000000000000000e+00 1.066463396041002752e-04
0.000000000000000000e+00 0.000000000000000000e+00 0.000000000000000000e+00 0.000000000000000000e+00 0.000000000000000000e+00
0.000000000000000000e+00 0.000000000000000000e+00 0.000000000000000000e+00 0.000000000000000000e+00 0.000000000000000000e+00
0.000000000000000000e+00 0.000000000000000000e+00 0.000000000000000000e+00 0.000000000000000000e+00 0.000000000000000000e+00
0.000000000000000000e+00 0.000000000000000000e+00 0.000000000000000000e+00 0.000000000000000000e+00 0.000000000000000000e+00
0.000000000000000000e+00 0.000000000000000000e+00 0.000000000000000000e+00 0.000000000000000000e+00 0.000000000000000000e+00
0.000000000000000000e+00 0.000000000000000000e+00 0.000000000000000000e+00 0.000000000000000000e+00 0.000000000000000000e+00
0.000000000000000000e+00 0.000000000000000000e+00 0.000000000000000000e+00 0.000000000000000000e+00 0.000000000000000000e+00
0.000000000000000000e+00 0.000000000000000000e+00 0.000000000000000000e+00 0.000000000000000000e+00 0.000000000000000000e+00
0.000000000000000000e+00 4.318037267202431994e-04 4.342251759688689223e-04 0.000000000000000000e+00 3.434150144158176787e-05
0.000000000000000000e+00 3.721716158644936510e-03 1.469293129482320253e-03 9.970870802150009994e-05 7.289430824358505891e-05
0.000000000000000000e+00 7.490744915276948551e-03 1.591507313858850185e-03 5.408985685612760193e-04 2.177737654411903746e-04
0.000000000000000000e+00 1.401806405472851187e-02 1.626816880995891586e-03 3.251829619394001718e-03 3.228637199101769923e-04
0.000000000000000000e+00 3.786449917932396131e-02 2.241391542211852803e-03 1.962233633167245750e-02 1.263188538665930161e-03
0.000000000000000000e+00 5.720862878520304590e-02 0.000000000000000000e+00 5.503410302010969257e-02 4.772152878578403597e-03
0.000000000000000000e+00 5.616993133547976830e-02 0.000000000000000000e+00 1.063033861321596579e-01 2.849176547368526078e-03
0.000000000000000000e+00 3.596729175211376556e-02 4.864312410278841259e-03 1.389607355515465326e-01 0.000000000000000000e+00
6.481281458369463067e-02 2.919701263772376144e-03 3.080061037815983241e-02 1.147972221760878569e-01 0.000000000000000000e+00
1.383012946599204984e-01 0.000000000000000000e+00 5.924532690215031372e-02 4.109813827222252164e-02 0.000000000000000000e+00
1.475178820091806731e-01 0.000000000000000000e+00 6.355379913785576262e-02 0.000000000000000000e+00 7.376588445226865687e-03
8.800114139984724360e-02 1.388948433092862186e-02 4.752999760856852635e-02 0.000000000000000000e+00 8.440021945807138493e-02
1.216867211279353857e-02 3.512447652439899121e-02 2.341287947827625643e-02 0.000000000000000000e+00 1.252137610653350219e-01
0.000000000000000000e+00 1.866588013250870121e-02 7.557449371264558964e-03 0.000000000000000000e+00 9.688971523198430802e-02
0.000000000000000000e+00 8.975704560185497963e-03 6.290167490658917296e-03 0.000000000000000000e+00 5.090218653814326116e-02
0.000000000000000000e+00 4.953574550545408392e-03 3.654705522826351936e-03 0.000000000000000000e+00 2.975788612718435061e-02
0.000000000000000000e+00 1.836453491591561555e-03 4.052678646205534925e-03 0.000000000000000000e+00 1.519653835900830474e-02
0.000000000000000000e+00 2.062087533769038292e-03 4.010089468782214971e-03 0.000000000000000000e+00 4.662061225074969409e-03
0.000000000000000000e+00 3.341038398830975141e-04 5.138550187689060449e-04 0.000000000000000000e+00 7.706661781818251265e-04
0.000000000000000000e+00 0.000000000000000000e+00 0.000000000000000000e+00 0.000000000000000000e+00 0.000000000000000000e+00
0.000000000000000000e+00 0.000000000000000000e+00 0.000000000000000000e+00 0.000000000000000000e+00 0.000000000000000000e+00
0.000000000000000000e+00 0.000000000000000000e+00 0.000000000000000000e+00 0.000000000000000000e+00 0.000000000000000000e+00
0.000000000000000000e+00 0.000000000000000000e+00 0.000000000000000000e+00 0.000000000000000000e+00 0.000000000000000000e+00
0.000000000000000000e+00 0.000000000000000000e+00 0.000000000000000000e+00 0.000000000000000000e+00 0.000000000000000000e+00
0.000000000000000000e+00 0.000000000000000000e+00 0.000000000000000000e+00 0.000000000000000000e+00 0.000000000000000000e+00
0.000000000000000000e+00 0.000000000000000000e+00 0.000000000000000000e+00 0.000000000000000000e+00 0.000000000000000000e+00
0.000000000000000000e+00 0.000000000000000000e+00 0.000000000000000000e+00 0.000000000000000000e+00 0.000000000000000000e+00
0.000000000000000000e+00 0.000000000000000000e+00 0.000000000000000000e+00 0.000000000000000000e+00 0.000000000000000000e+00
0.000000000000000000e+00 2.504527374485524070e-03 1.356343567212529204e-03 0.000000000000000000e+00 0.000000000000000000e+00
0.000000000000000000e+00 5.527500343080055979e-03 1.809462305650335300e-03 4.230274797950443798e-04 1.771997990138571212e-05
0.000000000000000000e+00 1.194944381636176001e-02 1.922789036357591685e-03 3.144585359859906285e-03 3.994124496787328118e-04
0.000000000000000000e+00 2.469004840077169624e-02 4.791902047454634742e-04 1.478086396642159378e-02 1.768787987199420264e-03
0.000000000000000000e+00 4.535973828967861110e-02 0.000000000000000000e+00 4.295967157164162081e-02 4.598446858607670162e-03
0.000000000000000000e+00 4.358329923194616956e-02 0.000000000000000000e+00 8.574687317312826296e-02 6.069414369392889079e-03
0.000000000000000000e+00 3.494234020747059855e-02 0.000000000000000000e+00 1.270009660691454045e-01 0.000000000000000000e+00
2.489355413249488488e-02 1.195705540598726406e-02 1.689130070410920989e-02 1.259650264365214933e-01 0.000000000000000000e+00
9.481247215726297528e-02 0.000000000000000000e+00 4.287714833783509011e-02 7.399917236135232501e-02 0.000000000000000000e+00
1.408668199930064036e-01 0.000000000000000000e+00 6.450775513400971994e-02 4.049568938274508353e-03 0.000000000000000000e+00
1.283843118794796290e-01 0.000000000000000000e+00 5.394297003011772063e-02 0.000000000000000000e+00 2.259824444326768642e-02
6.557402432384662472e-02 2.856314336363278278e-02 3.098128075129580328e-02 0.000000000000000000e+00 8.953940659621854870e-02
3.262606769682159947e-03 3.505580369627941256e-02 1.128534071836018692e-02 0.000000000000000000e+00 1.161089069828415837e-01
0.000000000000000000e+00 1.744718802437945221e-02 5.604550943369499948e-04 0.000000000000000000e+00 8.573664960836885340e-02
0.000000000000000000e+00 7.258951518408395670e-03 1.892172322476976237e-03 0.000000000000000000e+00 4.583193309681803801e-02
0.000000000000000000e+00 3.196914392640912757e-03 1.648764325980006922e-03 0.000000000000000000e+00 2.811226274773046679e-02
0.000000000000000000e+00 9.825130891017240086e-04 3.266313504968348675e-03 0.000000000000000000e+00 1.501873188337548778e-02
0.000000000000000000e+00 4.872288854809279251e-04 2.300709449177855241e-03 0.000000000000000000e+00 3.768789975514976343e-03
0.000000000000000000e+00 0.000000000000000000e+00 1.286567469748261193e-04 2.797533056244470178e-04 7.041950793811775373e-04
4.271043573093963401e-05 0.000000000000000000e+00 0.000000000000000000e+00 1.886321258758223447e-04 1.272343518029585318e-04
0.000000000000000000e+00 0.000000000000000000e+00 0.000000000000000000e+00 0.000000000000000000e+00 0.000000000000000000e+00
0.000000000000000000e+00 0.000000000000000000e+00 0.000000000000000000e+00 0.000000000000000000e+00 0.000000000000000000e+00
0.000000000000000000e+00 0.000000000000000000e+00 0.000000000000000000e+00 0.000000000000000000e+00 0.000000000000000000e+00
0.000000000000000000e+00 0.000000000000000000e+00 0.000000000000000000e+00 0.000000000000000000e+00 0.000000000000000000e+00
0.000000000000000000e+00 0.000000000000000000e+00 0.000000000000000000e+00 0.000000000000000000e+00 0.000000000000000000e+00
0.000000000000000000e+00 0.000000000000000000e+00 0.000000000000000000e+00 0.000000000000000000e+00 0.000000000000000000e+00
0.000000000000000000e+00 0.000000000000000000e+00 0.000000000000000000e+00 0.000000000000000000e+00 0.000000000000000000e+00
0.000000000000000000e+00 0.000000000000000000e+00 0.000000000000000000e+00 0.000000000000000000e+00 0.000000000000000000e+00
0.000000000000000000e+00 3.165706250771566609e-03 1.323611703367115131e-03 0.000000000000000000e+00 0.000000000000000000e+00
0.000000000000000000e+00 7.857864888879918450e-03 2.406390511483942011e-03 1.623518045245445421e-03 0.000000000000000000e+00
0.000000000000000000e+00 1.614502530669430919e-02 1.832713684744137180e-03 8.906240309891967286e-03 1.220138237318909268e-03
0.000000000000000000e+00 3.020140515348992624e-02 0.000000000000000000e+00 3.030939181254187209e-02 4.563275266303741529e-03
0.000000000000000000e+00 3.594043483762320024e-02 0.000000000000000000e+00 6.577815698446397297e-02 6.989552273034144343e-03
0.000000000000000000e+00 2.592175067585918494e-02 0.000000000000000000e+00 1.074133450475858315e-01 2.930682623315379338e-03
0.000000000000000000e+00 1.421405924494272173e-02 2.647351763886209974e-03 1.260826045250436067e-01 0.000000000000000000e+00
5.159346044574113915e-02 0.000000000000000000e+00 2.553390968269241695e-02 9.652053003899267736e-02 0.000000000000000000e+00
1.086624543122042402e-01 0.000000000000000000e+00 4.480730344927520009e-02 3.861876796994345717e-02 0.000000000000000000e+00
1.330159899111376387e-01 0.000000000000000000e+00 6.023727659474670260e-02 0.000000000000000000e+00 0.000000000000000000e+00
1.091272974937455426e-01 6.518641331461622404e-03 4.101313748057077574e-02 0.000000000000000000e+00 3.297185640286064839e-02
4.946261995905305159e-02 3.234440528180632102e-02 1.782538363020656422e-02 0.000000000000000000e+00 8.465255168629440274e-02
8.695342312798478527e-04 2.838526741197198999e-02 2.151796725967462017e-03 0.000000000000000000e+00 1.053829478412007664e-01
0.000000000000000000e+00 1.536753182030205223e-02 0.000000000000000000e+00 0.000000000000000000e+00 7.885019419188467327e-02
0.000000000000000000e+00 4.911704574330031693e-03 0.000000000000000000e+00 0.000000000000000000e+00 4.401309165626302727e-02
0.000000000000000000e+00 9.228101275836751065e-04 0.000000000000000000e+00 5.331029001678538101e-04 2.585878556930453626e-02
0.000000000000000000e+00 7.995270816486499356e-04 1.987474550010818932e-03 0.000000000000000000e+00 1.345528869754240679e-02
0.000000000000000000e+00 8.830343506245129197e-04 2.728015706522352642e-03 0.000000000000000000e+00 4.645271462343807632e-03
0.000000000000000000e+00 0.000000000000000000e+00 1.304421582767853504e-04 9.037093801599067726e-05 1.191402525158048601e-03
9.676583095290989706e-06 0.000000000000000000e+00 0.000000000000000000e+00 4.273696601874089662e-05 2.882653283035791115e-05
0.000000000000000000e+00 0.000000000000000000e+00 0.000000000000000000e+00 0.000000000000000000e+00 0.000000000000000000e+00
0.000000000000000000e+00 0.000000000000000000e+00 0.000000000000000000e+00 0.000000000000000000e+00 0.000000000000000000e+00
0.000000000000000000e+00 0.000000000000000000e+00 0.000000000000000000e+00 0.000000000000000000e+00 0.000000000000000000e+00
0.000000000000000000e+00 0.000000000000000000e+00 0.000000000000000000e+00 0.000000000000000000e+00 0.000000000000000000e+00
0.000000000000000000e+00 0.000000000000000000e+00 0.000000000000000000e+00 0.000000000000000000e+00 0.000000000000000000e+00
0.000000000000000000e+00 0.000000000000000000e+00 0.000000000000000000e+00 0.000000000000000000e+00 0.000000000000000000e+00
0.000000000000000000e+00 0.000000000000000000e+00 0.000000000000000000e+00 0.000000000000000000e+00 0.000000000000000000e+00
0.000000000000000000e+00 1.830003744794761044e-04 6.213811719043853823e-06 0.000000000000000000e+00 0.000000000000000000e+00
0.000000000000000000e+00 2.416762807328592683e-03 7.360351407300486093e-04 0.000000000000000000e+00 0.000000000000000000e+00
0.000000000000000000e+00 7.603143039121896402e-03 2.018795886403106608e-03 2.874920600513583297e-03 0.000000000000000000e+00
0.000000000000000000e+00 1.315683463878568327e-02 1.061102182616391212e-04 1.318634886630791828e-02 2.230732333024283524e-03
0.000000000000000000e+00 1.959208808918866396e-02 0.000000000000000000e+00 3.692711643266882032e-02 5.356143097921615970e-03
0.000000000000000000e+00 1.372264775983518016e-02 0.000000000000000000e+00 7.431740657905015757e-02 6.112111614784900872e-03
0.000000000000000000e+00 2.226314081751423844e-03 0.000000000000000000e+00 1.028261138773821221e-01 0.000000000000000000e+00
1.455824475672577376e-02 0.000000000000000000e+00 7.792467138213872609e-03 1.027454362464585852e-01 0.000000000000000000e+00
6.024231416018544644e-02 0.000000000000000000e+00 2.505438699286527404e-02 6.423690038179065420e-02 0.000000000000000000e+00
1.000675582050629120e-01 0.000000000000000000e+00 4.077268399161517592e-02 1.654332674623412019e-02 0.000000000000000000e+00
1.146824909701974898e-01 0.000000000000000000e+00 4.040912943551120545e-02 0.000000000000000000e+00 0.000000000000000000e+00
8.854561197551630292e-02 0.000000000000000000e+00 2.121635813587046532e-02 0.000000000000000000e+00 4.048375003843832781e-02
3.640227340888989999e-02 7.303739635368496595e-03 4.439205329609433384e-03 0.000000000000000000e+00 7.814003524196912187e-02
2.871914892460041783e-03 1.352141795871680645e-02 0.000000000000000000e+00 0.000000000000000000e+00 8.886545524892414116e-02
0.000000000000000000e+00 8.786316943733333412e-03 0.000000000000000000e+00 0.000000000000000000e+00 6.616110684682979803e-02
0.000000000000000000e+00 2.349468294781095323e-03 0.000000000000000000e+00 0.000000000000000000e+00 3.936168241831797948e-02
0.000000000000000000e+00 1.350002754956053938e-03 0.000000000000000000e+00 4.086889532351649975e-04 2.416739601569445686e-02
0.000000000000000000e+00 8.789952537396450005e-04 1.418266328977797752e-03 4.853156401343858718e-05 1.439207090127696612e-02
0.000000000000000000e+00 8.520942657666713289e-04 2.628031757738089579e-03 0.000000000000000000e+00 5.575712667478841325e-03
0.000000000000000000e+00 2.730209527740565484e-04 6.675606223797758481e-04 0.000000000000000000e+00 1.616985034402305911e-03
0.000000000000000000e+00 1.226586474193310807e-04 1.768872272302087997e-04 0.000000000000000000e+00 1.350701485583189051e-04
0.000000000000000000e+00 0.000000000000000000e+00 0.000000000000000000e+00 0.000000000000000000e+00 0.000000000000000000e+00
0.000000000000000000e+00 0.000000000000000000e+00 0.000000000000000000e+00 0.000000000000000000e+00 0.000000000000000000e+00
0.000000000000000000e+00 0.000000000000000000e+00 0.000000000000000000e+00 0.000000000000000000e+00 0.000000000000000000e+00
0.000000000000000000e+00 0.000000000000000000e+00 0.000000000000000000e+00 0.000000000000000000e+00 0.000000000000000000e+00
0.000000000000000000e+00 0.000000000000000000e+00 0.000000000000000000e+00 0.000000000000000000e+00 0.000000000000000000e+00
0.000000000000000000e+00 0.000000000000000000e+00 0.000000000000000000e+00 0.000000000000000000e+00 0.000000000000000000e+00
0.000000000000000000e+00 0.000000000000000000e+00 0.000000000000000000e+00 0.000000000000000000e+00 0.000000000000000000e+00
0.000000000000000000e+00 0.000000000000000000e+00 0.000000000000000000e+00 0.000000000000000000e+00 0.000000000000000000e+00
0.000000000000000000e+00 4.144255048569308415e-04 0.000000000000000000e+00 7.014378363780156321e-05 2.516694973711147449e-05
0.000000000000000000e+00 2.435166334030864927e-03 8.974145864309969944e-04 1.880335084577468849e-03 0.000000000000000000e+00
0.000000000000000000e+00 5.606580047222316232e-04 4.493859731831757092e-04 1.020193944008218438e-02 1.885285718252524946e-03
0.000000000000000000e+00 0.000000000000000000e+00 0.000000000000000000e+00 2.484462450392542140e-02 4.354595043477995676e-03
0.000000000000000000e+00 0.000000000000000000e+00 0.000000000000000000e+00 4.660349113668172533e-02 4.194877038686904008e-03
0.000000000000000000e+00 0.000000000000000000e+00 0.000000000000000000e+00 5.954337921969728858e-02 0.000000000000000000e+00
1.665154165965273408e-02 0.000000000000000000e+00 5.810813815608963789e-03 5.588819675788062741e-02 0.000000000000000000e+00
4.135436766064792824e-02 0.000000000000000000e+00 1.675863712788612861e-02 3.293099135900994651e-02 0.000000000000000000e+00
5.747739686828663708e-02 0.000000000000000000e+00 2.462545518599951883e-02 5.987625247903120666e-03 0.000000000000000000e+00
6.117529040415244784e-02 0.000000000000000000e+00 1.997937950279633779e-02 0.000000000000000000e+00 1.224430741597714450e-02
4.802947979916511595e-02 0.000000000000000000e+00 5.224028475695375803e-03 0.000000000000000000e+00 3.641822696551050287e-02
1.726508641700988389e-02 0.000000000000000000e+00 0.000000000000000000e+00 0.000000000000000000e+00 5.917697010958803544e-02
8.834050811348458879e-04 0.000000000000000000e+00 0.000000000000000000e+00 0.000000000000000000e+00 5.864271001449667536e-02
0.000000000000000000e+00 0.000000000000000000e+00 0.000000000000000000e+00 1.549031033614554529e-04 4.000340662585094575e-02
0.000000000000000000e+00 0.000000000000000000e+00 0.000000000000000000e+00 7.637594310827642424e-04 2.760515957077346733e-02
0.000000000000000000e+00 0.000000000000000000e+00 0.000000000000000000e+00 6.430816483166087224e-04 2.029312739162198939e-02
0.000000000000000000e+00 0.000000000000000000e+00 1.166393787482563043e-03 6.955766724546878224e-05 1.004271121526785666e-02
0.000000000000000000e+00 9.719717103431118818e-04 2.239774764184509007e-03 0.000000000000000000e+00 4.127907944213701254e-03
0.000000000000000000e+00 7.057802251949703461e-04 1.115511319476181640e-03 0.000000000000000000e+00 8.499343715867568047e-04
0.000000000000000000e+00 2.453172948386621614e-04 3.537744544604175994e-04 0.000000000000000000e+00 2.701402971166378102e-04
0.000000000000000000e+00 0.000000000000000000e+00 0.000000000000000000e+00 0.000000000000000000e+00 0.000000000000000000e+00
0.000000000000000000e+00 0.000000000000000000e+00 0.000000000000000000e+00 0.000000000000000000e+00 0.000000000000000000e+00
0.000000000000000000e+00 0.000000000000000000e+00 0.000000000000000000e+00 0.000000000000000000e+00 0.000000000000000000e+00
0.000000000000000000e+00 0.000000000000000000e+00 0.000000000000000000e+00 0.000000000000000000e+00 0.000000000000000000e+00
0.000000000000000000e+00 0.000000000000000000e+00 0.000000000000000000e+00 0.000000000000000000e+00 0.000000000000000000e+00
0.000000000000000000e+00 0.000000000000000000e+00 0.000000000000000000e+00 0.000000000000000000e+00 0.000000000000000000e+00
0.000000000000000000e+00 0.000000000000000000e+00 0.000000000000000000e+00 0.000000000000000000e+00 0.000000000000000000e+00
0.000000000000000000e+00 0.000000000000000000e+00 0.000000000000000000e+00 0.000000000000000000e+00 0.000000000000000000e+00
0.000000000000000000e+00 0.000000000000000000e+00 0.000000000000000000e+00 0.000000000000000000e+00 0.000000000000000000e+00
0.000000000000000000e+00 0.000000000000000000e+00 8.312606855801577552e-04 1.096860086993778404e-04 0.000000000000000000e+00
0.000000000000000000e+00 0.000000000000000000e+00 1.401077162270595753e-03 4.603504870500732277e-04 0.000000000000000000e+00
0.000000000000000000e+00 0.000000000000000000e+00 2.408564212897929512e-03 1.353492116454294751e-03 0.000000000000000000e+00
0.000000000000000000e+00 0.000000000000000000e+00 2.506709786024405914e-03 1.886033864737104472e-03 1.043511023468433148e-03
0.000000000000000000e+00 0.000000000000000000e+00 1.881464926196186162e-03 1.878999970499989737e-03 1.209586332517650041e-03
3.457054484216482950e-05 0.000000000000000000e+00 3.399339794934863081e-03 2.409058185006657943e-03 1.044572059454826384e-03
2.195777748704387002e-03 0.000000000000000000e+00 6.618541350773663942e-03 8.069591254706749706e-04 1.572200678294103987e-03
3.977888489534336415e-03 0.000000000000000000e+00 1.230690763612478020e-02 0.000000000000000000e+00 2.781126508436225931e-03
3.715812308954184913e-03 0.000000000000000000e+00 1.169246711107884210e-02 0.000000000000000000e+00 4.959017125635755731e-03
2.192010250100891264e-03 0.000000000000000000e+00 4.438201676513375826e-03 0.000000000000000000e+00 1.108222204956686198e-02
0.000000000000000000e+00 0.000000000000000000e+00 0.000000000000000000e+00 3.697953304658584735e-04 1.786020889672062031e-02
0.000000000000000000e+00 0.000000000000000000e+00 0.000000000000000000e+00 1.717992354831481580e-04 1.503647267513305748e-02
0.000000000000000000e+00 0.000000000000000000e+00 6.305043171762524318e-04 0.000000000000000000e+00 8.039094924879985199e-03
0.000000000000000000e+00 0.000000000000000000e+00 6.133223377041164279e-04 0.000000000000000000e+00 5.468171745165428463e-03
0.000000000000000000e+00 0.000000000000000000e+00 6.609326316005522750e-04 0.000000000000000000e+00 2.694664257378553626e-03
0.000000000000000000e+00 0.000000000000000000e+00 7.285043689648943799e-04 0.000000000000000000e+00 1.165855699993322784e-03
0.000000000000000000e+00 5.369635455920321668e-04 9.923804659252547129e-04 0.000000000000000000e+00 2.201063892826999029e-04
0.000000000000000000e+00 3.938413338426451776e-04 6.148000950202091308e-04 0.000000000000000000e+00 6.823984567343826765e-05
0.000000000000000000e+00 0.000000000000000000e+00 0.000000000000000000e+00 0.000000000000000000e+00 0.000000000000000000e+00
0.000000000000000000e+00 0.000000000000000000e+00 0.000000000000000000e+00 0.000000000000000000e+00 0.000000000000000000e+00
0.000000000000000000e+00 0.000000000000000000e+00 0.000000000000000000e+00 0.000000000000000000e+00 0.000000000000000000e+00
0.000000000000000000e+00 0.000000000000000000e+00 0.000000000000000000e+00 0.000000000000000000e+00 0.000000000000000000e+00
0.000000000000000000e+00 0.000000000000000000e+00 0.000000000000000000e+00 0.000000000000000000e+00 0.000000000000000000e+00
