1491.62444138526920.000000000000000000e+00 0.000000000000000000e+00 0.000000000000000000e+00 0.000000000000000000e+00 0.000000000000000000e+00
0.000000000000000000e+00 0.000000000000000000e+00 0.000000000000000000e+00 0.000000000000000000e+00 0.000000000000000000e+00
0.000000000000000000e+00 0.000000000000000000e+00 0.000000000000000000e+00 0.000000000000000000e+00 0.000000000000000000e+00
0.000000000000000000e+00 0.000000000000000000e+00 0.000000000000000000e+00 0.000000000000000000e+00 0.000000000000000000e+00
0.000000000000000000e+00 0.000000000000000000e+00 0.000000000000000000e+00 0.000000000000000000e+00 0.000000000000000000e+00
0.000000000000000000e+00 0.000000000000000000e+00 0.000000000000000000e+00 0.000000000000000000e+00 0.000000000000000000e+00
0.000000000000000000e+00 0.000000000000000000e+00 0.000000000000000000e+00 0.000000000000000000e+00 0.000000000000000000e+00
0.000000000000000000e+00 0.000000000000000000e+00 0.000000000000000000e+00 0.000000000000000000e+00 0.000000000000000000e+00
0.000000000000000000e+00 0.000000000000000000e+00 0.000000000000000000e+00 0.000000000000000000e+00 0.000000000000000000e+00
0.000000000000000000e+00 0.000000000000000000e+00 0.000000000000000000e+00 0.000000000000000000e+00 0.000000000000000000e+00
0.000000000000000000e+00 0.000000000000000000e+00 0.000000000000000000e+00 0.000000000000000000e+00 0.000000000000000000e+00
0.000000000000000000e+00 0.000000000000000000e+00 0.000000000000000000e+00 0.000000000000000000e+00 0.000000000000000000e+00
0.000000000000000000e+00 0.000000000000000000e+00 0.000000000000000000e+00 0.000000000000000000e+00 0.000000000000000000e+00
0.000000000000000000e+00 0.000000000000000000e+00 0.000000000000000000e+00 0.000000000000000000e+00 0.000000000000000000e+00
0.000000000000000000e+00 0.000000000000000000e+00 0.000000000000000000e+00 0.000000000000000000e+00 0.000000000000000000e+00
0.000000000000000000e+00 0.000000000000000000e+00 0.000000000000000000e+00 0.000000000000000000e+00 0.000000000000000000e+00
0.000000000000000000e+00 0.000000000000000000e+00 0.000000000000000000e+00 0.000000000000000000e+00 0.000000000000000000e+00
0.000000000000000000e+00 0.000000000000000000e+00 0.000000000000000000e+00 0.000000000000000000e+00 0.000000000000000000e+00
0.000000000000000000e+00 0.000000000000000000e+00 0.000000000000000000e+00 0.000000000000000000e+00 0.000000000000000000e+00
0.000000000000000000e+00 0.000000000000000000e+00 0.000000000000000000e+00 0.000000000000000000e+00 0.000000000000000000e+00
0.000000000000000000e+00 0.000000000000000000e+00 0.000000000000000000e+00 0.000000000000000000e+00 0.000000000000000000e+00
0.000000000000000000e+00 0.000000000000000000e+00 0.000000000000000000e+00 0.000000000000000000e+00 0.000000000000000000e+00
0.000000000000000000e+00 0.000000000000000000e+00 0.000000000000000000e+00 0.000000000000000000e+00 0.000000000000000000e+00
0.000000000000000000e+00 0.000000000000000000e+00 0.000000000000000000e+00 0.000000000000000000e+00 0.000000000000000000e+00
0.000000000000000000e+00 0.000000000000000000e+00 0.000000000000000000e+00 0.000000000000000000e+00 0.000000000000000000e+00
0.000000000000000000e+00 0.000000000000000000e+00 0.000000000000000000e+00 0.000000000000000000e+00 0.000000000000000000e+00
0.000000000000000000e+00 0.000000000000000000e+00 0.000000000000000000e+00 0.000000000000000000e+00 0.000000000000000000e+00
0.000000000000000000e+00 0.000000000000000000e+00 0.000000000000000000e+00 0.000000000000000000e+00 0.000000000000000000e+00
0.000000000000000000e+00 0.000000000000000000e+00 0.000000000000000000e+00 0.000000000000000000e+00 0.000000000000000000e+00
0.000000000000000000e+00 0.000000000000000000e+00 0.000000000000000000e+00 0.000000000000000000e+00 0.000000000000000000e+00
0.000000000000000000e+00 0.000000000000000000e+00 0.000000000000000000e+00 0.000000000000000000e+00 0.000000000000000000e+00
0.000000000000000000e+00 0.000000000000000000e+00 0.000000000000000000e+00 0.000000000000000000e+00 0.000000000000000000e+00
0.000000000000000000e+00 0.000000000000000000e+00 0.000000000000000000e+00 0.000000000000000000e+00 0.000000000000000000e+00
0.000000000000000000e+00 0.000000000000000000e+00 0.000000000000000000e+00 0.000000000000000000e+00 0.000000000000000000e+00
0.000000000000000000e+00 0.000000000000000000e+00 0.000000000000000000e+00 0.000000000000000000e+00 0.000000000000000000e+00
0.000000000000000000e+00 0.000000000000000000e+00 0.000000000000000000e+00 0.000000000000000000e+00 0.000000000000000000e+00
0.000000000000000000e+00 0.000000000000000000e+00 0.000000000000000000e+00 0.000000000000000000e+00 0.000000000000000000e+00
0.000000000000000000e+00 0.000000000000000000e+00 0.000000000000000000e+00 0.000000000000000000e+00 0.000000000000000000e+00
0.000000000000000000e+00 0.000000000000000000e+00 0.000000000000000000e+00 0.000000000000000000e+00 0.000000000000000000e+00
0.000000000000000000e+00 0.000000000000000000e+00 0.000000000000000000e+00 0.000000000000000000e+00 0.000000000000000000e+00
0.000000000000000000e+00 0.000000000000000000e+00 0.000000000000000000e+00 0.000000000000000000e+00 0.000000000000000000e+00
0.000000000000000000e+00 0.000000000000000000e+00 0.000000000000000000e+00 0.000000000000000000e+00 0.000000000000000000e+00
0.000000000000000000e+00 0.000000000000000000e+00 0.000000000000000000e+00 0.000000000000000000e+00 0.000000000000000000e+00
0.000000000000000000e+00 0.000000000000000000e+00 0.000000000000000000e+00 0.000000000000000000e+00 0.000000000000000000e+00
0.000000000000000000e+00 0.000000000000000000e+00 0.000000000000000000e+00 0.000000000000000000e+00 0.000000000000000000e+00
0.000000000000000000e+00 0.000000000000000000e+00 0.000000000000000000e+00 0.000000000000000000e+00 0.000000000000000000e+00
0.000000000000000000e+00 0.000000000000000000e+00 0.000000000000000000e+00 0.000000000000000000e+00 0.000000000000000000e+00
0.000000000000000000e+00 0.000000000000000000e+00 0.000000000000000000e+00 0.000000000000000000e+00 0.000000000000000000e+00
0.000000000000000000e+00 0.000000000000000000e+00 0.000000000000000000e+00 0.000000000000000000e+00 0.000000000000000000e+00
0.000000000000000000e+00 0.000000000000000000e+00 0.000000000000000000e+00 0.000000000000000000e+00 0.000000000000000000e+00
0.000000000000000000e+00 0.000000000000000000e+00 0.000000000000000000e+00 0.000000000000000000e+00 0.000000000000000000e+00
0.000000000000000000e+00 0.000000000000000000e+00 0.000000000000000000e+00 0.000000000000000000e+00 0.000000000000000000e+00
0.000000000000000000e+00 0.000000000000000000e+00 0.000000000000000000e+00 0.000000000000000000e+00 0.000000000000000000e+00
0.000000000000000000e+00 0.000000000000000000e+00 0.000000000000000000e+00 0.000000000000000000e+00 0.000000000000000000e+00
0.000000000000000000e+00 0.000000000000000000e+00 0.000000000000000000e+00 0.000000000000000000e+00 0.000000000000000000e+00
0.000000000000000000e+00 0.000000000000000000e+00 0.000000000000000000e+00 0.000000000000000000e+00 0.000000000000000000e+00
0.000000000000000000e+00 0.000000000000000000e+00 0.000000000000000000e+00 0.000000000000000000e+00 0.000000000000000000e+00
0.000000000000000000e+00 0.000000000000000000e+00 0.000000000000000000e+00 0.000000000000000000e+00 0.000000000000000000e+00
0.000000000000000000e+00 0.000000000000000000e+00 0.000000000000000000e+00 0.000000000000000000e+00 0.000000000000000000e+00
0.000000000000000000e+00 0.000000000000000000e+00 0.000000000000000000e+00 0.000000000000000000e+00 0.000000000000000000e+00
0.000000000000000000e+00 0.000000000000000000e+00 0.000000000000000000e+00 0.000000000000000000e+00 0.000000000000000000e+00
0.000000000000000000e+00 0.000000000000000000e+00 0.000000000000000000e+00 0.000000000000000000e+00 0.000000000000000000e+00
0.000000000000000000e+00 0.000000000000000000e+00 0.000000000000000000e+00 0.000000000000000000e+00 0.000000000000000000e+00
0.000000000000000000e+00 0.000000000000000000e+00 0.000000000000000000e+00 0.000000000000000000e+00 0.000000000000000000e+00
0.000000000000000000e+00 0.000000000000000000e+00 0.000000000000000000e+00 0.000000000000000000e+00 0.000000000000000000e+00
0.000000000000000000e+00 0.000000000000000000e+00 0.000000000000000000e+00 0.000000000000000000e+00 0.000000000000000000e+00
0.000000000000000000e+00 0.000000000000000000e+00 0.000000000000000000e+00 0.000000000000000000e+00 0.000000000000000000e+00
0.000000000000000000e+00 0.000000000000000000e+00 0.000000000000000000e+00 0.000000000000000000e+00 0.000000000000000000e+00
0.000000000000000000e+00 0.000000000000000000e+00 0.000000000000000000e+00 0.000000000000000000e+00 0.000000000000000000e+00
0.000000000000000000e+00 0.000000000000000000e+00 0.000000000000000000e+00 0.000000000000000000e+00 0.000000000000000000e+00
0.000000000000000000e+00 0.000000000000000000e+00 0.000000000000000000e+00 0.000000000000000000e+00 0.000000000000000000e+00
0.000000000000000000e+00 0.000000000000000000e+00 0.000000000000000000e+00 0.000000000000000000e+00 0.000000000000000000e+00
0.000000000000000000e+00 0.000000000000000000e+00 0.000000000000000000e+00 0.000000000000000000e+00 0.000000000000000000e+00
5.760478682787355275e-05 7.541037406056270097e-05 0.000000000000000000e+00 2.649040267536910832e-05 0.000000000000000000e+00
2.025458633625227157e-04 2.651526055677852598e-04 0.000000000000000000e+00 9.314367392307176590e-05 0.000000000000000000e+00
1.022020411462275164e-05 1.337925991397083752e-05 0.000000000000000000e+00 4.699910152081581209e-06 0.000000000000000000e+00
0.000000000000000000e+00 0.000000000000000000e+00 0.000000000000000000e+00 0.000000000000000000e+00 0.000000000000000000e+00
0.000000000000000000e+00 0.000000000000000000e+00 0.000000000000000000e+00 0.000000000000000000e+00 0.000000000000000000e+00
0.000000000000000000e+00 0.000000000000000000e+00 0.000000000000000000e+00 0.000000000000000000e+00 0.000000000000000000e+00
0.000000000000000000e+00 0.000000000000000000e+00 0.000000000000000000e+00 0.000000000000000000e+00 0.000000000000000000e+00
0.000000000000000000e+00 0.000000000000000000e+00 0.000000000000000000e+00 0.000000000000000000e+00 0.000000000000000000e+00
0.000000000000000000e+00 0.000000000000000000e+00 0.000000000000000000e+00 0.000000000000000000e+00 0.000000000000000000e+00
0.000000000000000000e+00 0.000000000000000000e+00 0.000000000000000000e+00 0.000000000000000000e+00 0.000000000000000000e+00
0.000000000000000000e+00 0.000000000000000000e+00 0.000000000000000000e+00 0.000000000000000000e+00 0.000000000000000000e+00
0.000000000000000000e+00 0.000000000000000000e+00 0.000000000000000000e+00 0.000000000000000000e+00 0.000000000000000000e+00
0.000000000000000000e+00 0.000000000000000000e+00 0.000000000000000000e+00 0.000000000000000000e+00 0.000000000000000000e+00
0.000000000000000000e+00 0.000000000000000000e+00 0.000000000000000000e+00 0.000000000000000000e+00 0.000000000000000000e+00
0.000000000000000000e+00 0.000000000000000000e+00 0.000000000000000000e+00 0.000000000000000000e+00 0.000000000000000000e+00
0.000000000000000000e+00 0.000000000000000000e+00 0.000000000000000000e+00 0.000000000000000000e+00 0.000000000000000000e+00
0.000000000000000000e+00 0.000000000000000000e+00 0.000000000000000000e+00 0.000000000000000000e+00 0.000000000000000000e+00
0.000000000000000000e+00 0.000000000000000000e+00 0.000000000000000000e+00 0.000000000000000000e+00 0.000000000000000000e+00
0.000000000000000000e+00 0.000000000000000000e+00 0.000000000000000000e+00 0.000000000000000000e+00 0.000000000000000000e+00
0.000000000000000000e+00 0.000000000000000000e+00 0.000000000000000000e+00 0.000000000000000000e+00 0.000000000000000000e+00
0.000000000000000000e+00 0.000000000000000000e+00 0.000000000000000000e+00 0.000000000000000000e+00 0.000000000000000000e+00
0.000000000000000000e+00 9.489824049503588514e-05 9.152046139003809506e-06 0.000000000000000000e+00 1.306232563445082961e-04
0.000000000000000000e+00 2.066138906980526351e-04 1.992597387226144898e-05 0.000000000000000000e+00 2.843949378639930520e-04
0.000000000000000000e+00 2.327761759499160905e-04 1.618473651708139812e-04 0.000000000000000000e+00 3.227865492054094853e-04
0.000000000000000000e+00 1.700813090150988421e-04 5.205974213877420046e-04 0.000000000000000000e+00 4.245979048002634947e-04
0.000000000000000000e+00 5.404810767204618023e-05 6.824481534028268952e-04 1.734378132482940649e-04 5.650895141672085484e-04
0.000000000000000000e+00 2.357462720226981192e-03 5.747497959441694561e-04 2.911562555117909673e-04 0.000000000000000000e+00
0.000000000000000000e+00 2.270552982859474263e-03 1.471747900236410620e-03 0.000000000000000000e+00 0.000000000000000000e+00
0.000000000000000000e+00 2.452237398387856464e-03 2.371237608918727938e-03 0.000000000000000000e+00 0.000000000000000000e+00
1.606803148394094394e-04 3.291663930151829918e-03 1.500810768703727616e-03 0.000000000000000000e+00 0.000000000000000000e+00
2.605663988988747592e-04 2.972804095742771248e-03 1.006545734248062056e-03 0.000000000000000000e+00 0.000000000000000000e+00
9.668321851927519711e-06 1.183225026564063871e-03 6.590183671299547309e-04 0.000000000000000000e+00 0.000000000000000000e+00
0.000000000000000000e+00 2.712569776799082159e-04 4.547092555710009125e-04 3.045616712499352066e-04 0.000000000000000000e+00
0.000000000000000000e+00 2.136537153940115902e-04 4.263955090009970985e-04 7.238290043099788313e-05 0.000000000000000000e+00
0.000000000000000000e+00 3.942739500610749478e-05 1.211702115461570501e-04 2.623114836681603894e-05 0.000000000000000000e+00
0.000000000000000000e+00 0.000000000000000000e+00 0.000000000000000000e+00 0.000000000000000000e+00 0.000000000000000000e+00
0.000000000000000000e+00 0.000000000000000000e+00 0.000000000000000000e+00 0.000000000000000000e+00 0.000000000000000000e+00
0.000000000000000000e+00 0.000000000000000000e+00 0.000000000000000000e+00 0.000000000000000000e+00 0.000000000000000000e+00
0.000000000000000000e+00 0.000000000000000000e+00 0.000000000000000000e+00 0.000000000000000000e+00 0.000000000000000000e+00
0.000000000000000000e+00 0.000000000000000000e+00 0.000000000000000000e+00 0.000000000000000000e+00 0.000000000000000000e+00
0.000000000000000000e+00 0.000000000000000000e+00 0.000000000000000000e+00 0.000000000000000000e+00 0.000000000000000000e+00
0.000000000000000000e+00 0.000000000000000000e+00 0.000000000000000000e+00 0.000000000000000000e+00 0.000000000000000000e+00
0.000000000000000000e+00 0.000000000000000000e+00 0.000000000000000000e+00 0.000000000000000000e+00 0.000000000000000000e+00
0.000000000000000000e+00 0.000000000000000000e+00 0.000000000000000000e+00 0.000000000000000000e+00 0.000000000000000000e+00
0.000000000000000000e+00 3.087316346265750011e-05 1.752930122109260132e-04 0.000000000000000000e+00 0.000000000000000000e+00
0.000000000000000000e+00 4.472744778411993894e-04 9.023829637929434242e-05 0.000000000000000000e+00 6.839947490986747437e-04
0.000000000000000000e+00 1.891554901946556439e-03 8.459852306934963955e-05 0.000000000000000000e+00 3.005998861180949645e-03
0.000000000000000000e+00 2.869910480828855720e-03 0.000000000000000000e+00 0.000000000000000000e+00 4.352137906170177803e-03
0.000000000000000000e+00 3.472802370656796582e-03 0.000000000000000000e+00 0.000000000000000000e+00 5.613192684946096724e-03
0.000000000000000000e+00 4.361628874938341602e-03 8.390820659326133192e-04 0.000000000000000000e+00 9.327763983250322508e-03
0.000000000000000000e+00 4.120884597109386246e-03 4.500000464463796077e-03 0.000000000000000000e+00 1.521949053594955775e-02
0.000000000000000000e+00 5.345697127895758169e-03 1.124509039731410795e-02 0.000000000000000000e+00 2.091336923582555116e-02
0.000000000000000000e+00 3.830108106495366382e-03 2.341221300287705739e-02 0.000000000000000000e+00 2.715624884366468067e-02
0.000000000000000000e+00 3.988335084194506372e-03 3.563035792270247137e-02 0.000000000000000000e+00 2.458425962695237957e-02
0.000000000000000000e+00 4.488050442323584382e-03 4.811123683166879800e-02 0.000000000000000000e+00 1.699105125474411476e-02
0.000000000000000000e+00 1.168739607511565769e-02 5.859552000208211736e-02 0.000000000000000000e+00 3.448470656156708749e-03
0.000000000000000000e+00 1.321074778828643277e-02 5.504387182164849346e-02 0.000000000000000000e+00 0.000000000000000000e+00
0.000000000000000000e+00 1.258350629212760113e-02 4.707716722883543981e-02 1.144851708018911843e-03 0.000000000000000000e+00
0.000000000000000000e+00 1.379402205750436192e-02 3.354318787410195957e-02 6.604674770148046513e-03 0.000000000000000000e+00
0.000000000000000000e+00 1.162593215069055753e-02 1.781478320273761906e-02 9.358884407207239756e-03 0.000000000000000000e+00
0.000000000000000000e+00 9.613740214392272124e-03 8.823993893125001500e-03 8.469433530711426364e-03 0.000000000000000000e+00
0.000000000000000000e+00 4.827128109308660188e-03 4.557318576941874790e-03 5.505607150418349686e-03 0.000000000000000000e+00
0.000000000000000000e+00 2.458421545718884275e-03 2.140640730356309796e-03 2.323056622141521019e-03 0.000000000000000000e+00
0.000000000000000000e+00 1.022884526196340352e-03 9.380410737787758671e-04 5.528716039378268584e-04 0.000000000000000000e+00
0.000000000000000000e+00 6.802486076728832276e-05 2.128386582711417355e-05 0.000000000000000000e+00 1.089414454439818704e-04
0.000000000000000000e+00 0.000000000000000000e+00 0.000000000000000000e+00 0.000000000000000000e+00 0.000000000000000000e+00
0.000000000000000000e+00 0.000000000000000000e+00 0.000000000000000000e+00 0.000000000000000000e+00 0.000000000000000000e+00
0.000000000000000000e+00 0.000000000000000000e+00 0.000000000000000000e+00 0.000000000000000000e+00 0.000000000000000000e+00
0.000000000000000000e+00 0.000000000000000000e+00 0.000000000000000000e+00 0.000000000000000000e+00 0.000000000000000000e+00
0.000000000000000000e+00 0.000000000000000000e+00 0.000000000000000000e+00 0.000000000000000000e+00 0.000000000000000000e+00
0.000000000000000000e+00 0.000000000000000000e+00 0.000000000000000000e+00 0.000000000000000000e+00 0.000000000000000000e+00
0.000000000000000000e+00 0.000000000000000000e+00 0.000000000000000000e+00 0.000000000000000000e+00 0.000000000000000000e+00
0.000000000000000000e+00 2.021701738986210863e-04 0.000000000000000000e+00 0.000000000000000000e+00 3.694952272205568895e-04
0.000000000000000000e+00 1.738384321985269763e-03 4.023717771891687482e-05 0.000000000000000000e+00 2.443292106545767121e-03
0.000000000000000000e+00 3.825507585686716266e-03 0.000000000000000000e+00 0.000000000000000000e+00 7.133619589156207225e-03
0.000000000000000000e+00 4.540341783813471414e-03 1.037124479230266920e-05 0.000000000000000000e+00 1.458152554632113559e-02
0.000000000000000000e+00 6.655259475923024255e-03 1.474547785764234158e-03 0.000000000000000000e+00 3.105686820556843170e-02
0.000000000000000000e+00 4.484957511254827889e-03 6.703192731862687818e-03 0.000000000000000000e+00 5.380623270941102543e-02
0.000000000000000000e+00 2.176768811243213163e-03 2.126032796398024186e-02 0.000000000000000000e+00 9.172808032357708530e-02
8.284458762511031499e-03 0.000000000000000000e+00 3.664051648602115185e-02 0.000000000000000000e+00 1.116881696767749316e-01
2.627119047822826237e-02 1.317506339742783575e-03 6.201971255309644132e-02 0.000000000000000000e+00 1.095782521782977942e-01
4.740780680646466266e-02 2.881698118450897773e-03 9.303076144442461171e-02 0.000000000000000000e+00 8.087221313304432391e-02
6.230086652763936611e-02 0.000000000000000000e+00 1.141861688599679348e-01 0.000000000000000000e+00 4.849971388868306449e-02
6.992087371821745223e-02 0.000000000000000000e+00 1.225056339595598787e-01 1.147266857725204661e-02 1.249693895401253300e-02
6.070833771969079418e-02 0.000000000000000000e+00 1.207342400690815526e-01 3.359080538251450754e-02 0.000000000000000000e+00
3.932668169027185578e-02 0.000000000000000000e+00 1.048678875128063875e-01 5.361604613718706780e-02 0.000000000000000000e+00
1.864612803675057620e-02 0.000000000000000000e+00 8.217526853646089924e-02 6.011119031490422260e-02 0.000000000000000000e+00
3.100287805351713017e-03 0.000000000000000000e+00 5.232824337637954903e-02 5.593440293733409341e-02 0.000000000000000000e+00
0.000000000000000000e+00 1.616921924097892505e-03 2.553903753689647574e-02 4.762366976009577146e-02 0.000000000000000000e+00
0.000000000000000000e+00 4.773141244009420259e-04 8.597744423518099977e-03 3.112452508083283359e-02 0.000000000000000000e+00
0.000000000000000000e+00 1.654900601088808883e-03 3.414359750294380935e-03 1.331984610440856490e-02 0.000000000000000000e+00
0.000000000000000000e+00 1.737223491924529085e-03 4.193125714384870507e-04 3.663685233844546450e-03 0.000000000000000000e+00
5.046729395550603355e-04 0.000000000000000000e+00 1.539372182824593957e-04 9.847678632109990986e-04 0.000000000000000000e+00
5.280894196304876170e-04 0.000000000000000000e+00 8.484753302794932996e-05 4.371563688825997728e-04 0.000000000000000000e+00
0.000000000000000000e+00 0.000000000000000000e+00 0.000000000000000000e+00 0.000000000000000000e+00 0.000000000000000000e+00
0.000000000000000000e+00 0.000000000000000000e+00 0.000000000000000000e+00 0.000000000000000000e+00 0.000000000000000000e+00
0.000000000000000000e+00 0.000000000000000000e+00 0.000000000000000000e+00 0.000000000000000000e+00 0.000000000000000000e+00
0.000000000000000000e+00 0.000000000000000000e+00 0.000000000000000000e+00 0.000000000000000000e+00 0.000000000000000000e+00
0.000000000000000000e+00 0.000000000000000000e+00 0.000000000000000000e+00 0.000000000000000000e+00 0.000000000000000000e+00
0.000000000000000000e+00 4.235069785871861317e-05 3.748083681721272594e-05 1.674987409544340133e-04 0.000000000000000000e+00
0.000000000000000000e+00 4.885356240506295421e-04 0.000000000000000000e+00 0.000000000000000000e+00 8.304375581081870029e-04
0.000000000000000000e+00 3.671151450655949292e-03 0.000000000000000000e+00 0.000000000000000000e+00 8.066995763686099150e-03
0.000000000000000000e+00 4.498332454070195358e-03 0.000000000000000000e+00 0.000000000000000000e+00 2.522901340664716885e-02
0.000000000000000000e+00 5.721283437579747361e-03 0.000000000000000000e+00 0.000000000000000000e+00 5.748197793751271684e-02
0.000000000000000000e+00 6.056922661832442973e-04 5.083030286067953063e-04 0.000000000000000000e+00 9.861689415091451361e-02
1.348572176502604858e-02 0.000000000000000000e+00 1.194087674716403334e-02 0.000000000000000000e+00 1.384437853697670917e-01
4.476047059652426413e-02 0.000000000000000000e+00 2.744115648493942669e-02 0.000000000000000000e+00 1.524134854900550951e-01
7.131411156370234816e-02 8.563037302686850316e-03 5.181955945134628788e-02 0.000000000000000000e+00 1.249941581142505337e-01
8.992732648620779812e-02 2.458873868445727445e-02 7.530036112366077228e-02 0.000000000000000000e+00 8.840300007159161699e-02
9.827797469457046076e-02 3.662354874209794442e-02 8.742923187222906289e-02 2.096468120042277450e-02 5.592774326614433078e-02
9.787299587745061646e-02 4.360825901014607486e-02 8.449413238052932984e-02 4.456318459519522518e-02 4.192435846184631998e-02
9.417895998681405367e-02 4.258683338826851905e-02 7.771217856196308005e-02 6.100788065451433206e-02 3.195823069659831789e-02
9.124172912692279924e-02 2.164881930433336724e-02 7.939195862763902267e-02 7.269161235824608824e-02 2.045196261899987281e-02
8.195962109553062147e-02 0.000000000000000000e+00 8.368228463951221663e-02 7.952714899691050443e-02 0.000000000000000000e+00
5.760477027661696503e-02 0.000000000000000000e+00 7.764921642651256839e-02 8.934273881047730126e-02 0.000000000000000000e+00
2.696150182157921321e-02 0.000000000000000000e+00 6.258991823332867022e-02 9.313645986744359395e-02 0.000000000000000000e+00
8.494434373235238214e-03 0.000000000000000000e+00 4.000485122227308982e-02 8.475104651673359690e-02 0.000000000000000000e+00
2.887940515352581655e-03 0.000000000000000000e+00 1.607526885858522742e-02 6.651850666925537836e-02 0.000000000000000000e+00
1.678430259204345557e-03 0.000000000000000000e+00 2.788937025240775629e-03 3.758468116691834893e-02 8.529716825690625802e-04
1.553809007863530102e-03 6.413787542996182743e-04 0.000000000000000000e+00 1.513696050319665934e-02 0.000000000000000000e+00
9.930932125196438240e-04 8.642878989044161129e-04 0.000000000000000000e+00 5.256358728078677246e-03 0.000000000000000000e+00
1.130057952163181917e-03 0.000000000000000000e+00 0.000000000000000000e+00 6.942127315418190241e-04 0.000000000000000000e+00
3.125661481538947128e-04 0.000000000000000000e+00 0.000000000000000000e+00 5.107760845979971223e-04 0.000000000000000000e+00
0.000000000000000000e+00 0.000000000000000000e+00 0.000000000000000000e+00 0.000000000000000000e+00 0.000000000000000000e+00
0.000000000000000000e+00 0.000000000000000000e+00 0.000000000000000000e+00 0.000000000000000000e+00 0.000000000000000000e+00
0.000000000000000000e+00 0.000000000000000000e+00 0.000000000000000000e+00 0.000000000000000000e+00 0.000000000000000000e+00
0.000000000000000000e+00 0.000000000000000000e+00 0.000000000000000000e+00 0.000000000000000000e+00 0.000000000000000000e+00
0.000000000000000000e+00 8.540979496719565032e-05 0.000000000000000000e+00 2.451908292697173368e-05 5.146212932673161844e-04
0.000000000000000000e+00 2.291890232557700514e-03 0.000000000000000000e+00 0.000000000000000000e+00 8.435039826323081219e-03
0.000000000000000000e+00 3.785536470016183895e-03 0.000000000000000000e+00 0.000000000000000000e+00 2.507312620931638480e-02
0.000000000000000000e+00 4.185350776640923780e-04 0.000000000000000000e+00 6.704159523456518265e-04 6.110639047412417396e-02
2.169973301436617374e-03 0.000000000000000000e+00 0.000000000000000000e+00 0.000000000000000000e+00 1.154851111819013426e-01
2.298275295748165165e-02 0.000000000000000000e+00 0.000000000000000000e+00 0.000000000000000000e+00 1.526713197923290077e-01
6.093648711742886276e-02 0.000000000000000000e+00 1.040595640581876494e-02 0.000000000000000000e+00 1.531368431240360817e-01
9.531577729737249205e-02 6.396795481523157327e-04 3.475209021961437467e-02 0.000000000000000000e+00 1.067666894053663218e-01
1.047171893360290679e-01 3.297486204265077936e-02 5.551244170634590802e-02 1.206929683902824291e-02 4.914804638345014742e-02
9.606029376286774613e-02 6.288031706753900718e-02 5.453935293921661348e-02 5.116271292566648698e-02 9.114413147158485079e-03
7.843701009483772246e-02 8.035486056060651971e-02 3.969581505692588996e-02 8.167367935158131864e-02 3.700485025532738569e-03
6.288200770504225046e-02 1.038492955602792894e-01 1.408398607032767917e-02 9.387867021890096420e-02 2.222254354443223279e-02
5.564348247021144722e-02 1.119029808652285823e-01 6.320364788856737935e-03 8.742285387131668029e-02 4.057339972629607494e-02
6.381799106657962128e-02 8.608045525354723893e-02 1.496862637727779458e-02 7.389113816463592499e-02 4.766676219937290154e-02
7.904898755747631622e-02 3.960702223513916376e-02 3.483993192026566682e-02 6.690907009440039133e-02 3.491460775090270835e-02
7.864351218214393757e-02 0.000000000000000000e+00 5.829574913814890291e-02 6.857276575369820881e-02 1.618272420135485022e-03
5.448620922672305772e-02 0.000000000000000000e+00 6.350152949478446440e-02 8.300727500369925460e-02 0.000000000000000000e+00
2.374565639226417640e-02 0.000000000000000000e+00 4.540235403975334538e-02 9.844567848030918999e-02 0.000000000000000000e+00
1.079174543304966226e-02 0.000000000000000000e+00 1.660321547318280300e-02 9.362086312248596442e-02 0.000000000000000000e+00
5.923626872054030962e-03 0.000000000000000000e+00 0.000000000000000000e+00 6.475234657898809587e-02 0.000000000000000000e+00
6.106584935749848455e-04 1.769856789537166538e-03 0.000000000000000000e+00 2.794912524339331766e-02 0.000000000000000000e+00
0.000000000000000000e+00 2.311796395375863202e-03 0.000000000000000000e+00 8.774381349711974157e-03 0.000000000000000000e+00
8.643092181868748799e-04 8.532248908138944938e-05 0.000000000000000000e+00 1.358410744479738273e-03 0.000000000000000000e+00
3.522908906636435899e-04 0.000000000000000000e+00 0.000000000000000000e+00 4.650790895331838965e-04 0.000000000000000000e+00
0.000000000000000000e+00 0.000000000000000000e+00 0.000000000000000000e+00 0.000000000000000000e+00 0.000000000000000000e+00
0.000000000000000000e+00 0.000000000000000000e+00 0.000000000000000000e+00 0.000000000000000000e+00 0.000000000000000000e+00
0.000000000000000000e+00 0.000000000000000000e+00 0.000000000000000000e+00 0.000000000000000000e+00 0.000000000000000000e+00
0.000000000000000000e+00 0.000000000000000000e+00 0.000000000000000000e+00 0.000000000000000000e+00 0.000000000000000000e+00
0.000000000000000000e+00 7.481817449277565219e-04 0.000000000000000000e+00 0.000000000000000000e+00 3.868897944437438025e-03
0.000000000000000000e+00 1.570150601483279174e-03 0.000000000000000000e+00 5.578164994952588890e-04 1.656750027917604923e-02
0.000000000000000000e+00 3.026311999192119080e-03 0.000000000000000000e+00 1.554438873212392802e-03 4.466613972170890151e-02
5.775290720158321196e-04 0.000000000000000000e+00 0.000000000000000000e+00 2.420262366941151357e-03 9.655140449576245232e-02
1.737980535651502748e-02 0.000000000000000000e+00 0.000000000000000000e+00 0.000000000000000000e+00 1.440227351328399741e-01
5.754357498323947606e-02 0.000000000000000000e+00 0.000000000000000000e+00 0.000000000000000000e+00 1.576724662563475654e-01
1.001661012991015703e-01 0.000000000000000000e+00 1.483589652622907713e-02 0.000000000000000000e+00 1.029538562314344513e-01
1.095033504334952945e-01 3.615302266622623384e-02 4.199856243698955882e-02 1.705054072363598738e-02 1.659499148480964026e-02
8.271128380207168340e-02 7.768012496735759997e-02 5.205029890524136282e-02 5.685303738587853956e-02 0.000000000000000000e+00
4.236926964759225173e-02 1.068342567163324819e-01 3.819612990707801220e-02 9.347027258229607949e-02 0.000000000000000000e+00
1.944872597905248496e-02 1.213016784411208859e-01 6.781645955336123785e-03 1.026054196316133343e-01 0.000000000000000000e+00
7.702461640299303886e-03 1.357280723748377771e-01 0.000000000000000000e+00 8.891788682454103421e-02 1.779211450977902925e-02
1.125682529142686163e-02 1.557935943891695374e-01 0.000000000000000000e+00 5.492660392505941541e-02 3.772703049314553997e-02
2.722935616974376388e-02 1.388583279927433078e-01 0.000000000000000000e+00 2.939443915309873298e-02 5.213480323054008048e-02
5.354528265080144012e-02 8.899177277233837058e-02 3.329534637771581346e-02 1.570525968289541649e-02 4.120960181018905322e-02
7.726105385173509532e-02 1.834313098188859736e-02 6.183981411246036036e-02 3.246486246254259855e-02 1.419278145549399128e-02
6.757015763147836140e-02 0.000000000000000000e+00 6.079709984758779190e-02 7.245324717963774752e-02 1.022467336592610332e-03
3.426758587925059218e-02 0.000000000000000000e+00 3.989128697446640143e-02 1.130739589767590925e-01 2.693759528649081539e-03
1.460686347700511367e-02 0.000000000000000000e+00 1.060266736409158986e-02 1.180375337469214969e-01 6.176031195282808382e-03
5.788621649900495270e-03 0.000000000000000000e+00 0.000000000000000000e+00 8.782774464422865579e-02 4.495118307814222232e-03
0.000000000000000000e+00 4.648243895842197985e-03 0.000000000000000000e+00 4.151259462422689228e-02 2.563799456689866332e-03
3.643557881704526406e-05 1.381036658254114393e-03 0.000000000000000000e+00 1.048198047385784024e-02 0.000000000000000000e+00
6.511231550347752533e-04 0.000000000000000000e+00 0.000000000000000000e+00 9.164099635254845241e-04 1.139899416421630296e-04
2.672781429414936277e-04 5.078405748833395169e-05 0.000000000000000000e+00 9.824019574409510811e-05 4.366012207261801072e-06
0.000000000000000000e+00 0.000000000000000000e+00 0.000000000000000000e+00 0.000000000000000000e+00 0.000000000000000000e+00
0.000000000000000000e+00 0.000000000000000000e+00 0.000000000000000000e+00 0.000000000000000000e+00 0.000000000000000000e+00
0.000000000000000000e+00 0.000000000000000000e+00 0.000000000000000000e+00 0.000000000000000000e+00 0.000000000000000000e+00
0.000000000000000000e+00 0.000000000000000000e+00 0.000000000000000000e+00 0.000000000000000000e+00 0.000000000000000000e+00
0.000000000000000000e+00 1.125037553989666813e-03 0.000000000000000000e+00 0.000000000000000000e+00 9.076016851803002383e-03
0.000000000000000000e+00 9.693611175296626425e-05 0.000000000000000000e+00 2.000394628153814944e-03 2.662190986471972901e-02
0.000000000000000000e+00 0.000000000000000000e+00 0.000000000000000000e+00 4.444231068005755417e-03 6.367179240202099078e-02
5.983137553172970455e-03 0.000000000000000000e+00 0.000000000000000000e+00 5.712623726202251118e-03 1.128330415466280851e-01
3.516042149725907839e-02 0.000000000000000000e+00 0.000000000000000000e+00 4.573669387763772305e-03 1.507542992435199070e-01
8.096033127040552779e-02 0.000000000000000000e+00 0.000000000000000000e+00 1.591852142362742625e-03 1.319338384339809600e-01
1.075315738408506028e-01 1.761214332426840751e-02 2.165403892401028887e-02 9.518333439301477489e-03 4.623557257868779469e-02
7.995149461188495732e-02 8.171566772025845582e-02 5.258250323657135544e-02 3.988955071245893491e-02 0.000000000000000000e+00
2.620375179948579089e-02 1.167577921036203753e-01 6.659253868148760913e-02 7.419060371720934133e-02 0.000000000000000000e+00
0.000000000000000000e+00 1.256022534414217018e-01 4.542019789864449458e-02 9.107328815801049582e-02 0.000000000000000000e+00
0.000000000000000000e+00 1.196512882390699806e-01 1.331105998862319728e-02 7.478747174847820423e-02 0.000000000000000000e+00
0.000000000000000000e+00 1.253345718608415704e-01 0.000000000000000000e+00 4.165506600238241125e-02 2.145635462527196308e-02
0.000000000000000000e+00 1.567011912727526435e-01 0.000000000000000000e+00 7.580068006173855399e-03 3.322668660612551617e-02
9.129280587495965105e-03 1.530736480618843098e-01 2.655179059128645255e-02 0.000000000000000000e+00 3.396976977130149872e-02
4.983645127453253942e-02 8.190531948574039656e-02 6.655874731816313616e-02 0.000000000000000000e+00 2.051274407691399196e-02
7.921041665516180552e-02 1.607376869745023385e-03 8.352582741481870410e-02 1.990990261655047402e-02 8.856646471299167364e-03
7.289293796106569023e-02 0.000000000000000000e+00 5.955783558467828143e-02 8.431059900814973085e-02 3.018623505174544783e-03
3.803757083880682233e-02 0.000000000000000000e+00 2.512344450857482633e-02 1.316311107054633500e-01 1.735419361391500950e-02
1.294287890932422323e-02 0.000000000000000000e+00 0.000000000000000000e+00 1.270961169123937806e-01 1.713020256933233537e-02
2.713091979544677516e-03 0.000000000000000000e+00 0.000000000000000000e+00 8.816053848287599970e-02 1.638638991835297126e-02
0.000000000000000000e+00 5.969624755290134886e-03 0.000000000000000000e+00 4.013107070991592945e-02 7.595574196561088488e-03
0.000000000000000000e+00 2.192224027565561374e-03 0.000000000000000000e+00 1.011538481237143038e-02 1.179643237629090851e-03
2.452756092940717243e-04 0.000000000000000000e+00 0.000000000000000000e+00 6.830351734489308047e-04 4.447126895893807629e-04
3.003125201589815227e-06 5.706073875093674944e-07 0.000000000000000000e+00 1.103822424090956038e-06 4.905631693552623216e-08
0.000000000000000000e+00 0.000000000000000000e+00 0.000000000000000000e+00 0.000000000000000000e+00 0.000000000000000000e+00
0.000000000000000000e+00 0.000000000000000000e+00 0.000000000000000000e+00 0.000000000000000000e+00 0.000000000000000000e+00
0.000000000000000000e+00 0.000000000000000000e+00 0.000000000000000000e+00 0.000000000000000000e+00 0.000000000000000000e+00
0.000000000000000000e+00 0.000000000000000000e+00 0.000000000000000000e+00 0.000000000000000000e+00 0.000000000000000000e+00
0.000000000000000000e+00 1.301477454069395684e-03 0.000000000000000000e+00 7.370835739899054412e-04 1.135113770408145012e-02
0.000000000000000000e+00 0.000000000000000000e+00 0.000000000000000000e+00 3.411784436978292263e-03 3.244242182693302806e-02
0.000000000000000000e+00 0.000000000000000000e+00 0.000000000000000000e+00 8.450775862725669330e-03 7.010669576998464214e-02
1.338988883004625478e-02 0.000000000000000000e+00 0.000000000000000000e+00 9.596246438000211737e-03 1.103345370306013651e-01
4.561799896871705090e-02 0.000000000000000000e+00 0.000000000000000000e+00 8.589722149109168745e-03 1.409323089266241447e-01
8.811219985989802994e-02 0.000000000000000000e+00 0.000000000000000000e+00 9.758174015277443908e-03 1.085104130135726569e-01
9.845312192199179302e-02 3.629262673380979909e-02 2.099643505866916407e-02 2.030411660847257840e-02 3.143853901338572454e-02
5.732223263957346437e-02 9.804587666665379175e-02 6.276134681041525831e-02 4.541957941180196912e-02 0.000000000000000000e+00
0.000000000000000000e+00 1.292255994122271656e-01 8.446533270687543726e-02 6.343489584356237776e-02 0.000000000000000000e+00
0.000000000000000000e+00 1.198390697744043248e-01 7.152022586061390630e-02 6.155344216145964414e-02 0.000000000000000000e+00
0.000000000000000000e+00 1.041124816997288094e-01 3.888957857877087948e-02 3.521611391339936337e-02 5.165065000376395030e-03
0.000000000000000000e+00 1.256820736042732478e-01 2.330587271907227573e-02 1.299226570920991803e-03 2.850330270507929128e-02
0.000000000000000000e+00 1.575095462203353058e-01 4.114639567467149456e-02 0.000000000000000000e+00 2.626493935889413073e-02
2.082903510437325231e-02 1.329994456245780499e-01 7.998913588154277221e-02 0.000000000000000000e+00 7.318188798245613483e-03
6.766235008024866493e-02 3.942931982177714373e-02 1.052924073080328399e-01 0.000000000000000000e+00 0.000000000000000000e+00
9.170077497444012460e-02 0.000000000000000000e+00 8.124441751982026949e-02 5.544554905186538374e-02 2.890284912560995428e-03
6.928337776373413859e-02 0.000000000000000000e+00 3.689459715223353947e-02 1.161863761168034498e-01 1.159694403139634698e-02
3.111060618489592741e-02 0.000000000000000000e+00 0.000000000000000000e+00 1.362527071631532416e-01 2.623227162299548304e-02
8.137604423317184796e-03 0.000000000000000000e+00 0.000000000000000000e+00 1.052818068758878262e-01 2.595729280864331884e-02
7.547191660927827519e-05 2.817494076733565930e-03 0.000000000000000000e+00 6.130642111964965113e-02 2.153697613280183831e-02
0.000000000000000000e+00 5.356433183056747566e-03 0.000000000000000000e+00 2.713945512146383882e-02 1.054492562103307753e-02
0.000000000000000000e+00 4.199116413267218323e-03 0.000000000000000000e+00 9.250467607465371472e-03 2.319670597535078080e-03
9.873031093126574873e-06 0.000000000000000000e+00 0.000000000000000000e+00 8.660177468436775720e-04 4.557364145175915181e-04
0.000000000000000000e+00 0.000000000000000000e+00 0.000000000000000000e+00 0.000000000000000000e+00 0.000000000000000000e+00
0.000000000000000000e+00 0.000000000000000000e+00 0.000000000000000000e+00 0.000000000000000000e+00 0.000000000000000000e+00
0.000000000000000000e+00 0.000000000000000000e+00 0.000000000000000000e+00 0.000000000000000000e+00 0.000000000000000000e+00
0.000000000000000000e+00 0.000000000000000000e+00 0.000000000000000000e+00 0.000000000000000000e+00 0.000000000000000000e+00
0.000000000000000000e+00 0.000000000000000000e+00 0.000000000000000000e+00 0.000000000000000000e+00 0.000000000000000000e+00
0.000000000000000000e+00 1.045716050293163217e-03 0.000000000000000000e+00 9.256721935709693629e-04 1.232276328264489407e-02
0.000000000000000000e+00 0.000000000000000000e+00 0.000000000000000000e+00 4.808845389262439082e-03 3.209959782069099488e-02
0.000000000000000000e+00 0.000000000000000000e+00 0.000000000000000000e+00 9.212687815957291970e-03 6.255944021368152475e-02
1.355376833156731603e-02 0.000000000000000000e+00 0.000000000000000000e+00 1.134427006811940253e-02 9.696650171158949227e-02
4.744189160765877045e-02 0.000000000000000000e+00 0.000000000000000000e+00 1.390754471269308422e-02 1.226799565613310161e-01
8.649705617258880708e-02 0.000000000000000000e+00 0.000000000000000000e+00 2.001184533015866462e-02 9.570317126225318105e-02
9.774385572771496222e-02 3.319077064316171971e-02 6.654334831014663797e-03 2.521924439442796428e-02 4.087504422634645473e-02
6.183845196939748157e-02 9.271015783393214693e-02 5.560920767209301396e-02 4.120990992298417810e-02 0.000000000000000000e+00
3.178677941611373920e-03 1.215851979182094034e-01 1.035232847947297891e-01 4.096304891873905896e-02 0.000000000000000000e+00
0.000000000000000000e+00 1.166027208733611265e-01 1.072647955244149104e-01 3.186617519268795246e-02 0.000000000000000000e+00
0.000000000000000000e+00 1.088541821562479806e-01 8.233588739081880437e-02 2.703168956480611444e-03 2.170806117950046035e-02
0.000000000000000000e+00 1.387785194701744163e-01 7.535530632998031775e-02 0.000000000000000000e+00 2.850033688087734787e-02
7.501413430815100786e-03 1.407697780142024291e-01 9.727024308395772201e-02 0.000000000000000000e+00 5.735406071877464235e-03
5.683949618520217628e-02 7.161489425962103139e-02 1.196568777269081812e-01 0.000000000000000000e+00 0.000000000000000000e+00
9.449365343784733862e-02 0.000000000000000000e+00 9.184486009910040882e-02 5.093752367506973466e-02 0.000000000000000000e+00
9.019948282512155191e-02 0.000000000000000000e+00 3.879680851299964484e-02 1.077304163222483624e-01 1.339246519509698641e-02
5.090898030257306334e-02 0.000000000000000000e+00 0.000000000000000000e+00 1.286765548263943681e-01 2.831448423581194376e-02
1.706363677770852613e-02 0.000000000000000000e+00 0.000000000000000000e+00 1.049959636421346765e-01 3.282933282567979810e-02
2.213422698421235821e-03 0.000000000000000000e+00 0.000000000000000000e+00 6.884264293127137502e-02 3.188354047503254296e-02
0.000000000000000000e+00 5.999847232176828971e-03 0.000000000000000000e+00 3.419089193806473803e-02 1.929844165084906860e-02
0.000000000000000000e+00 5.082104103032394730e-03 0.000000000000000000e+00 1.839709033821927686e-02 1.141856917854682137e-02
0.000000000000000000e+00 3.447734188816307249e-03 0.000000000000000000e+00 7.235374778239465204e-03 4.256019569263048800e-03
0.000000000000000000e+00 1.067053216429045574e-03 0.000000000000000000e+00 1.468522204883588710e-03 7.102786663550220017e-04
5.330143048893489459e-05 0.000000000000000000e+00 0.000000000000000000e+00 9.326134570371353002e-06 3.518263820878707632e-06
0.000000000000000000e+00 0.000000000000000000e+00 0.000000000000000000e+00 0.000000000000000000e+00 0.000000000000000000e+00
0.000000000000000000e+00 0.000000000000000000e+00 0.000000000000000000e+00 0.000000000000000000e+00 0.000000000000000000e+00
0.000000000000000000e+00 0.000000000000000000e+00 0.000000000000000000e+00 0.000000000000000000e+00 0.000000000000000000e+00
0.000000000000000000e+00 0.000000000000000000e+00 0.000000000000000000e+00 0.000000000000000000e+00 0.000000000000000000e+00
0.000000000000000000e+00 1.866181243495591488e-03 0.000000000000000000e+00 1.270621985999576898e-03 1.000104217153299085e-02
0.000000000000000000e+00 0.000000000000000000e+00 0.000000000000000000e+00 4.504197580651146671e-03 2.660987966230063395e-02
0.000000000000000000e+00 0.000000000000000000e+00 0.000000000000000000e+00 8.830880981265228080e-03 5.327483843118106105e-02
8.297405138310631062e-03 0.000000000000000000e+00 0.000000000000000000e+00 1.226414650511685467e-02 8.008236681088654052e-02
3.679625542742279154e-02 0.000000000000000000e+00 0.000000000000000000e+00 1.772845877721445501e-02 1.046083983260459593e-01
7.574216204025889521e-02 0.000000000000000000e+00 0.000000000000000000e+00 2.566770579809858968e-02 9.948711150678163362e-02
9.987383255328917409e-02 1.023205126058587475e-02 0.000000000000000000e+00 3.363332508227902251e-02 6.529927033424928751e-02
8.338888412976508402e-02 5.927930619231751991e-02 3.035931259770293170e-02 4.213317448123127945e-02 1.973563109606337254e-02
3.125299171067635884e-02 1.030468485415383662e-01 9.968656581356902247e-02 3.319203684002309390e-02 0.000000000000000000e+00
0.000000000000000000e+00 1.181466320368320111e-01 1.329055297418110237e-01 1.325191837965887173e-02 7.566077493251067640e-03
0.000000000000000000e+00 1.254485119353762890e-01 1.329952149554047558e-01 0.000000000000000000e+00 3.032328356947044945e-02
0.000000000000000000e+00 1.345776780569151176e-01 1.327374643130385390e-01 0.000000000000000000e+00 1.740684283686167941e-02
4.789599860643511259e-02 8.728199491251929787e-02 1.328868578369509501e-01 8.990787896950480987e-03 0.000000000000000000e+00
8.934517523124510530e-02 4.409995048786141680e-03 9.280363625882964707e-02 6.088015422500187707e-02 0.000000000000000000e+00
9.614829744636102515e-02 0.000000000000000000e+00 3.096387588774448738e-02 1.095387179571147007e-01 2.500661565913442352e-02
5.934502599801712297e-02 0.000000000000000000e+00 0.000000000000000000e+00 1.240877104605014464e-01 4.359598063218084879e-02
2.354491508909739919e-02 0.000000000000000000e+00 0.000000000000000000e+00 9.973323336866278532e-02 4.443928794983090930e-02
6.584381008345000300e-03 0.000000000000000000e+00 0.000000000000000000e+00 6.521625580184585436e-02 4.247175454326960337e-02
0.000000000000000000e+00 2.002005243476073781e-03 0.000000000000000000e+00 3.644536725414488504e-02 2.781841226454534119e-02
0.000000000000000000e+00 7.054825236206903674e-03 0.000000000000000000e+00 1.903436955555541654e-02 1.776185284687961663e-02
0.000000000000000000e+00 4.521660310579110435e-03 0.000000000000000000e+00 9.843540987911068504e-03 9.927293253591909852e-03
0.000000000000000000e+00 2.557279051599754393e-03 0.000000000000000000e+00 5.130918486542003672e-03 3.519579837323635451e-03
0.000000000000000000e+00 1.417241055863667715e-03 0.000000000000000000e+00 1.600596187448438418e-03 7.531992039944088993e-04
1.827477616763478383e-04 0.000000000000000000e+00 0.000000000000000000e+00 3.197531852698752602e-05 1.206261881444128065e-05
0.000000000000000000e+00 0.000000000000000000e+00 0.000000000000000000e+00 0.000000000000000000e+00 0.000000000000000000e+00
0.000000000000000000e+00 0.000000000000000000e+00 0.000000000000000000e+00 0.000000000000000000e+00 0.000000000000000000e+00
0.000000000000000000e+00 0.000000000000000000e+00 0.000000000000000000e+00 0.000000000000000000e+00 0.000000000000000000e+00
0.000000000000000000e+00 0.000000000000000000e+00 0.000000000000000000e+00 0.000000000000000000e+00 0.000000000000000000e+00
0.000000000000000000e+00 7.278244001407113261e-04 0.000000000000000000e+00 7.798095337576672025e-04 4.804648387573948534e-03
0.000000000000000000e+00 0.000000000000000000e+00 0.000000000000000000e+00 3.711319058788024611e-03 1.587427714891382832e-02
0.000000000000000000e+00 0.000000000000000000e+00 0.000000000000000000e+00 8.379312970510118322e-03 4.129019710364652956e-02
1.169061761379157523e-03 0.000000000000000000e+00 0.000000000000000000e+00 1.377972172665229908e-02 6.738722162976541752e-02
1.622296730356716232e-02 0.000000000000000000e+00 0.000000000000000000e+00 2.061331400402984307e-02 9.321749599625317462e-02
4.864012779727121261e-02 0.000000000000000000e+00 0.000000000000000000e+00 3.152130688136599301e-02 1.040844500811318740e-01
8.389672903316156005e-02 0.000000000000000000e+00 0.000000000000000000e+00 4.195965766184639456e-02 9.391392347346269598e-02
9.657877751982449355e-02 2.358580361495282718e-02 4.186403397280549603e-03 4.662092834275421982e-02 6.251289779976250405e-02
6.665116466579251719e-02 7.920262368235816974e-02 7.597327439496907864e-02 4.236675805464645839e-02 3.024048564236974865e-02
2.647518887705442928e-02 1.178723590605809113e-01 1.338255553661386321e-01 2.301783253295875895e-02 1.790820991608580576e-02
1.524064170037521537e-02 1.265467987537569616e-01 1.511748019148988487e-01 1.226100066026519428e-02 1.678096250222662483e-02
4.179344604922854978e-02 1.087004880569944210e-01 1.396846962225295474e-01 2.778874225113169699e-02 1.278458999121767636e-02
7.838091372400263213e-02 3.903993358224829013e-02 9.909363512050722855e-02 6.604512405275321518e-02 2.364479053887567211e-02
8.694865010253438609e-02 0.000000000000000000e+00 2.901885619870845159e-02 1.044944802665016409e-01 4.839403660369103605e-02
6.093524610578968798e-02 0.000000000000000000e+00 0.000000000000000000e+00 1.110157715553678898e-01 6.756712819349867949e-02
2.310922393692297142e-02 0.000000000000000000e+00 0.000000000000000000e+00 8.539609355126800971e-02 6.472962050530106648e-02
5.873062129930406786e-03 0.000000000000000000e+00 0.000000000000000000e+00 5.548259154818184491e-02 5.477651994715770217e-02
0.000000000000000000e+00 0.000000000000000000e+00 0.000000000000000000e+00 3.461448932712283405e-02 3.625916666700906843e-02
0.000000000000000000e+00 2.171595138849266842e-03 0.000000000000000000e+00 1.946787344889070598e-02 2.218576141659625231e-02
0.000000000000000000e+00 4.519926801668980830e-03 0.000000000000000000e+00 1.093914674312219948e-02 1.362244827681802738e-02
0.000000000000000000e+00 3.499802943908278570e-03 0.000000000000000000e+00 4.947996064755985808e-03 6.973762157849880405e-03
0.000000000000000000e+00 2.495250948870143988e-03 0.000000000000000000e+00 2.021238015288828217e-03 1.994485697151566778e-03
0.000000000000000000e+00 6.179848464999315900e-04 0.000000000000000000e+00 3.556562039855945675e-04 1.383831044494750900e-04
0.000000000000000000e+00 0.000000000000000000e+00 0.000000000000000000e+00 0.000000000000000000e+00 0.000000000000000000e+00
0.000000000000000000e+00 0.000000000000000000e+00 0.000000000000000000e+00 0.000000000000000000e+00 0.000000000000000000e+00
0.000000000000000000e+00 0.000000000000000000e+00 0.000000000000000000e+00 0.000000000000000000e+00 0.000000000000000000e+00
0.000000000000000000e+00 0.000000000000000000e+00 0.000000000000000000e+00 0.000000000000000000e+00 0.000000000000000000e+00
0.000000000000000000e+00 0.000000000000000000e+00 0.000000000000000000e+00 0.000000000000000000e+00 0.000000000000000000e+00
0.000000000000000000e+00 7.694225443688438052e-04 0.000000000000000000e+00 1.084459076044561455e-05 1.124735892491424269e-03
0.000000000000000000e+00 2.283061109817568308e-04 0.000000000000000000e+00 2.236136429070538761e-03 7.565507323914688435e-03
0.000000000000000000e+00 0.000000000000000000e+00 0.000000000000000000e+00 5.752860892474003819e-03 2.209948220506289390e-02
0.000000000000000000e+00 0.000000000000000000e+00 0.000000000000000000e+00 1.256762995173427155e-02 4.782005559600373268e-02
2.024334051326973950e-03 0.000000000000000000e+00 0.000000000000000000e+00 2.272473367647143833e-02 7.497812845924826941e-02
1.560587091961534480e-02 1.759733961774538353e-03 0.000000000000000000e+00 3.458486140983383500e-02 9.945961953002135925e-02
4.467794958257424037e-02 0.000000000000000000e+00 0.000000000000000000e+00 4.756653669686333047e-02 1.077966064249366585e-01
6.969741536158108319e-02 1.506208168202121875e-02 1.483430407038205737e-02 5.812493808762536629e-02 9.097351184458646323e-02
7.378768651969419556e-02 5.923972855292296280e-02 7.497622865001653258e-02 5.756404233586392277e-02 5.696501867785944834e-02
6.722418174009785197e-02 9.663894270526017516e-02 1.132946429363433649e-01 5.265376688218831314e-02 2.576294073449543129e-02
6.610337325605693259e-02 1.047372693661388771e-01 1.147494241768860918e-01 5.889224531180818623e-02 2.178219554911155903e-02
8.034445555646009540e-02 7.493484544655469592e-02 9.472490640988170951e-02 7.321656715198471277e-02 3.373332078757339259e-02
7.991928807546599955e-02 1.710153811548243905e-02 5.168247373431363034e-02 8.395048840656746392e-02 7.230987398245648790e-02
4.917327115860096326e-02 0.000000000000000000e+00 3.724179079561967028e-03 8.249748723419655927e-02 1.086551655795684745e-01
1.792683652296596375e-02 0.000000000000000000e+00 0.000000000000000000e+00 6.455445396785851331e-02 1.044760287558580414e-01
0.000000000000000000e+00 0.000000000000000000e+00 0.000000000000000000e+00 4.387369638310714692e-02 7.778312227033722104e-02
0.000000000000000000e+00 0.000000000000000000e+00 0.000000000000000000e+00 2.774646142300694202e-02 4.875767866336226664e-02
0.000000000000000000e+00 0.000000000000000000e+00 0.000000000000000000e+00 1.697825564969662401e-02 2.776997986224532741e-02
0.000000000000000000e+00 0.000000000000000000e+00 0.000000000000000000e+00 9.553570630385692375e-03 1.524249155112645734e-02
0.000000000000000000e+00 1.224683051007680566e-03 0.000000000000000000e+00 5.367380034294161849e-03 9.484332706330872095e-03
0.000000000000000000e+00 1.236645944308886920e-03 0.000000000000000000e+00 1.830798360334015681e-03 5.526062302243632887e-03
0.000000000000000000e+00 0.000000000000000000e+00 2.443050166630707167e-04 2.452628538841068111e-04 1.623436237535184467e-03
0.000000000000000000e+00 0.000000000000000000e+00 0.000000000000000000e+00 0.000000000000000000e+00 0.000000000000000000e+00
0.000000000000000000e+00 0.000000000000000000e+00 0.000000000000000000e+00 0.000000000000000000e+00 0.000000000000000000e+00
0.000000000000000000e+00 0.000000000000000000e+00 0.000000000000000000e+00 0.000000000000000000e+00 0.000000000000000000e+00
0.000000000000000000e+00 0.000000000000000000e+00 0.000000000000000000e+00 0.000000000000000000e+00 0.000000000000000000e+00
0.000000000000000000e+00 0.000000000000000000e+00 0.000000000000000000e+00 0.000000000000000000e+00 0.000000000000000000e+00
0.000000000000000000e+00 0.000000000000000000e+00 0.000000000000000000e+00 0.000000000000000000e+00 0.000000000000000000e+00
0.000000000000000000e+00 5.728312886254359340e-04 0.000000000000000000e+00 0.000000000000000000e+00 7.508835912923419531e-04
0.000000000000000000e+00 6.169235942598472926e-04 0.000000000000000000e+00 1.491135985455369854e-03 3.079985996789612150e-03
0.000000000000000000e+00 0.000000000000000000e+00 0.000000000000000000e+00 3.783716170314307264e-03 1.029416616085278464e-02
0.000000000000000000e+00 0.000000000000000000e+00 0.000000000000000000e+00 9.309300184096711353e-03 2.724220702379699655e-02
0.000000000000000000e+00 0.000000000000000000e+00 0.000000000000000000e+00 2.042362120250485955e-02 4.847206665036108558e-02
0.000000000000000000e+00 3.497203556668661197e-03 6.302298425586525671e-03 3.866142671292354532e-02 7.702843027559549971e-02
0.000000000000000000e+00 1.213358050050396958e-02 2.974756490241250995e-02 6.131403273320196884e-02 8.753848128110187921e-02
2.707387789900767699e-02 2.603920690680852634e-02 6.868086693804982545e-02 8.064093129748887978e-02 7.359298126733337941e-02
7.005656370161515711e-02 5.693908583389294814e-02 8.913323589578053818e-02 7.970976437814152049e-02 4.008044065202606004e-02
9.610089729020421245e-02 8.195242869091397264e-02 7.591586309452813541e-02 8.412931871569935549e-02 1.896847160734120227e-02
1.034422873922845182e-01 8.634927266033844140e-02 5.866366414990351053e-02 8.983529504199175286e-02 1.220043772852949342e-02
9.870522037274306881e-02 6.965526155323434332e-02 4.792123250249845368e-02 7.620280184533485823e-02 3.003156215342818805e-02
6.294134907269662016e-02 3.664816247028458707e-02 4.025221841612332263e-02 5.092313731869602816e-02 8.258999690497292878e-02
1.435403519958001507e-02 1.384887924502371456e-02 2.604685683670351221e-02 3.233881943004995874e-02 1.274793247346424907e-01
0.000000000000000000e+00 1.499708453548054135e-03 9.838358868536479021e-03 2.139887580918760010e-02 1.189742740014403527e-01
0.000000000000000000e+00 0.000000000000000000e+00 1.081769479421895198e-03 1.845893123184503756e-02 9.035007105312965747e-02
0.000000000000000000e+00 0.000000000000000000e+00 0.000000000000000000e+00 1.161045807999075245e-02 5.310188542357370534e-02
0.000000000000000000e+00 0.000000000000000000e+00 0.000000000000000000e+00 6.757203662108671530e-03 2.824602919559498354e-02
0.000000000000000000e+00 0.000000000000000000e+00 0.000000000000000000e+00 3.928271960213952294e-03 1.361674209818033825e-02
0.000000000000000000e+00 0.000000000000000000e+00 0.000000000000000000e+00 3.101728957497257907e-03 9.823961918175229402e-03
0.000000000000000000e+00 0.000000000000000000e+00 0.000000000000000000e+00 1.442178800826387532e-03 6.459588959515408582e-03
0.000000000000000000e+00 0.000000000000000000e+00 5.458027285853466392e-04 3.755951774018743028e-05 1.959408634729464891e-03
0.000000000000000000e+00 0.000000000000000000e+00 0.000000000000000000e+00 0.000000000000000000e+00 0.000000000000000000e+00
0.000000000000000000e+00 0.000000000000000000e+00 0.000000000000000000e+00 0.000000000000000000e+00 0.000000000000000000e+00
0.000000000000000000e+00 0.000000000000000000e+00 0.000000000000000000e+00 0.000000000000000000e+00 0.000000000000000000e+00
0.000000000000000000e+00 0.000000000000000000e+00 0.000000000000000000e+00 0.000000000000000000e+00 0.000000000000000000e+00
0.000000000000000000e+00 0.000000000000000000e+00 0.000000000000000000e+00 0.000000000000000000e+00 0.000000000000000000e+00
0.000000000000000000e+00 0.000000000000000000e+00 0.000000000000000000e+00 0.000000000000000000e+00 0.000000000000000000e+00
0.000000000000000000e+00 0.000000000000000000e+00 0.000000000000000000e+00 1.813981937853756453e-04 8.320154524671598446e-04
0.000000000000000000e+00 0.000000000000000000e+00 0.000000000000000000e+00 1.980589564184485635e-03 2.876775285333946393e-03
0.000000000000000000e+00 2.700576918438793114e-04 4.626609881347694755e-04 4.378455726573582396e-03 1.009625753038985961e-02
0.000000000000000000e+00 0.000000000000000000e+00 5.755960047013612690e-03 1.115341968123571663e-02 2.005356514288031411e-02
0.000000000000000000e+00 0.000000000000000000e+00 2.088326718721823100e-02 2.730802336396145197e-02 3.697403798521380763e-02
0.000000000000000000e+00 4.719509327203841483e-03 4.884059825202415744e-02 5.383954530137539246e-02 5.240070359823931212e-02
0.000000000000000000e+00 1.212881565726481661e-02 8.949077743279754138e-02 8.258908977670302576e-02 5.549038876471838050e-02
2.621524794977936335e-02 3.875356664885106633e-02 1.026454869678375958e-01 9.256223950965300484e-02 3.371338666123533528e-02
8.271905695685087545e-02 6.935236475956725599e-02 6.719353164422856017e-02 9.110512848989323065e-02 8.586758427856611142e-03
1.110649218965665402e-01 8.552456061828057898e-02 2.230625819923081135e-02 9.460215404712600529e-02 0.000000000000000000e+00
1.101521566883386927e-01 8.963381812751995692e-02 7.129008096851532916e-03 9.682834789115211949e-02 0.000000000000000000e+00
1.033067145864082215e-01 7.687823042123283213e-02 2.241830377511021960e-02 5.828156839643314907e-02 0.000000000000000000e+00
6.701104564010862408e-02 6.411936323635884782e-02 4.499737182758691695e-02 1.151904455404435465e-02 3.938305833485331725e-02
2.045039751061095493e-02 4.016062468992475515e-02 4.592386624036069037e-02 0.000000000000000000e+00 9.522578860800950951e-02
0.000000000000000000e+00 1.070051533031135191e-02 3.380814838497861463e-02 0.000000000000000000e+00 1.226066981593373906e-01
0.000000000000000000e+00 0.000000000000000000e+00 1.379540904464040922e-02 2.446978210392473669e-03 1.053535446720586105e-01
0.000000000000000000e+00 0.000000000000000000e+00 4.547465202282718021e-03 2.948669278506275450e-03 7.237276377935562832e-02
0.000000000000000000e+00 0.000000000000000000e+00 4.196216807370088220e-04 4.108840221158109943e-03 4.438899774373661344e-02
0.000000000000000000e+00 0.000000000000000000e+00 0.000000000000000000e+00 3.539096130767592756e-03 2.031126128273396184e-02
0.000000000000000000e+00 0.000000000000000000e+00 0.000000000000000000e+00 3.063784835414425090e-03 1.224992853815339532e-02
0.000000000000000000e+00 0.000000000000000000e+00 4.513627110356797359e-04 1.314760334934036556e-03 6.785458887463948971e-03
0.000000000000000000e+00 0.000000000000000000e+00 3.918157343636525180e-04 0.000000000000000000e+00 1.251131796640128808e-03
0.000000000000000000e+00 0.000000000000000000e+00 0.000000000000000000e+00 0.000000000000000000e+00 0.000000000000000000e+00
0.000000000000000000e+00 0.000000000000000000e+00 0.000000000000000000e+00 0.000000000000000000e+00 0.000000000000000000e+00
0.000000000000000000e+00 0.000000000000000000e+00 0.000000000000000000e+00 0.000000000000000000e+00 0.000000000000000000e+00
0.000000000000000000e+00 0.000000000000000000e+00 0.000000000000000000e+00 0.000000000000000000e+00 0.000000000000000000e+00
0.000000000000000000e+00 0.000000000000000000e+00 0.000000000000000000e+00 0.000000000000000000e+00 0.000000000000000000e+00
0.000000000000000000e+00 0.000000000000000000e+00 0.000000000000000000e+00 0.000000000000000000e+00 0.000000000000000000e+00
0.000000000000000000e+00 0.000000000000000000e+00 4.738376056865847868e-05 3.414404557591175495e-04 8.328163074134228459e-04
0.000000000000000000e+00 0.000000000000000000e+00 3.310747797005215900e-04 2.831253478370027773e-03 2.631965035805229874e-03
0.000000000000000000e+00 7.945806720041719527e-04 4.599347778316192903e-03 9.486112672916291802e-03 7.922780308554595863e-03
0.000000000000000000e+00 0.000000000000000000e+00 1.727086207166945650e-02 2.768092346893679875e-02 1.919595788342039894e-02
0.000000000000000000e+00 0.000000000000000000e+00 4.465738835782612215e-02 5.994487465403114390e-02 3.274678340787503389e-02
0.000000000000000000e+00 0.000000000000000000e+00 8.851217319532558858e-02 9.095548084815011092e-02 3.999850825304538532e-02
9.520754535161435328e-03 0.000000000000000000e+00 1.158760357900270460e-01 9.878419956524997492e-02 2.758953553758198771e-02
6.881647326903819750e-02 4.424239168194682437e-02 7.730796503400674813e-02 8.216493549201174529e-02 1.023033679269964510e-02
1.075561034249135212e-01 8.483785531696068360e-02 7.683126807363687381e-03 7.235987150023293069e-02 3.631112468354083089e-03
9.647883051511887964e-02 1.002273824189164886e-01 0.000000000000000000e+00 8.821955786974890190e-02 0.000000000000000000e+00
8.151597283996334098e-02 9.691368832632432651e-02 0.000000000000000000e+00 9.482284292855081009e-02 0.000000000000000000e+00
9.374741693796868891e-02 8.146194980293548771e-02 1.881054253486728889e-02 4.771067075679118891e-02 0.000000000000000000e+00
8.644744504791566919e-02 6.795123090813971756e-02 4.440565517018381370e-02 0.000000000000000000e+00 0.000000000000000000e+00
4.865513597560877646e-02 4.624027645537696907e-02 5.029707287496146262e-02 0.000000000000000000e+00 4.503028683225854950e-02
9.084652625161240835e-03 1.776211928430642545e-02 4.254178927903226604e-02 0.000000000000000000e+00 1.041295830606262240e-01
0.000000000000000000e+00 6.225263826712122998e-05 2.323013250605147212e-02 0.000000000000000000e+00 1.158355433631175629e-01
0.000000000000000000e+00 0.000000000000000000e+00 9.689490061274607172e-03 0.000000000000000000e+00 9.333456247720961496e-02
0.000000000000000000e+00 0.000000000000000000e+00 2.584741946165039755e-03 1.437446307433493803e-03 5.978470789787496825e-02
0.000000000000000000e+00 0.000000000000000000e+00 0.000000000000000000e+00 3.188840243235997393e-03 3.591456881905488036e-02
0.000000000000000000e+00 0.000000000000000000e+00 0.000000000000000000e+00 2.307574571007639345e-03 1.608274226824374376e-02
0.000000000000000000e+00 0.000000000000000000e+00 1.016926101474192981e-04 1.264784574161946420e-03 6.972393723826896331e-03
0.000000000000000000e+00 1.773589438186786121e-05 4.989332807717792413e-05 0.000000000000000000e+00 2.111062220256089113e-04
0.000000000000000000e+00 0.000000000000000000e+00 0.000000000000000000e+00 0.000000000000000000e+00 0.000000000000000000e+00
0.000000000000000000e+00 0.000000000000000000e+00 0.000000000000000000e+00 0.000000000000000000e+00 0.000000000000000000e+00
0.000000000000000000e+00 0.000000000000000000e+00 0.000000000000000000e+00 0.000000000000000000e+00 0.000000000000000000e+00
0.000000000000000000e+00 0.000000000000000000e+00 0.000000000000000000e+00 0.000000000000000000e+00 0.000000000000000000e+00
0.000000000000000000e+00 0.000000000000000000e+00 0.000000000000000000e+00 0.000000000000000000e+00 0.000000000000000000e+00
5.996464688211250138e-07 9.623281333390865247e-07 3.577268596768296198e-06 3.817269917371157025e-06 0.000000000000000000e+00
0.000000000000000000e+00 0.000000000000000000e+00 5.565726128814410967e-04 7.348629098309036227e-04 1.322675056413704752e-04
0.000000000000000000e+00 0.000000000000000000e+00 2.158429867125380517e-03 7.027957460999585335e-03 2.922285084630973397e-03
0.000000000000000000e+00 5.881181635154065059e-04 7.180669377375882914e-03 2.428387616033810328e-02 8.784105140696427116e-03
0.000000000000000000e+00 0.000000000000000000e+00 2.749854429001654874e-02 5.934331139873432609e-02 1.940679329526131397e-02
0.000000000000000000e+00 0.000000000000000000e+00 6.498227623040640777e-02 1.002668239166527864e-01 2.881778356380264305e-02
0.000000000000000000e+00 0.000000000000000000e+00 1.070685119608957153e-01 1.092253088374739306e-01 1.979597888309348255e-02
5.672685295789298837e-02 0.000000000000000000e+00 9.872148567664579266e-02 8.055745915821384273e-02 9.687706256477650671e-03
1.035230262203310214e-01 5.932628212951167324e-02 2.573018916176440449e-02 4.382093818912667638e-02 8.335191197058201829e-03
9.325633927557483438e-02 1.115531281472645353e-01 0.000000000000000000e+00 4.051447156844051323e-02 1.619295532866982593e-02
5.257326733580024863e-02 1.178789853195316706e-01 0.000000000000000000e+00 7.827495486023249016e-02 5.506580550927195859e-03
3.829732955754054646e-02 9.906795427519882180e-02 0.000000000000000000e+00 9.295436487937965009e-02 0.000000000000000000e+00
7.077395090129784405e-02 8.452808924109991850e-02 2.851001571356535230e-02 5.058119532923771589e-02 0.000000000000000000e+00
9.546914648447997476e-02 7.211812540234716074e-02 4.325831918751794902e-02 0.000000000000000000e+00 0.000000000000000000e+00
7.451673192718077932e-02 4.348195196476320468e-02 4.576455886732722772e-02 0.000000000000000000e+00 7.705350016678178503e-03
3.231662325087045207e-02 1.667945150094056472e-02 3.731454777446351762e-02 0.000000000000000000e+00 8.560101298502537093e-02
0.000000000000000000e+00 2.373517712853267202e-03 2.568328250521892051e-02 0.000000000000000000e+00 1.194772881856374785e-01
0.000000000000000000e+00 0.000000000000000000e+00 1.304591824263104036e-02 0.000000000000000000e+00 1.025014144569808966e-01
0.000000000000000000e+00 0.000000000000000000e+00 3.384414913494717455e-03 1.324105399554612820e-03 7.369032257401661457e-02
0.000000000000000000e+00 1.635736974349578498e-04 0.000000000000000000e+00 2.468919996610676772e-03 4.542847701866067900e-02
0.000000000000000000e+00 0.000000000000000000e+00 0.000000000000000000e+00 2.568366645987389760e-03 2.035137880066913499e-02
0.000000000000000000e+00 0.000000000000000000e+00 0.000000000000000000e+00 6.741270066162997985e-04 3.804705066757465681e-03
1.639464429923700531e-05 8.184113726691914943e-05 0.000000000000000000e+00 0.000000000000000000e+00 2.519938943182026667e-06
0.000000000000000000e+00 0.000000000000000000e+00 0.000000000000000000e+00 0.000000000000000000e+00 0.000000000000000000e+00
0.000000000000000000e+00 0.000000000000000000e+00 0.000000000000000000e+00 0.000000000000000000e+00 0.000000000000000000e+00
0.000000000000000000e+00 0.000000000000000000e+00 0.000000000000000000e+00 0.000000000000000000e+00 0.000000000000000000e+00
0.000000000000000000e+00 0.000000000000000000e+00 0.000000000000000000e+00 0.000000000000000000e+00 0.000000000000000000e+00
0.000000000000000000e+00 0.000000000000000000e+00 0.000000000000000000e+00 0.000000000000000000e+00 0.000000000000000000e+00
1.978833347109742308e-05 3.175682840019008465e-05 1.180498636933532540e-04 1.259699072732482013e-04 0.000000000000000000e+00
0.000000000000000000e+00 5.267841806930400423e-04 1.923879176378125297e-03 2.050191654996461402e-03 0.000000000000000000e+00
0.000000000000000000e+00 9.411783430424493528e-04 2.122446863268938593e-03 1.281535126169898627e-02 2.865277248478547475e-03
0.000000000000000000e+00 3.017144249186051491e-04 8.559677926968487990e-03 4.373081957005373749e-02 8.843342683696759493e-03
0.000000000000000000e+00 0.000000000000000000e+00 3.433158316140372951e-02 9.779759733922582798e-02 1.981808763465157247e-02
0.000000000000000000e+00 0.000000000000000000e+00 8.267340033682202272e-02 1.232292426742450930e-01 1.164930571848368443e-02
3.165067778711316143e-02 0.000000000000000000e+00 1.051478545963609734e-01 9.388697758953924721e-02 4.186672236450466635e-03
8.942938567148560336e-02 1.251054843790580517e-02 6.539508007556799063e-02 4.034631867348398987e-02 6.837796211710362067e-03
9.396409738754918362e-02 9.283334100916564025e-02 0.000000000000000000e+00 9.460402650716416215e-03 2.004277436545208457e-02
5.045332858544824411e-02 1.398233570650266322e-01 0.000000000000000000e+00 3.039370680834034208e-02 2.567029988988394490e-02
1.071148074262560750e-02 1.266199937496052530e-01 0.000000000000000000e+00 7.847525648288819489e-02 1.124779085487600562e-02
1.115400892868328997e-02 9.061741903392678266e-02 1.155750992145132029e-02 9.650899240939446455e-02 0.000000000000000000e+00
5.032666167941511615e-02 8.004261356347854017e-02 4.361990039028516147e-02 5.062781454473919140e-02 0.000000000000000000e+00
9.028816279946540180e-02 6.994520042865451370e-02 5.027252257528447288e-02 0.000000000000000000e+00 0.000000000000000000e+00
8.612271620123117255e-02 4.655359893641590474e-02 4.361130055574580916e-02 0.000000000000000000e+00 0.000000000000000000e+00
4.835575075663535449e-02 1.437983049311398684e-02 3.290184771574706374e-02 0.000000000000000000e+00 8.112176688973722627e-02
4.962718087067165620e-03 0.000000000000000000e+00 2.170016880889509212e-02 0.000000000000000000e+00 1.278361714351633760e-01
0.000000000000000000e+00 0.000000000000000000e+00 1.016864116057108851e-02 0.000000000000000000e+00 1.116330538488257834e-01
0.000000000000000000e+00 0.000000000000000000e+00 3.906890557297172488e-03 1.406917470869273627e-03 7.919701538324172563e-02
0.000000000000000000e+00 8.876338334790871568e-04 0.000000000000000000e+00 1.857321643466725101e-03 4.499996642827001903e-02
0.000000000000000000e+00 1.161713294172903683e-03 0.000000000000000000e+00 2.132311781382402373e-03 2.016424628171994277e-02
0.000000000000000000e+00 6.026369958348891273e-05 0.000000000000000000e+00 7.125584499926945455e-04 2.380276184773909894e-03
0.000000000000000000e+00 0.000000000000000000e+00 0.000000000000000000e+00 0.000000000000000000e+00 0.000000000000000000e+00
0.000000000000000000e+00 0.000000000000000000e+00 0.000000000000000000e+00 0.000000000000000000e+00 0.000000000000000000e+00
0.000000000000000000e+00 0.000000000000000000e+00 0.000000000000000000e+00 0.000000000000000000e+00 0.000000000000000000e+00
0.000000000000000000e+00 0.000000000000000000e+00 0.000000000000000000e+00 0.000000000000000000e+00 0.000000000000000000e+00
0.000000000000000000e+00 0.000000000000000000e+00 0.000000000000000000e+00 0.000000000000000000e+00 0.000000000000000000e+00
0.000000000000000000e+00 0.000000000000000000e+00 0.000000000000000000e+00 0.000000000000000000e+00 0.000000000000000000e+00
4.497348516158438715e-05 7.217461000043164034e-05 2.682951447576212463e-04 2.862952438028374519e-04 0.000000000000000000e+00
0.000000000000000000e+00 2.323922776147364228e-04 1.889836493515708107e-03 2.935033753800264916e-03 0.000000000000000000e+00
0.000000000000000000e+00 2.961318971728355443e-03 2.317561704692416066e-03 2.023145863439126252e-02 2.651379760414762556e-03
0.000000000000000000e+00 0.000000000000000000e+00 7.678635677941088311e-03 6.961254759837960659e-02 8.839357088432043749e-03
0.000000000000000000e+00 0.000000000000000000e+00 3.900821074076275125e-02 1.262208781491239440e-01 1.233392291012543399e-02
0.000000000000000000e+00 0.000000000000000000e+00 9.051640636301043485e-02 1.247839089092567244e-01 0.000000000000000000e+00
4.952438215354842965e-02 0.000000000000000000e+00 1.051195512408960170e-01 6.610827253819272220e-02 0.000000000000000000e+00
9.244112953245710307e-02 3.347509956386311714e-02 5.218603112482853718e-02 7.381230851378512738e-03 1.460604394223937071e-02
6.592500995231728722e-02 1.158526664452090710e-01 0.000000000000000000e+00 3.453324711519073498e-03 3.404528519732565733e-02
1.534126736181489620e-02 1.618089779346781609e-01 0.000000000000000000e+00 4.049242068828795560e-02 3.111477666532750166e-02
0.000000000000000000e+00 1.361716291698128467e-01 0.000000000000000000e+00 8.280583420065174005e-02 7.048307893947510817e-03
3.527555525624611471e-03 9.220228450914441654e-02 3.851815585589091900e-02 9.183168225620254310e-02 0.000000000000000000e+00
4.541074564357725635e-02 7.548205901290001851e-02 6.733236583844945389e-02 4.315773436050913264e-02 0.000000000000000000e+00
8.366572111177145166e-02 6.379189516858865816e-02 6.301443933841255340e-02 0.000000000000000000e+00 0.000000000000000000e+00
8.582195493722424851e-02 4.154609704605877890e-02 4.471349818175167357e-02 0.000000000000000000e+00 1.778720892586695829e-02
4.895950221543870357e-02 1.351229173137977364e-02 2.954810024409821115e-02 0.000000000000000000e+00 9.920007995087062880e-02
9.028938955984121967e-03 0.000000000000000000e+00 1.381396407859438423e-02 0.000000000000000000e+00 1.438663251487601047e-01
0.000000000000000000e+00 0.000000000000000000e+00 3.369063410285370180e-03 0.000000000000000000e+00 1.150125499383352484e-01
0.000000000000000000e+00 0.000000000000000000e+00 3.637004671103905734e-04 1.236499026160009767e-03 7.287509861760690932e-02
0.000000000000000000e+00 4.230796820285520274e-03 0.000000000000000000e+00 1.565100765410254316e-03 3.870591207304674430e-02
0.000000000000000000e+00 2.910550006991016302e-03 0.000000000000000000e+00 1.973315451982789095e-03 1.706435771263123055e-02
0.000000000000000000e+00 0.000000000000000000e+00 0.000000000000000000e+00 7.510860249345805350e-04 2.695092140525685766e-03
0.000000000000000000e+00 0.000000000000000000e+00 0.000000000000000000e+00 0.000000000000000000e+00 0.000000000000000000e+00
0.000000000000000000e+00 0.000000000000000000e+00 0.000000000000000000e+00 0.000000000000000000e+00 0.000000000000000000e+00
0.000000000000000000e+00 0.000000000000000000e+00 0.000000000000000000e+00 0.000000000000000000e+00 0.000000000000000000e+00
0.000000000000000000e+00 0.000000000000000000e+00 0.000000000000000000e+00 0.000000000000000000e+00 0.000000000000000000e+00
0.000000000000000000e+00 0.000000000000000000e+00 0.000000000000000000e+00 0.000000000000000000e+00 0.000000000000000000e+00
0.000000000000000000e+00 0.000000000000000000e+00 0.000000000000000000e+00 0.000000000000000000e+00 0.000000000000000000e+00
9.594343501138000220e-06 1.539725013342538440e-05 5.723629754829273917e-05 6.107631867793851240e-05 0.000000000000000000e+00
0.000000000000000000e+00 2.304504991010660224e-04 1.344612571509187435e-03 2.781902217265508261e-03 0.000000000000000000e+00
0.000000000000000000e+00 2.392367851511505682e-03 1.422253946464056276e-03 2.424744333982639319e-02 2.321181909542674102e-03
0.000000000000000000e+00 4.779720855312207884e-04 5.805341389882540636e-03 8.527814039753585373e-02 3.881930143980665947e-03
0.000000000000000000e+00 0.000000000000000000e+00 3.686460414216473358e-02 1.360809031377648304e-01 1.670710499978194860e-03
1.070979478562037769e-03 0.000000000000000000e+00 8.794137729829201722e-02 1.264012185451729997e-01 0.000000000000000000e+00
4.917919311187182035e-02 0.000000000000000000e+00 1.128469719967221813e-01 6.108572043804782331e-02 0.000000000000000000e+00
7.955967694814826408e-02 2.667816028235057632e-02 7.721738191463513312e-02 1.230530195847555006e-02 1.709001306505038287e-02
5.045447387135854750e-02 1.063250297260895927e-01 3.482137151099819194e-02 1.466898756417753420e-02 3.794790474908419503e-02
6.711677375129574200e-03 1.594031413787516394e-01 2.360344549592372637e-02 4.969264894914905695e-02 2.905150227650727876e-02
0.000000000000000000e+00 1.395795824198087787e-01 5.181581435939163621e-02 7.730984470579777001e-02 5.657328425340790896e-03
1.598426076285549419e-02 8.640735191301066043e-02 8.611420345106665653e-02 6.774713335206257458e-02 0.000000000000000000e+00
5.392417497172277696e-02 6.378805813541864322e-02 9.238469549572421446e-02 2.081337814137340647e-02 0.000000000000000000e+00
8.223697819988191882e-02 5.624705556467930051e-02 6.991120138101890313e-02 0.000000000000000000e+00 1.650867208821293463e-03
7.196350575518956072e-02 3.454492019791283175e-02 4.368305525351296598e-02 0.000000000000000000e+00 7.305720556261097176e-02
3.997919695405745266e-02 1.230778429566521670e-02 1.545289362381249178e-02 0.000000000000000000e+00 1.348744399515892922e-01
7.388420603918132226e-03 0.000000000000000000e+00 7.221038664024897720e-04 0.000000000000000000e+00 1.438725796572798699e-01
0.000000000000000000e+00 0.000000000000000000e+00 0.000000000000000000e+00 0.000000000000000000e+00 1.019775554742794604e-01
0.000000000000000000e+00 0.000000000000000000e+00 0.000000000000000000e+00 2.146109886721174562e-03 6.166856639233462417e-02
0.000000000000000000e+00 4.424507952798112376e-03 0.000000000000000000e+00 2.017699832931847161e-03 3.308084712412692752e-02
0.000000000000000000e+00 2.635059716443340777e-03 0.000000000000000000e+00 1.659507990538690953e-03 1.349903183198548733e-02
0.000000000000000000e+00 4.360592370096464266e-04 0.000000000000000000e+00 4.732240226672322484e-04 2.275293744487160569e-03
1.192337767217234702e-05 5.952082710321384616e-05 0.000000000000000000e+00 0.000000000000000000e+00 1.832682867768764185e-06
0.000000000000000000e+00 0.000000000000000000e+00 0.000000000000000000e+00 0.000000000000000000e+00 0.000000000000000000e+00
0.000000000000000000e+00 0.000000000000000000e+00 0.000000000000000000e+00 0.000000000000000000e+00 0.000000000000000000e+00
0.000000000000000000e+00 0.000000000000000000e+00 0.000000000000000000e+00 0.000000000000000000e+00 0.000000000000000000e+00
0.000000000000000000e+00 0.000000000000000000e+00 0.000000000000000000e+00 0.000000000000000000e+00 0.000000000000000000e+00
0.000000000000000000e+00 0.000000000000000000e+00 0.000000000000000000e+00 0.000000000000000000e+00 0.000000000000000000e+00
0.000000000000000000e+00 0.000000000000000000e+00 0.000000000000000000e+00 0.000000000000000000e+00 0.000000000000000000e+00
0.000000000000000000e+00 0.000000000000000000e+00 3.969685705528631318e-04 1.814238789292470927e-03 2.976148214556638264e-04
0.000000000000000000e+00 1.377067886027509439e-04 0.000000000000000000e+00 2.294742347083654835e-02 1.736568838305748135e-03
0.000000000000000000e+00 0.000000000000000000e+00 1.205008673358043837e-03 8.031645062946939084e-02 1.104955088566985473e-03
0.000000000000000000e+00 0.000000000000000000e+00 2.249873344048669219e-02 1.281109540277444447e-01 0.000000000000000000e+00
2.254849544624826750e-03 0.000000000000000000e+00 6.717044727351735578e-02 1.347934728871476862e-01 0.000000000000000000e+00
3.694300860093353844e-02 0.000000000000000000e+00 1.086322822653059267e-01 9.599239919843204072e-02 0.000000000000000000e+00
7.013452768067532372e-02 0.000000000000000000e+00 1.131923462281344828e-01 5.910222850616565771e-02 2.973667245603194183e-03
6.441907480828251709e-02 5.373638531878790342e-02 9.888408270986372151e-02 4.847311507272566988e-02 2.025251937338590907e-02
4.405638795430923127e-02 1.030123695742314188e-01 9.378187837315554720e-02 5.616511587979501618e-02 2.913841666749288420e-02
3.986268317780869430e-02 9.744742573236656047e-02 1.029591193847809449e-01 5.521415539735930605e-02 2.289824556927207849e-02
6.021918214035659050e-02 6.607201155254152636e-02 1.046934427737878232e-01 2.480122337064947016e-02 2.251059837802199884e-02
8.077875081237127775e-02 5.257548477028003292e-02 8.223008901709823182e-02 0.000000000000000000e+00 3.666594648472940032e-02
8.319732197539288221e-02 4.281587270964086478e-02 4.668576242050605229e-02 0.000000000000000000e+00 7.920475811115881837e-02
6.014581239359439307e-02 2.403590358211682432e-02 1.705673970802598291e-02 0.000000000000000000e+00 1.274494848055987006e-01
2.691407100960152912e-02 9.018983764608705725e-03 0.000000000000000000e+00 0.000000000000000000e+00 1.475805048548495535e-01
4.374208663972327729e-03 0.000000000000000000e+00 0.000000000000000000e+00 0.000000000000000000e+00 1.196681801850273535e-01
0.000000000000000000e+00 0.000000000000000000e+00 0.000000000000000000e+00 1.193616720797784731e-03 7.618239145224076081e-02
0.000000000000000000e+00 1.964369367890202774e-03 0.000000000000000000e+00 2.764823626529733062e-03 4.435712392245824698e-02
0.000000000000000000e+00 4.021624145182089126e-03 0.000000000000000000e+00 1.546602447240069201e-03 2.435435838131199196e-02
0.000000000000000000e+00 1.691742301295747451e-03 0.000000000000000000e+00 6.662700997944433819e-04 7.097426534623315665e-03
0.000000000000000000e+00 7.527324702140776244e-04 0.000000000000000000e+00 1.959191894977000488e-04 1.289056057547475912e-03
2.086591092630160770e-05 1.041614474306241478e-04 0.000000000000000000e+00 0.000000000000000000e+00 3.207195018595314560e-06
0.000000000000000000e+00 0.000000000000000000e+00 0.000000000000000000e+00 0.000000000000000000e+00 0.000000000000000000e+00
0.000000000000000000e+00 0.000000000000000000e+00 0.000000000000000000e+00 0.000000000000000000e+00 0.000000000000000000e+00
0.000000000000000000e+00 0.000000000000000000e+00 0.000000000000000000e+00 0.000000000000000000e+00 0.000000000000000000e+00
0.000000000000000000e+00 0.000000000000000000e+00 0.000000000000000000e+00 0.000000000000000000e+00 0.000000000000000000e+00
0.000000000000000000e+00 0.000000000000000000e+00 0.000000000000000000e+00 0.000000000000000000e+00 0.000000000000000000e+00
0.000000000000000000e+00 3.626760768483232864e-05 0.000000000000000000e+00 2.966447333030956761e-05 2.848280933126207997e-06
0.000000000000000000e+00 3.803070380294257214e-04 0.000000000000000000e+00 6.576787713879614014e-04 4.902635149922710553e-05
0.000000000000000000e+00 5.425741057657005456e-04 0.000000000000000000e+00 1.441489529691318376e-02 0.000000000000000000e+00
0.000000000000000000e+00 0.000000000000000000e+00 0.000000000000000000e+00 4.848001328306592722e-02 4.214346798188005816e-04
0.000000000000000000e+00 0.000000000000000000e+00 7.175653923887630181e-03 9.496463905992984234e-02 0.000000000000000000e+00
1.476044399904693051e-03 0.000000000000000000e+00 3.651072016731608805e-02 1.244404311765089227e-01 0.000000000000000000e+00
2.705744943719800774e-02 0.000000000000000000e+00 7.189979168427140799e-02 1.244346658467499755e-01 0.000000000000000000e+00
6.157371423725279541e-02 0.000000000000000000e+00 9.827618543451263622e-02 1.016081551942709382e-01 0.000000000000000000e+00
9.034268280965344899e-02 0.000000000000000000e+00 1.039146344037597397e-01 7.409310497617679903e-02 0.000000000000000000e+00
1.016476752683242446e-01 1.822299881455648890e-02 9.882696113535716087e-02 4.840397273954769042e-02 1.570406434747577754e-02
1.053117886274946707e-01 3.124670112285979698e-02 8.571423259164698272e-02 1.800090752643060052e-02 4.325420848977666599e-02
1.095280218775135234e-01 3.250562610859791812e-02 5.715832358077992115e-02 0.000000000000000000e+00 6.704120773399989408e-02
9.765291052766257585e-02 3.716078678762984450e-02 2.328226144877323933e-02 0.000000000000000000e+00 9.906064218126157950e-02
7.480815954508844567e-02 3.233017101514758240e-02 0.000000000000000000e+00 0.000000000000000000e+00 1.238072718800210387e-01
4.011362940651903158e-02 1.780394211979782412e-02 0.000000000000000000e+00 0.000000000000000000e+00 1.343393631158198154e-01
1.357559448798239393e-02 3.684507471753300546e-03 0.000000000000000000e+00 0.000000000000000000e+00 1.133137701809407566e-01
7.716410681513983637e-04 7.461706184982103227e-04 0.000000000000000000e+00 0.000000000000000000e+00 7.789234118135035523e-02
0.000000000000000000e+00 6.138065298955739778e-04 0.000000000000000000e+00 2.050216206856402337e-03 4.561671815502967020e-02
0.000000000000000000e+00 2.213046377777471829e-03 0.000000000000000000e+00 2.012064137056540202e-03 2.719543260182580649e-02
0.000000000000000000e+00 1.430776768108970665e-03 0.000000000000000000e+00 1.260867104650634663e-03 1.126835089738310869e-02
0.000000000000000000e+00 7.537977129122731129e-04 0.000000000000000000e+00 2.540730196831887319e-04 2.937795977781556232e-03
7.636970756875132533e-05 4.950242986189618563e-04 0.000000000000000000e+00 0.000000000000000000e+00 1.305832969709343140e-04
1.415901098570477527e-05 7.068098218506616915e-05 0.000000000000000000e+00 0.000000000000000000e+00 2.176310905475406438e-06
0.000000000000000000e+00 0.000000000000000000e+00 0.000000000000000000e+00 0.000000000000000000e+00 0.000000000000000000e+00
0.000000000000000000e+00 0.000000000000000000e+00 0.000000000000000000e+00 0.000000000000000000e+00 0.000000000000000000e+00
0.000000000000000000e+00 0.000000000000000000e+00 0.000000000000000000e+00 0.000000000000000000e+00 0.000000000000000000e+00
0.000000000000000000e+00 0.000000000000000000e+00 0.000000000000000000e+00 0.000000000000000000e+00 0.000000000000000000e+00
0.000000000000000000e+00 0.000000000000000000e+00 0.000000000000000000e+00 0.000000000000000000e+00 0.000000000000000000e+00
0.000000000000000000e+00 0.000000000000000000e+00 0.000000000000000000e+00 0.000000000000000000e+00 0.000000000000000000e+00
0.000000000000000000e+00 0.000000000000000000e+00 0.000000000000000000e+00 0.000000000000000000e+00 0.000000000000000000e+00
0.000000000000000000e+00 9.615070214797991760e-04 0.000000000000000000e+00 4.726279235705045656e-03 0.000000000000000000e+00
0.000000000000000000e+00 3.490593005758900035e-05 0.000000000000000000e+00 1.760856942409414275e-02 0.000000000000000000e+00
0.000000000000000000e+00 0.000000000000000000e+00 0.000000000000000000e+00 4.031916482459432099e-02 0.000000000000000000e+00
2.105198651208764829e-03 0.000000000000000000e+00 2.933671319633643013e-03 6.931015598979116399e-02 0.000000000000000000e+00
1.569844941661436427e-02 0.000000000000000000e+00 1.758814145608376608e-02 8.386859599888406291e-02 0.000000000000000000e+00
4.262810003965693956e-02 0.000000000000000000e+00 3.011375321780647776e-02 8.026634759607309544e-02 0.000000000000000000e+00
7.368629829879773385e-02 0.000000000000000000e+00 3.172419376050013284e-02 6.084409775301596879e-02 0.000000000000000000e+00
1.017801042901075592e-01 0.000000000000000000e+00 2.083079672534980317e-02 2.916980355452715445e-02 1.909526640508629356e-03
1.083361483723025015e-01 0.000000000000000000e+00 9.417588614234940645e-04 5.083188528922511461e-03 2.788047689336943177e-02
9.438913022204724335e-02 1.868044454456629228e-02 0.000000000000000000e+00 0.000000000000000000e+00 5.309403538178571885e-02
6.497361107042419481e-02 2.381074148861449941e-02 0.000000000000000000e+00 0.000000000000000000e+00 7.546006427857403220e-02
3.639013591931104796e-02 1.774851316336324702e-02 0.000000000000000000e+00 0.000000000000000000e+00 8.072872193573657484e-02
1.420694097261545642e-02 3.754813377053032534e-03 0.000000000000000000e+00 0.000000000000000000e+00 6.947844441225084489e-02
3.434883907214595668e-03 1.101720537041894071e-03 0.000000000000000000e+00 0.000000000000000000e+00 4.640425074979490777e-02
3.877325847594258385e-04 1.024792091602080369e-03 0.000000000000000000e+00 5.558544689280982233e-04 2.800663944324749063e-02
0.000000000000000000e+00 2.709368574049805063e-04 0.000000000000000000e+00 1.165095119037046168e-03 1.626581304461752545e-02
0.000000000000000000e+00 0.000000000000000000e+00 0.000000000000000000e+00 1.197157034431891925e-03 7.690255009579104878e-03
0.000000000000000000e+00 0.000000000000000000e+00 0.000000000000000000e+00 9.051622716681549229e-04 2.898176315878445066e-03
0.000000000000000000e+00 1.659917679054857847e-05 0.000000000000000000e+00 0.000000000000000000e+00 2.614943760075527581e-04
0.000000000000000000e+00 0.000000000000000000e+00 0.000000000000000000e+00 0.000000000000000000e+00 0.000000000000000000e+00
0.000000000000000000e+00 0.000000000000000000e+00 0.000000000000000000e+00 0.000000000000000000e+00 0.000000000000000000e+00
0.000000000000000000e+00 0.000000000000000000e+00 0.000000000000000000e+00 0.000000000000000000e+00 0.000000000000000000e+00
0.000000000000000000e+00 0.000000000000000000e+00 0.000000000000000000e+00 0.000000000000000000e+00 0.000000000000000000e+00
0.000000000000000000e+00 0.000000000000000000e+00 0.000000000000000000e+00 0.000000000000000000e+00 0.000000000000000000e+00
0.000000000000000000e+00 0.000000000000000000e+00 0.000000000000000000e+00 0.000000000000000000e+00 0.000000000000000000e+00
0.000000000000000000e+00 0.000000000000000000e+00 0.000000000000000000e+00 0.000000000000000000e+00 0.000000000000000000e+00
0.000000000000000000e+00 0.000000000000000000e+00 0.000000000000000000e+00 0.000000000000000000e+00 0.000000000000000000e+00
0.000000000000000000e+00 0.000000000000000000e+00 0.000000000000000000e+00 0.000000000000000000e+00 0.000000000000000000e+00
0.000000000000000000e+00 1.541696103961020788e-04 0.000000000000000000e+00 3.181902339238723391e-04 0.000000000000000000e+00
0.000000000000000000e+00 7.873255787721358638e-04 0.000000000000000000e+00 1.351868486043376763e-03 0.000000000000000000e+00
0.000000000000000000e+00 5.046564774764389491e-04 0.000000000000000000e+00 2.188217116220225831e-03 1.900937155184923130e-04
7.851784984128810452e-04 0.000000000000000000e+00 0.000000000000000000e+00 5.162454331709839632e-03 1.921657382824262426e-04
1.477910303733764082e-03 2.473220497316252456e-04 0.000000000000000000e+00 7.986838417613920452e-03 0.000000000000000000e+00
3.903958070699306560e-03 3.169994350843193670e-04 0.000000000000000000e+00 1.062025470494194768e-02 0.000000000000000000e+00
7.146902285180174730e-03 0.000000000000000000e+00 0.000000000000000000e+00 1.034789258986749255e-02 0.000000000000000000e+00
9.129031512992120262e-03 1.676360838322617491e-03 0.000000000000000000e+00 8.624031882146540595e-03 7.755690559982346280e-04
9.404692760918275524e-03 6.784341332818208913e-03 0.000000000000000000e+00 4.211106071355869181e-03 2.652458612046611642e-03
1.056590100162185623e-02 7.796306179986278728e-03 0.000000000000000000e+00 0.000000000000000000e+00 4.093847825876559265e-03
7.177002617060349032e-03 5.505596473798135028e-03 0.000000000000000000e+00 0.000000000000000000e+00 5.019955579367654103e-03
3.774517121381398659e-03 5.762765300540087163e-03 0.000000000000000000e+00 0.000000000000000000e+00 6.195953535971005996e-03
1.317889096662695032e-03 4.794703804386407295e-03 0.000000000000000000e+00 0.000000000000000000e+00 6.202985286800882792e-03
5.130171798447047187e-04 2.692969505670367910e-03 0.000000000000000000e+00 0.000000000000000000e+00 5.082170727770211720e-03
6.052856584883323319e-04 1.462648714465384411e-03 0.000000000000000000e+00 0.000000000000000000e+00 2.545577476721107291e-03
4.316721400286431369e-05 9.431140757729533381e-04 0.000000000000000000e+00 0.000000000000000000e+00 1.240079290642955717e-03
0.000000000000000000e+00 6.392735364777303933e-05 0.000000000000000000e+00 0.000000000000000000e+00 9.087385868707197718e-05
0.000000000000000000e+00 0.000000000000000000e+00 0.000000000000000000e+00 0.000000000000000000e+00 0.000000000000000000e+00
0.000000000000000000e+00 0.000000000000000000e+00 0.000000000000000000e+00 0.000000000000000000e+00 0.000000000000000000e+00
0.000000000000000000e+00 0.000000000000000000e+00 0.000000000000000000e+00 0.000000000000000000e+00 0.000000000000000000e+00
0.000000000000000000e+00 0.000000000000000000e+00 0.000000000000000000e+00 0.000000000000000000e+00 0.000000000000000000e+00
0.000000000000000000e+00 0.000000000000000000e+00 0.000000000000000000e+00 0.000000000000000000e+00 0.000000000000000000e+00
0.000000000000000000e+00 0.000000000000000000e+00 0.000000000000000000e+00 0.000000000000000000e+00 0.000000000000000000e+00
0.000000000000000000e+00 0.000000000000000000e+00 0.000000000000000000e+00 0.000000000000000000e+00 0.000000000000000000e+00
0.000000000000000000e+00 0.000000000000000000e+00 0.000000000000000000e+00 0.000000000000000000e+00 0.000000000000000000e+00
0.000000000000000000e+00 0.000000000000000000e+00 0.000000000000000000e+00 0.000000000000000000e+00 0.000000000000000000e+00
0.000000000000000000e+00 0.000000000000000000e+00 0.000000000000000000e+00 0.000000000000000000e+00 0.000000000000000000e+00
0.000000000000000000e+00 0.000000000000000000e+00 0.000000000000000000e+00 0.000000000000000000e+00 0.000000000000000000e+00
0.000000000000000000e+00 0.000000000000000000e+00 0.000000000000000000e+00 0.000000000000000000e+00 0.000000000000000000e+00
0.000000000000000000e+00 0.000000000000000000e+00 0.000000000000000000e+00 0.000000000000000000e+00 0.000000000000000000e+00
0.000000000000000000e+00 0.000000000000000000e+00 0.000000000000000000e+00 0.000000000000000000e+00 0.000000000000000000e+00
0.000000000000000000e+00 0.000000000000000000e+00 0.000000000000000000e+00 0.000000000000000000e+00 0.000000000000000000e+00
0.000000000000000000e+00 0.000000000000000000e+00 0.000000000000000000e+00 0.000000000000000000e+00 0.000000000000000000e+00
0.000000000000000000e+00 0.000000000000000000e+00 0.000000000000000000e+00 0.000000000000000000e+00 0.000000000000000000e+00
0.000000000000000000e+00 0.000000000000000000e+00 0.000000000000000000e+00 0.000000000000000000e+00 0.000000000000000000e+00
0.000000000000000000e+00 0.000000000000000000e+00 0.000000000000000000e+00 0.000000000000000000e+00 0.000000000000000000e+00
0.000000000000000000e+00 0.000000000000000000e+00 0.000000000000000000e+00 0.000000000000000000e+00 0.000000000000000000e+00
0.000000000000000000e+00 0.000000000000000000e+00 0.000000000000000000e+00 0.000000000000000000e+00 0.000000000000000000e+00
0.000000000000000000e+00 0.000000000000000000e+00 0.000000000000000000e+00 0.000000000000000000e+00 0.000000000000000000e+00
0.000000000000000000e+00 0.000000000000000000e+00 0.000000000000000000e+00 0.000000000000000000e+00 0.000000000000000000e+00
0.000000000000000000e+00 0.000000000000000000e+00 0.000000000000000000e+00 0.000000000000000000e+00 0.000000000000000000e+00
0.000000000000000000e+00 0.000000000000000000e+00 0.000000000000000000e+00 0.000000000000000000e+00 0.000000000000000000e+00
0.000000000000000000e+00 0.000000000000000000e+00 0.000000000000000000e+00 0.000000000000000000e+00 0.000000000000000000e+00
0.000000000000000000e+00 0.000000000000000000e+00 0.000000000000000000e+00 0.000000000000000000e+00 0.000000000000000000e+00
8.223401978690198113e-06 7.526647826740189950e-05 0.000000000000000000e+00 0.000000000000000000e+00 0.000000000000000000e+00
1.370566996448367086e-05 1.254441304456697015e-04 0.000000000000000000e+00 0.000000000000000000e+00 0.000000000000000000e+00
1.096453597158692517e-05 1.003553043565359021e-04 0.000000000000000000e+00 0.000000000000000000e+00 0.000000000000000000e+00
0.000000000000000000e+00 0.000000000000000000e+00 0.000000000000000000e+00 0.000000000000000000e+00 0.000000000000000000e+00
0.000000000000000000e+00 0.000000000000000000e+00 0.000000000000000000e+00 0.000000000000000000e+00 0.000000000000000000e+00
0.000000000000000000e+00 0.000000000000000000e+00 0.000000000000000000e+00 0.000000000000000000e+00 0.000000000000000000e+00
0.000000000000000000e+00 0.000000000000000000e+00 0.000000000000000000e+00 0.000000000000000000e+00 0.000000000000000000e+00
0.000000000000000000e+00 0.000000000000000000e+00 0.000000000000000000e+00 0.000000000000000000e+00 0.000000000000000000e+00
0.000000000000000000e+00 0.000000000000000000e+00 0.000000000000000000e+00 0.000000000000000000e+00 0.000000000000000000e+00
0.000000000000000000e+00 0.000000000000000000e+00 0.000000000000000000e+00 0.000000000000000000e+00 0.000000000000000000e+00
0.000000000000000000e+00 0.000000000000000000e+00 0.000000000000000000e+00 0.000000000000000000e+00 0.000000000000000000e+00
0.000000000000000000e+00 0.000000000000000000e+00 0.000000000000000000e+00 0.000000000000000000e+00 0.000000000000000000e+00
0.000000000000000000e+00 0.000000000000000000e+00 0.000000000000000000e+00 0.000000000000000000e+00 0.000000000000000000e+00
0.000000000000000000e+00 0.000000000000000000e+00 0.000000000000000000e+00 0.000000000000000000e+00 0.000000000000000000e+00
0.000000000000000000e+00 0.000000000000000000e+00 0.000000000000000000e+00 0.000000000000000000e+00 0.000000000000000000e+00
0.000000000000000000e+00 0.000000000000000000e+00 0.000000000000000000e+00 0.000000000000000000e+00 0.000000000000000000e+00
0.000000000000000000e+00 0.000000000000000000e+00 0.000000000000000000e+00 0.000000000000000000e+00 0.000000000000000000e+00
0.000000000000000000e+00 0.000000000000000000e+00 0.000000000000000000e+00 0.000000000000000000e+00 0.000000000000000000e+00
0.000000000000000000e+00 0.000000000000000000e+00 0.000000000000000000e+00 0.000000000000000000e+00 0.000000000000000000e+00
0.000000000000000000e+00 0.000000000000000000e+00 0.000000000000000000e+00 0.000000000000000000e+00 0.000000000000000000e+00
0.000000000000000000e+00 0.000000000000000000e+00 0.000000000000000000e+00 0.000000000000000000e+00 0.000000000000000000e+00
0.000000000000000000e+00 0.000000000000000000e+00 0.000000000000000000e+00 0.000000000000000000e+00 0.000000000000000000e+00
0.000000000000000000e+00 0.000000000000000000e+00 0.000000000000000000e+00 0.000000000000000000e+00 0.000000000000000000e+00
0.000000000000000000e+00 0.000000000000000000e+00 0.000000000000000000e+00 0.000000000000000000e+00 0.000000000000000000e+00
0.000000000000000000e+00 0.000000000000000000e+00 0.000000000000000000e+00 0.000000000000000000e+00 0.000000000000000000e+00
0.000000000000000000e+00 0.000000000000000000e+00 0.000000000000000000e+00 0.000000000000000000e+00 0.000000000000000000e+00
0.000000000000000000e+00 0.000000000000000000e+00 0.000000000000000000e+00 0.000000000000000000e+00 0.000000000000000000e+00
0.000000000000000000e+00 0.000000000000000000e+00 0.000000000000000000e+00 0.000000000000000000e+00 0.000000000000000000e+00
0.000000000000000000e+00 0.000000000000000000e+00 0.000000000000000000e+00 0.000000000000000000e+00 0.000000000000000000e+00
0.000000000000000000e+00 0.000000000000000000e+00 0.000000000000000000e+00 0.000000000000000000e+00 0.000000000000000000e+00
0.000000000000000000e+00 0.000000000000000000e+00 0.000000000000000000e+00 0.000000000000000000e+00 0.000000000000000000e+00
0.000000000000000000e+00 0.000000000000000000e+00 0.000000000000000000e+00 0.000000000000000000e+00 0.000000000000000000e+00
0.000000000000000000e+00 0.000000000000000000e+00 0.000000000000000000e+00 0.000000000000000000e+00 0.000000000000000000e+00
0.000000000000000000e+00 0.000000000000000000e+00 0.000000000000000000e+00 0.000000000000000000e+00 0.000000000000000000e+00
0.000000000000000000e+00 0.000000000000000000e+00 0.000000000000000000e+00 0.000000000000000000e+00 0.000000000000000000e+00
