399.8177216053009
0.000000000000000000e+00 0.000000000000000000e+00 0.000000000000000000e+00 0.000000000000000000e+00 0.000000000000000000e+00
0.000000000000000000e+00 0.000000000000000000e+00 0.000000000000000000e+00 0.000000000000000000e+00 0.000000000000000000e+00
0.000000000000000000e+00 0.000000000000000000e+00 0.000000000000000000e+00 0.000000000000000000e+00 0.000000000000000000e+00
0.000000000000000000e+00 0.000000000000000000e+00 0.000000000000000000e+00 0.000000000000000000e+00 0.000000000000000000e+00
0.000000000000000000e+00 0.000000000000000000e+00 0.000000000000000000e+00 0.000000000000000000e+00 0.000000000000000000e+00
0.000000000000000000e+00 0.000000000000000000e+00 0.000000000000000000e+00 0.000000000000000000e+00 0.000000000000000000e+00
0.000000000000000000e+00 0.000000000000000000e+00 0.000000000000000000e+00 0.000000000000000000e+00 0.000000000000000000e+00
0.000000000000000000e+00 0.000000000000000000e+00 0.000000000000000000e+00 0.000000000000000000e+00 0.000000000000000000e+00
0.000000000000000000e+00 0.000000000000000000e+00 0.000000000000000000e+00 0.000000000000000000e+00 0.000000000000000000e+00
0.000000000000000000e+00 0.000000000000000000e+00 0.000000000000000000e+00 0.000000000000000000e+00 0.000000000000000000e+00
0.000000000000000000e+00 0.000000000000000000e+00 0.000000000000000000e+00 0.000000000000000000e+00 0.000000000000000000e+00
0.000000000000000000e+00 0.000000000000000000e+00 0.000000000000000000e+00 0.000000000000000000e+00 0.000000000000000000e+00
0.000000000000000000e+00 0.000000000000000000e+00 0.000000000000000000e+00 0.000000000000000000e+00 0.000000000000000000e+00
0.000000000000000000e+00 0.000000000000000000e+00 0.000000000000000000e+00 0.000000000000000000e+00 0.000000000000000000e+00
0.000000000000000000e+00 0.000000000000000000e+00 0.000000000000000000e+00 0.000000000000000000e+00 0.000000000000000000e+00
0.000000000000000000e+00 0.000000000000000000e+00 0.000000000000000000e+00 0.000000000000000000e+00 0.000000000000000000e+00
0.000000000000000000e+00 0.000000000000000000e+00 0.000000000000000000e+00 0.000000000000000000e+00 0.000000000000000000e+00
0.000000000000000000e+00 0.000000000000000000e+00 0.000000000000000000e+00 0.000000000000000000e+00 0.000000000000000000e+00
0.000000000000000000e+00 0.000000000000000000e+00 0.000000000000000000e+00 0.000000000000000000e+00 0.000000000000000000e+00
0.000000000000000000e+00 0.000000000000000000e+00 0.000000000000000000e+00 0.000000000000000000e+00 0.000000000000000000e+00
0.000000000000000000e+00 0.000000000000000000e+00 0.000000000000000000e+00 0.000000000000000000e+00 0.000000000000000000e+00
0.000000000000000000e+00 0.000000000000000000e+00 0.000000000000000000e+00 0.000000000000000000e+00 0.000000000000000000e+00
0.000000000000000000e+00 0.000000000000000000e+00 0.000000000000000000e+00 0.000000000000000000e+00 0.000000000000000000e+00
0.000000000000000000e+00 0.000000000000000000e+00 0.000000000000000000e+00 0.000000000000000000e+00 0.000000000000000000e+00
0.000000000000000000e+00 0.000000000000000000e+00 0.000000000000000000e+00 0.000000000000000000e+00 0.000000000000000000e+00
0.000000000000000000e+00 0.000000000000000000e+00 0.000000000000000000e+00 0.000000000000000000e+00 0.000000000000000000e+00
0.000000000000000000e+00 0.000000000000000000e+00 0.000000000000000000e+00 0.000000000000000000e+00 0.000000000000000000e+00
0.000000000000000000e+00 0.000000000000000000e+00 0.000000000000000000e+00 0.000000000000000000e+00 0.000000000000000000e+00
0.000000000000000000e+00 0.000000000000000000e+00 0.000000000000000000e+00 0.000000000000000000e+00 0.000000000000000000e+00
0.000000000000000000e+00 0.000000000000000000e+00 0.000000000000000000e+00 0.000000000000000000e+00 0.000000000000000000e+00
0.000000000000000000e+00 0.000000000000000000e+00 0.000000000000000000e+00 0.000000000000000000e+00 0.000000000000000000e+00
0.000000000000000000e+00 0.000000000000000000e+00 0.000000000000000000e+00 0.000000000000000000e+00 0.000000000000000000e+00
0.000000000000000000e+00 0.000000000000000000e+00 0.000000000000000000e+00 0.000000000000000000e+00 0.000000000000000000e+00
0.000000000000000000e+00 0.000000000000000000e+00 0.000000000000000000e+00 0.000000000000000000e+00 0.000000000000000000e+00
0.000000000000000000e+00 0.000000000000000000e+00 0.000000000000000000e+00 0.000000000000000000e+00 0.000000000000000000e+00
0.000000000000000000e+00 0.000000000000000000e+00 0.000000000000000000e+00 0.000000000000000000e+00 0.000000000000000000e+00
0.000000000000000000e+00 0.000000000000000000e+00 0.000000000000000000e+00 0.000000000000000000e+00 0.000000000000000000e+00
0.000000000000000000e+00 0.000000000000000000e+00 0.000000000000000000e+00 0.000000000000000000e+00 0.000000000000000000e+00
0.000000000000000000e+00 0.000000000000000000e+00 0.000000000000000000e+00 0.000000000000000000e+00 0.000000000000000000e+00
0.000000000000000000e+00 0.000000000000000000e+00 0.000000000000000000e+00 0.000000000000000000e+00 0.000000000000000000e+00
0.000000000000000000e+00 0.000000000000000000e+00 0.000000000000000000e+00 0.000000000000000000e+00 0.000000000000000000e+00
0.000000000000000000e+00 0.000000000000000000e+00 0.000000000000000000e+00 0.000000000000000000e+00 0.000000000000000000e+00
0.000000000000000000e+00 0.000000000000000000e+00 0.000000000000000000e+00 0.000000000000000000e+00 0.000000000000000000e+00
0.000000000000000000e+00 0.000000000000000000e+00 0.000000000000000000e+00 0.000000000000000000e+00 0.000000000000000000e+00
0.000000000000000000e+00 0.000000000000000000e+00 0.000000000000000000e+00 0.000000000000000000e+00 0.000000000000000000e+00
0.000000000000000000e+00 0.000000000000000000e+00 0.000000000000000000e+00 0.000000000000000000e+00 0.000000000000000000e+00
0.000000000000000000e+00 0.000000000000000000e+00 0.000000000000000000e+00 0.000000000000000000e+00 0.000000000000000000e+00
0.000000000000000000e+00 0.000000000000000000e+00 0.000000000000000000e+00 0.000000000000000000e+00 0.000000000000000000e+00
0.000000000000000000e+00 0.000000000000000000e+00 0.000000000000000000e+00 0.000000000000000000e+00 0.000000000000000000e+00
0.000000000000000000e+00 0.000000000000000000e+00 0.000000000000000000e+00 0.000000000000000000e+00 0.000000000000000000e+00
0.000000000000000000e+00 0.000000000000000000e+00 0.000000000000000000e+00 0.000000000000000000e+00 0.000000000000000000e+00
0.000000000000000000e+00 0.000000000000000000e+00 0.000000000000000000e+00 0.000000000000000000e+00 0.000000000000000000e+00
0.000000000000000000e+00 0.000000000000000000e+00 0.000000000000000000e+00 0.000000000000000000e+00 0.000000000000000000e+00
0.000000000000000000e+00 0.000000000000000000e+00 0.000000000000000000e+00 0.000000000000000000e+00 0.000000000000000000e+00
0.000000000000000000e+00 0.000000000000000000e+00 0.000000000000000000e+00 0.000000000000000000e+00 0.000000000000000000e+00
0.000000000000000000e+00 0.000000000000000000e+00 0.000000000000000000e+00 0.000000000000000000e+00 0.000000000000000000e+00
0.000000000000000000e+00 0.000000000000000000e+00 0.000000000000000000e+00 0.000000000000000000e+00 0.000000000000000000e+00
0.000000000000000000e+00 0.000000000000000000e+00 0.000000000000000000e+00 0.000000000000000000e+00 0.000000000000000000e+00
0.000000000000000000e+00 0.000000000000000000e+00 0.000000000000000000e+00 0.000000000000000000e+00 0.000000000000000000e+00
0.000000000000000000e+00 0.000000000000000000e+00 0.000000000000000000e+00 0.000000000000000000e+00 0.000000000000000000e+00
0.000000000000000000e+00 0.000000000000000000e+00 0.000000000000000000e+00 0.000000000000000000e+00 0.000000000000000000e+00
0.000000000000000000e+00 0.000000000000000000e+00 0.000000000000000000e+00 0.000000000000000000e+00 0.000000000000000000e+00
0.000000000000000000e+00 0.000000000000000000e+00 0.000000000000000000e+00 0.000000000000000000e+00 0.000000000000000000e+00
0.000000000000000000e+00 0.000000000000000000e+00 0.000000000000000000e+00 0.000000000000000000e+00 0.000000000000000000e+00
0.000000000000000000e+00 0.000000000000000000e+00 0.000000000000000000e+00 0.000000000000000000e+00 0.000000000000000000e+00
0.000000000000000000e+00 0.000000000000000000e+00 0.000000000000000000e+00 0.000000000000000000e+00 0.000000000000000000e+00
0.000000000000000000e+00 0.000000000000000000e+00 0.000000000000000000e+00 0.000000000000000000e+00 0.000000000000000000e+00
0.000000000000000000e+00 0.000000000000000000e+00 0.000000000000000000e+00 0.000000000000000000e+00 0.000000000000000000e+00
0.000000000000000000e+00 0.000000000000000000e+00 0.000000000000000000e+00 0.000000000000000000e+00 0.000000000000000000e+00
0.000000000000000000e+00 0.000000000000000000e+00 0.000000000000000000e+00 0.000000000000000000e+00 0.000000000000000000e+00
0.000000000000000000e+00 0.000000000000000000e+00 0.000000000000000000e+00 0.000000000000000000e+00 0.000000000000000000e+00
0.000000000000000000e+00 0.000000000000000000e+00 0.000000000000000000e+00 0.000000000000000000e+00 0.000000000000000000e+00
0.000000000000000000e+00 0.000000000000000000e+00 0.000000000000000000e+00 0.000000000000000000e+00 0.000000000000000000e+00
0.000000000000000000e+00 4.063576331644797214e-05 0.000000000000000000e+00 0.000000000000000000e+00 2.408980420979647320e-05
0.000000000000000000e+00 1.428805871449304271e-04 0.000000000000000000e+00 0.000000000000000000e+00 8.470285996347749345e-05
0.000000000000000000e+00 7.209570910982705718e-06 0.000000000000000000e+00 0.000000000000000000e+00 4.273997521092921926e-06
0.000000000000000000e+00 0.000000000000000000e+00 0.000000000000000000e+00 0.000000000000000000e+00 0.000000000000000000e+00
0.000000000000000000e+00 0.000000000000000000e+00 0.000000000000000000e+00 0.000000000000000000e+00 0.000000000000000000e+00
0.000000000000000000e+00 0.000000000000000000e+00 0.000000000000000000e+00 0.000000000000000000e+00 0.000000000000000000e+00
0.000000000000000000e+00 0.000000000000000000e+00 0.000000000000000000e+00 0.000000000000000000e+00 0.000000000000000000e+00
0.000000000000000000e+00 0.000000000000000000e+00 0.000000000000000000e+00 0.000000000000000000e+00 0.000000000000000000e+00
0.000000000000000000e+00 0.000000000000000000e+00 0.000000000000000000e+00 0.000000000000000000e+00 0.000000000000000000e+00
0.000000000000000000e+00 0.000000000000000000e+00 0.000000000000000000e+00 0.000000000000000000e+00 0.000000000000000000e+00
0.000000000000000000e+00 0.000000000000000000e+00 0.000000000000000000e+00 0.000000000000000000e+00 0.000000000000000000e+00
0.000000000000000000e+00 0.000000000000000000e+00 0.000000000000000000e+00 0.000000000000000000e+00 0.000000000000000000e+00
0.000000000000000000e+00 0.000000000000000000e+00 0.000000000000000000e+00 0.000000000000000000e+00 0.000000000000000000e+00
0.000000000000000000e+00 0.000000000000000000e+00 0.000000000000000000e+00 0.000000000000000000e+00 0.000000000000000000e+00
0.000000000000000000e+00 0.000000000000000000e+00 0.000000000000000000e+00 0.000000000000000000e+00 0.000000000000000000e+00
0.000000000000000000e+00 0.000000000000000000e+00 0.000000000000000000e+00 0.000000000000000000e+00 0.000000000000000000e+00
0.000000000000000000e+00 0.000000000000000000e+00 0.000000000000000000e+00 0.000000000000000000e+00 0.000000000000000000e+00
0.000000000000000000e+00 0.000000000000000000e+00 0.000000000000000000e+00 0.000000000000000000e+00 0.000000000000000000e+00
0.000000000000000000e+00 0.000000000000000000e+00 0.000000000000000000e+00 0.000000000000000000e+00 0.000000000000000000e+00
7.405923750297884199e-06 5.759068620255485021e-05 1.404474513258023896e-05 0.000000000000000000e+00 0.000000000000000000e+00
1.576132490448000923e-05 1.225647937131303503e-04 2.989009861549142403e-05 0.000000000000000000e+00 0.000000000000000000e+00
2.898432490355846308e-05 1.292740259069987915e-04 1.120155219179513255e-04 0.000000000000000000e+00 0.000000000000000000e+00
4.274096576781076257e-05 1.931895124034777988e-04 1.926962027018512210e-04 0.000000000000000000e+00 0.000000000000000000e+00
1.346107054682601036e-04 1.587890403541085372e-04 2.740652512915040841e-04 1.796468989066117580e-05 0.000000000000000000e+00
3.605505027573853200e-04 3.379253846276761590e-04 3.672767427870076676e-04 1.716553513786698830e-05 0.000000000000000000e+00
4.900783395232874342e-04 7.200296255690165782e-04 4.800502089325040965e-04 1.321854446163459333e-04 0.000000000000000000e+00
3.776754264248511099e-04 1.478207975528758513e-03 6.315006181772520174e-04 0.000000000000000000e+00 0.000000000000000000e+00
5.975635576905511401e-04 1.580695571835228708e-03 5.727541916979688851e-04 0.000000000000000000e+00 0.000000000000000000e+00
1.168225358237072117e-03 1.280393111583167298e-03 6.209956332009600351e-05 0.000000000000000000e+00 0.000000000000000000e+00
8.212312513637006449e-04 1.381921842706168883e-03 0.000000000000000000e+00 0.000000000000000000e+00 0.000000000000000000e+00
4.219696473023151133e-04 1.000104289931051096e-03 0.000000000000000000e+00 0.000000000000000000e+00 8.651253484113933455e-06
1.793598112637841255e-04 4.228758739620659853e-04 0.000000000000000000e+00 1.968892998362628110e-04 0.000000000000000000e+00
1.247751318823170081e-04 3.547166573845881004e-04 0.000000000000000000e+00 4.146583509994623915e-04 0.000000000000000000e+00
1.238403258484732650e-04 0.000000000000000000e+00 0.000000000000000000e+00 2.145788734423062115e-04 0.000000000000000000e+00
8.443267868371313184e-05 0.000000000000000000e+00 0.000000000000000000e+00 1.563820208023489059e-04 1.870082927889801360e-05
7.892884874218110387e-06 0.000000000000000000e+00 0.000000000000000000e+00 1.692744694763175282e-05 4.508680395967717203e-06
0.000000000000000000e+00 0.000000000000000000e+00 0.000000000000000000e+00 0.000000000000000000e+00 0.000000000000000000e+00
0.000000000000000000e+00 0.000000000000000000e+00 0.000000000000000000e+00 0.000000000000000000e+00 0.000000000000000000e+00
0.000000000000000000e+00 0.000000000000000000e+00 0.000000000000000000e+00 0.000000000000000000e+00 0.000000000000000000e+00
0.000000000000000000e+00 0.000000000000000000e+00 0.000000000000000000e+00 0.000000000000000000e+00 0.000000000000000000e+00
0.000000000000000000e+00 0.000000000000000000e+00 0.000000000000000000e+00 0.000000000000000000e+00 0.000000000000000000e+00
5.777964136026134268e-06 1.306489684654686887e-05 2.952879567580083976e-05 0.000000000000000000e+00 0.000000000000000000e+00
0.000000000000000000e+00 0.000000000000000000e+00 0.000000000000000000e+00 0.000000000000000000e+00 0.000000000000000000e+00
0.000000000000000000e+00 0.000000000000000000e+00 0.000000000000000000e+00 0.000000000000000000e+00 0.000000000000000000e+00
3.594853371559937345e-05 0.000000000000000000e+00 0.000000000000000000e+00 2.352809452147900456e-07 0.000000000000000000e+00
8.402471035925001994e-06 9.707222502994192735e-05 1.425677560662326438e-04 5.649721713663963481e-06 0.000000000000000000e+00
1.971530159765727270e-05 5.550710627809509823e-04 7.536945840247482242e-04 0.000000000000000000e+00 0.000000000000000000e+00
0.000000000000000000e+00 1.502247098554562038e-03 2.508830344963000527e-03 0.000000000000000000e+00 0.000000000000000000e+00
1.956059983300409855e-04 2.055068102005590345e-03 5.846735310150927116e-03 0.000000000000000000e+00 0.000000000000000000e+00
1.240439274871532084e-03 2.698684512442060379e-03 1.179196972409455105e-02 0.000000000000000000e+00 0.000000000000000000e+00
4.890194473528577945e-03 2.358032465286113814e-03 1.988568015518974927e-02 0.000000000000000000e+00 0.000000000000000000e+00
1.261043387324285205e-02 2.464591912593753955e-03 2.684920355356621227e-02 0.000000000000000000e+00 0.000000000000000000e+00
2.612060075814435015e-02 0.000000000000000000e+00 3.122148028003848483e-02 0.000000000000000000e+00 0.000000000000000000e+00
4.058471331371127366e-02 0.000000000000000000e+00 3.089173207083725434e-02 9.520226161920509024e-04 0.000000000000000000e+00
5.290263362808971664e-02 0.000000000000000000e+00 2.140914151459499468e-02 3.834651887293798449e-03 0.000000000000000000e+00
5.661582793779362799e-02 0.000000000000000000e+00 9.465457803664548142e-03 9.959550570422144589e-03 0.000000000000000000e+00
4.725201927864493973e-02 0.000000000000000000e+00 7.460777516634232824e-04 1.556755092932975149e-02 0.000000000000000000e+00
3.246028899078765712e-02 0.000000000000000000e+00 0.000000000000000000e+00 1.899444272671210396e-02 0.000000000000000000e+00
1.820416195378649418e-02 3.142244788305840943e-03 0.000000000000000000e+00 1.838982915600471252e-02 0.000000000000000000e+00
8.925636478163778351e-03 6.672249847014975407e-03 0.000000000000000000e+00 1.458131584145179807e-02 0.000000000000000000e+00
3.739438932207386681e-03 7.838127436970761946e-03 0.000000000000000000e+00 9.124503663021985359e-03 0.000000000000000000e+00
9.302877571810377237e-04 4.751642618208569771e-03 0.000000000000000000e+00 4.094186349328199706e-03 0.000000000000000000e+00
2.364047792533503323e-04 1.554250362479167417e-03 0.000000000000000000e+00 2.097855207679295234e-03 0.000000000000000000e+00
4.965268252998999629e-05 5.090091280072843970e-04 3.316899484260897276e-05 5.747089303667680558e-04 1.917426859140575890e-05
8.490555015264380633e-05 1.803694877092461919e-04 0.000000000000000000e+00 5.929794962348101088e-05 1.070255448600015985e-04
6.271770940635732307e-05 1.437576638907789664e-04 0.000000000000000000e+00 1.275738711479234308e-05 2.349048188555139225e-06
8.744338714820266609e-06 2.049752041785518278e-05 0.000000000000000000e+00 0.000000000000000000e+00 9.301904862862987866e-08
0.000000000000000000e+00 0.000000000000000000e+00 0.000000000000000000e+00 0.000000000000000000e+00 0.000000000000000000e+00
0.000000000000000000e+00 0.000000000000000000e+00 0.000000000000000000e+00 0.000000000000000000e+00 0.000000000000000000e+00
0.000000000000000000e+00 0.000000000000000000e+00 0.000000000000000000e+00 0.000000000000000000e+00 0.000000000000000000e+00
0.000000000000000000e+00 0.000000000000000000e+00 0.000000000000000000e+00 0.000000000000000000e+00 0.000000000000000000e+00
0.000000000000000000e+00 5.157674350942144517e-05 4.535465066275999905e-05 0.000000000000000000e+00 0.000000000000000000e+00
0.000000000000000000e+00 5.805602317114192962e-04 4.633528558319158523e-04 0.000000000000000000e+00 0.000000000000000000e+00
0.000000000000000000e+00 1.550762312970400264e-03 2.100020010823413531e-03 0.000000000000000000e+00 0.000000000000000000e+00
0.000000000000000000e+00 3.352800782501521876e-03 6.532657241026659442e-03 0.000000000000000000e+00 0.000000000000000000e+00
0.000000000000000000e+00 5.375537126191008708e-03 1.744913577995462275e-02 0.000000000000000000e+00 0.000000000000000000e+00
9.042012102847981313e-04 6.629508168030119435e-03 3.844452753199209538e-02 0.000000000000000000e+00 0.000000000000000000e+00
6.061048322110095844e-03 5.897346971692154181e-03 6.246894633882348058e-02 0.000000000000000000e+00 0.000000000000000000e+00
2.131749207131324389e-02 5.185484510048338170e-04 9.188049059524162898e-02 0.000000000000000000e+00 0.000000000000000000e+00
4.821436545860517675e-02 0.000000000000000000e+00 1.071531938818444385e-01 0.000000000000000000e+00 0.000000000000000000e+00
8.208603746450257588e-02 0.000000000000000000e+00 1.029157199087231550e-01 0.000000000000000000e+00 5.425056605911094017e-03
1.103423800033164759e-01 0.000000000000000000e+00 8.260326240482702975e-02 0.000000000000000000e+00 1.824397197645034885e-02
1.243560608637428733e-01 0.000000000000000000e+00 5.424765904405959988e-02 1.787153271921149839e-02 3.028105553484585627e-02
1.232482016307743095e-01 0.000000000000000000e+00 2.507405119843179875e-02 4.089900461027307088e-02 3.809872879066530243e-02
1.069080075888621389e-01 0.000000000000000000e+00 0.000000000000000000e+00 6.492186092831997435e-02 3.632556183170435743e-02
7.582259768110560794e-02 0.000000000000000000e+00 0.000000000000000000e+00 8.392915279366133796e-02 2.866921504351309727e-02
4.378086588015355635e-02 0.000000000000000000e+00 0.000000000000000000e+00 8.721094121896395823e-02 1.851403174161965134e-02
1.911384980229597144e-02 1.278635653036311630e-03 0.000000000000000000e+00 7.706334884646866279e-02 6.799077477088182921e-03
4.881136711622161700e-03 6.770302710344699472e-03 0.000000000000000000e+00 5.713184884757406545e-02 2.602815798319334326e-03
0.000000000000000000e+00 7.542793713415494976e-03 0.000000000000000000e+00 3.491655281869243677e-02 2.297578948059371667e-03
0.000000000000000000e+00 3.373488650001769864e-03 0.000000000000000000e+00 1.638680596809933415e-02 2.455717746970694122e-03
0.000000000000000000e+00 1.375041999047495146e-03 0.000000000000000000e+00 5.209556010585711730e-03 1.637302367078477625e-03
0.000000000000000000e+00 0.000000000000000000e+00 0.000000000000000000e+00 1.314401400662443091e-03 9.816437678828472940e-04
0.000000000000000000e+00 2.739307402208260555e-05 0.000000000000000000e+00 2.779235962858297017e-04 3.239644413217428122e-04
1.517787480518340716e-05 1.361853308769281661e-05 0.000000000000000000e+00 0.000000000000000000e+00 6.826405060275066134e-08
0.000000000000000000e+00 0.000000000000000000e+00 0.000000000000000000e+00 0.000000000000000000e+00 0.000000000000000000e+00
0.000000000000000000e+00 0.000000000000000000e+00 0.000000000000000000e+00 0.000000000000000000e+00 0.000000000000000000e+00
0.000000000000000000e+00 0.000000000000000000e+00 0.000000000000000000e+00 0.000000000000000000e+00 0.000000000000000000e+00
0.000000000000000000e+00 0.000000000000000000e+00 0.000000000000000000e+00 0.000000000000000000e+00 0.000000000000000000e+00
0.000000000000000000e+00 5.689113854945460763e-04 4.379826367547283807e-04 2.701585501210300327e-05 0.000000000000000000e+00
0.000000000000000000e+00 2.031213072957889759e-03 2.495044084805400630e-03 0.000000000000000000e+00 0.000000000000000000e+00
0.000000000000000000e+00 4.500521661181621121e-03 9.438552572367959678e-03 0.000000000000000000e+00 0.000000000000000000e+00
0.000000000000000000e+00 6.914777794409996542e-03 2.733787158377147877e-02 0.000000000000000000e+00 0.000000000000000000e+00
0.000000000000000000e+00 7.268445955997062009e-03 6.086961159477797395e-02 0.000000000000000000e+00 0.000000000000000000e+00
2.207484494698288852e-03 3.697141394627113681e-03 9.831268785992029746e-02 0.000000000000000000e+00 0.000000000000000000e+00
1.930562116759482888e-02 0.000000000000000000e+00 1.306306413413227396e-01 0.000000000000000000e+00 3.777391837693839377e-03
5.018589356086544662e-02 0.000000000000000000e+00 1.413296109306992343e-01 0.000000000000000000e+00 2.318304352069474120e-02
8.488226885837665825e-02 0.000000000000000000e+00 1.224352513781555157e-01 0.000000000000000000e+00 4.562046930402140210e-02
1.041196731438911172e-01 0.000000000000000000e+00 9.159713666680108224e-02 2.492151721645853059e-03 6.806127953428804667e-02
1.046471538559716058e-01 0.000000000000000000e+00 6.502053092569570758e-02 2.369368531351153176e-02 8.225968103070917248e-02
9.482276642527877331e-02 1.969272652172935484e-02 5.082379948607616132e-02 4.453709265435672193e-02 8.687855377662023759e-02
8.773241858630718981e-02 2.379144685655647587e-02 3.727335650774050990e-02 6.111665009231824486e-02 8.653792524840142608e-02
8.369902282834960905e-02 1.137619313992160701e-02 2.201812520310234694e-02 7.677274196474359602e-02 8.239962484004577370e-02
7.295469086759444333e-02 0.000000000000000000e+00 1.538348516917718411e-03 9.495382034394200810e-02 7.353683826985868421e-02
5.224709081659492660e-02 0.000000000000000000e+00 0.000000000000000000e+00 1.103222719778256533e-01 5.676923651064477716e-02
2.487641385394034899e-02 0.000000000000000000e+00 0.000000000000000000e+00 1.147130855328110377e-01 3.630166141064954805e-02
5.955918367742772147e-03 0.000000000000000000e+00 0.000000000000000000e+00 1.031431016708900944e-01 1.918241567620232804e-02
0.000000000000000000e+00 3.196477849186537255e-04 0.000000000000000000e+00 7.517501306475984912e-02 1.056032462820429701e-02
0.000000000000000000e+00 2.677295941979035681e-03 0.000000000000000000e+00 4.203860193682565360e-02 7.217746779736167705e-03
0.000000000000000000e+00 2.818051775177266797e-03 0.000000000000000000e+00 1.601933357974535260e-02 4.064345616251833875e-03
0.000000000000000000e+00 1.511440650166437361e-03 0.000000000000000000e+00 4.525269060160126179e-03 2.057288567357364647e-03
0.000000000000000000e+00 5.379602888588592285e-04 0.000000000000000000e+00 7.253999187248053775e-04 6.253149364159073503e-04
0.000000000000000000e+00 0.000000000000000000e+00 0.000000000000000000e+00 5.566721269218243679e-05 1.287352586669048644e-04
0.000000000000000000e+00 0.000000000000000000e+00 0.000000000000000000e+00 0.000000000000000000e+00 0.000000000000000000e+00
0.000000000000000000e+00 0.000000000000000000e+00 0.000000000000000000e+00 0.000000000000000000e+00 0.000000000000000000e+00
0.000000000000000000e+00 0.000000000000000000e+00 0.000000000000000000e+00 0.000000000000000000e+00 0.000000000000000000e+00
0.000000000000000000e+00 5.862115607477887401e-05 8.532117243564718719e-05 0.000000000000000000e+00 0.000000000000000000e+00
0.000000000000000000e+00 1.145351928178817407e-03 2.284975166730202848e-03 0.000000000000000000e+00 0.000000000000000000e+00
0.000000000000000000e+00 4.194486444083240541e-03 8.876191766042498821e-03 0.000000000000000000e+00 0.000000000000000000e+00
0.000000000000000000e+00 7.306756656904392182e-03 2.521260100021641484e-02 0.000000000000000000e+00 0.000000000000000000e+00
0.000000000000000000e+00 6.947384291785907960e-03 6.135858927460696721e-02 0.000000000000000000e+00 0.000000000000000000e+00
0.000000000000000000e+00 1.742080720695510882e-03 1.077179200616171229e-01 0.000000000000000000e+00 2.578764124859565603e-04
6.317575727734127920e-03 0.000000000000000000e+00 1.435669120407666033e-01 0.000000000000000000e+00 1.516444969103280388e-02
3.393287633735693476e-02 0.000000000000000000e+00 1.442307339893616480e-01 0.000000000000000000e+00 4.396819668337161036e-02
6.869642048078936081e-02 0.000000000000000000e+00 1.072855474347508831e-01 0.000000000000000000e+00 7.574512657469131827e-02
8.447963363892581345e-02 0.000000000000000000e+00 5.925833438752602100e-02 1.164507413478849639e-02 9.553351811856967968e-02
7.254682562044471872e-02 3.170240923244905390e-02 2.577418545821620957e-02 3.775939462510349148e-02 1.004474547415074026e-01
4.330955115482901241e-02 7.442071921978124505e-02 1.917220919159037806e-02 5.820973848450142207e-02 9.554625259060692266e-02
2.169634229402571737e-02 1.082748241591132837e-01 2.907918986227595731e-02 5.959453866185440707e-02 8.819584757428911015e-02
2.149260013204366132e-02 1.167928685003107037e-01 3.929877892413287388e-02 5.244146740764014936e-02 7.803164333761494764e-02
3.642662758326959543e-02 9.233896380248297897e-02 3.981657189533079066e-02 4.804716013514792605e-02 7.535973626098571576e-02
5.352856973047066119e-02 5.297241378893081248e-02 2.625841696753734161e-02 5.391128833488970790e-02 7.678842597772186918e-02
5.296094629964357564e-02 1.027698966665479587e-02 3.053287266461282307e-03 7.586467758155235330e-02 7.438501807238331875e-02
3.198589356369665321e-02 0.000000000000000000e+00 0.000000000000000000e+00 1.045176353082638426e-01 5.938826736555727348e-02
5.952290298893691753e-03 0.000000000000000000e+00 0.000000000000000000e+00 1.169505011883570783e-01 3.896775323123428947e-02
0.000000000000000000e+00 0.000000000000000000e+00 0.000000000000000000e+00 9.989045344548924676e-02 2.278404714640485523e-02
0.000000000000000000e+00 2.613026275398521326e-03 0.000000000000000000e+00 6.451169237076985474e-02 1.309748954309980506e-02
0.000000000000000000e+00 7.018112989854890724e-03 0.000000000000000000e+00 2.903545893166364217e-02 5.454281112125831249e-03
0.000000000000000000e+00 2.330883115686977532e-03 0.000000000000000000e+00 8.110961378499753974e-03 2.149981268422710302e-03
0.000000000000000000e+00 2.585991421165337464e-04 0.000000000000000000e+00 9.971748788942468543e-04 9.927675568286871942e-04
0.000000000000000000e+00 0.000000000000000000e+00 0.000000000000000000e+00 5.528569844450483142e-05 1.390092040230284489e-04
0.000000000000000000e+00 0.000000000000000000e+00 0.000000000000000000e+00 0.000000000000000000e+00 0.000000000000000000e+00
0.000000000000000000e+00 0.000000000000000000e+00 0.000000000000000000e+00 0.000000000000000000e+00 0.000000000000000000e+00
0.000000000000000000e+00 0.000000000000000000e+00 0.000000000000000000e+00 0.000000000000000000e+00 0.000000000000000000e+00
0.000000000000000000e+00 4.386461939634931631e-04 8.834341802908248029e-04 0.000000000000000000e+00 0.000000000000000000e+00
0.000000000000000000e+00 3.052346047982516450e-03 5.222995936301978032e-03 0.000000000000000000e+00 0.000000000000000000e+00
0.000000000000000000e+00 5.960935291756022658e-03 1.739665725284305492e-02 0.000000000000000000e+00 0.000000000000000000e+00
0.000000000000000000e+00 7.136561059116465662e-03 4.510992221911374472e-02 0.000000000000000000e+00 0.000000000000000000e+00
0.000000000000000000e+00 3.436493588332427580e-03 9.064231747837428466e-02 0.000000000000000000e+00 1.492515069126086396e-03
0.000000000000000000e+00 0.000000000000000000e+00 1.329607598694770854e-01 0.000000000000000000e+00 1.752403912954316606e-02
1.023337331675015435e-02 0.000000000000000000e+00 1.428597558202569229e-01 0.000000000000000000e+00 4.980638145662864835e-02
4.581475053475469322e-02 0.000000000000000000e+00 1.004041312222994781e-01 0.000000000000000000e+00 8.657066335821028691e-02
7.244518704494616601e-02 0.000000000000000000e+00 3.219755491581036133e-02 1.458006858534030559e-02 1.044768929603193119e-01
6.651084971498302800e-02 4.515590498279582754e-02 0.000000000000000000e+00 4.131485154909315255e-02 9.632755100703535578e-02
3.332337303610700963e-02 1.094361986180536345e-01 0.000000000000000000e+00 6.354061649641293275e-02 7.292020430727906566e-02
0.000000000000000000e+00 1.465138116453315320e-01 0.000000000000000000e+00 6.332524927027957662e-02 5.524455639754886210e-02
0.000000000000000000e+00 1.644892285137366794e-01 1.747972650179236906e-02 4.044037755664228045e-02 4.339268873972467605e-02
0.000000000000000000e+00 1.720040905403375786e-01 4.123573334281800673e-02 1.030683318856040302e-02 3.622325197321796947e-02
2.405995177723386017e-02 1.482868408722747278e-01 4.887487994586941359e-02 0.000000000000000000e+00 3.757851498104338578e-02
6.013631596276704933e-02 9.988803169781540481e-02 3.749125534953556133e-02 0.000000000000000000e+00 5.056088176767483539e-02
6.595484332335467548e-02 2.983790370256157384e-02 1.575929344639023441e-02 3.170421234160242241e-02 7.046424003194669272e-02
3.736729699174988484e-02 0.000000000000000000e+00 3.905570191714994276e-03 8.506588533686784692e-02 7.104351953567443478e-02
4.628919735083580379e-03 0.000000000000000000e+00 1.186668102200063180e-03 1.219464394766315296e-01 5.158562452398549741e-02
0.000000000000000000e+00 0.000000000000000000e+00 0.000000000000000000e+00 1.120371578889651082e-01 3.182007641153904859e-02
0.000000000000000000e+00 4.452008393278833465e-03 0.000000000000000000e+00 7.536718996308860996e-02 1.643881128450587481e-02
0.000000000000000000e+00 9.921122757559366900e-03 0.000000000000000000e+00 3.694152370844876881e-02 6.396026480088972885e-03
0.000000000000000000e+00 2.818685905176738712e-03 0.000000000000000000e+00 9.791907287866469245e-03 3.467630586458877746e-03
0.000000000000000000e+00 4.495834923294937777e-04 3.194788584573554196e-05 1.013415466533448307e-03 1.222257329420181485e-03
0.000000000000000000e+00 3.244226014634408794e-05 0.000000000000000000e+00 0.000000000000000000e+00 2.405993555901264137e-04
0.000000000000000000e+00 0.000000000000000000e+00 0.000000000000000000e+00 0.000000000000000000e+00 0.000000000000000000e+00
0.000000000000000000e+00 0.000000000000000000e+00 0.000000000000000000e+00 0.000000000000000000e+00 0.000000000000000000e+00
0.000000000000000000e+00 0.000000000000000000e+00 0.000000000000000000e+00 0.000000000000000000e+00 0.000000000000000000e+00
0.000000000000000000e+00 9.340837182889391186e-04 1.234133808621300883e-03 0.000000000000000000e+00 0.000000000000000000e+00
0.000000000000000000e+00 3.293278262271039699e-03 7.741115356873482824e-03 0.000000000000000000e+00 0.000000000000000000e+00
0.000000000000000000e+00 5.405118703598820254e-03 2.478323274655720374e-02 0.000000000000000000e+00 0.000000000000000000e+00
0.000000000000000000e+00 6.267406638679248916e-03 5.823837836422581654e-02 0.000000000000000000e+00 0.000000000000000000e+00
0.000000000000000000e+00 0.000000000000000000e+00 1.042371904978341146e-01 0.000000000000000000e+00 1.092131006570703014e-02
0.000000000000000000e+00 0.000000000000000000e+00 1.385172238510097020e-01 0.000000000000000000e+00 3.850422464946141876e-02
9.970012914746818541e-03 0.000000000000000000e+00 1.203438086757719350e-01 0.000000000000000000e+00 7.796146438217785302e-02
5.166988607118340460e-02 0.000000000000000000e+00 5.195698363174906104e-02 7.724845108862499893e-03 1.033007947168496643e-01
7.698300883838886388e-02 2.434355103691077798e-02 0.000000000000000000e+00 2.894865107912053537e-02 9.111680014987467990e-02
6.283190554408718542e-02 1.000207631857503027e-01 0.000000000000000000e+00 5.520439189821389064e-02 5.389142333104365856e-02
2.261303899946294146e-02 1.513533029169444877e-01 0.000000000000000000e+00 6.434768589112140058e-02 1.925411936679354355e-02
0.000000000000000000e+00 1.559034520662226087e-01 0.000000000000000000e+00 4.748299191346723458e-02 4.842224341890952188e-03
0.000000000000000000e+00 1.523014551160254137e-01 2.082937814766106649e-02 9.899062435561106418e-03 2.368313234434322144e-03
1.255293187037153681e-02 1.625035795158089047e-01 4.023917683909120774e-02 0.000000000000000000e+00 1.369344963425743033e-03
5.543287030600628496e-02 1.496502454616913114e-01 4.202106492993534781e-02 0.000000000000000000e+00 1.026094638608477695e-02
8.548918375889559551e-02 9.261766794803821812e-02 3.230622530221446270e-02 0.000000000000000000e+00 3.647171048559618572e-02
7.477425925616823510e-02 1.396654991302184734e-02 2.002842593809551000e-02 2.597869023168417751e-02 7.035461105946999583e-02
3.070578049250559383e-02 0.000000000000000000e+00 1.290044226070553163e-02 9.237499435166504624e-02 7.790591688887921196e-02
0.000000000000000000e+00 0.000000000000000000e+00 1.169731240944027820e-02 1.277386381597407639e-01 5.683894192439761101e-02
0.000000000000000000e+00 0.000000000000000000e+00 5.010909831160687174e-03 1.096445408336809701e-01 3.467285262083371483e-02
0.000000000000000000e+00 9.957859319431902265e-03 1.955676301239739259e-03 7.200623141390143089e-02 1.668422922921465601e-02
0.000000000000000000e+00 9.998358290683913296e-03 0.000000000000000000e+00 3.344269227319535132e-02 7.442778950396334268e-03
0.000000000000000000e+00 3.562149687501020654e-03 0.000000000000000000e+00 8.863655916493068734e-03 3.421750261034959151e-03
0.000000000000000000e+00 7.615219083201905763e-04 0.000000000000000000e+00 1.092356502038616247e-03 9.358237947345026146e-04
0.000000000000000000e+00 0.000000000000000000e+00 0.000000000000000000e+00 9.011280209251567718e-05 1.219866500077272973e-04
0.000000000000000000e+00 0.000000000000000000e+00 0.000000000000000000e+00 0.000000000000000000e+00 0.000000000000000000e+00
0.000000000000000000e+00 0.000000000000000000e+00 0.000000000000000000e+00 0.000000000000000000e+00 0.000000000000000000e+00
0.000000000000000000e+00 0.000000000000000000e+00 0.000000000000000000e+00 0.000000000000000000e+00 0.000000000000000000e+00
0.000000000000000000e+00 6.897847717566373644e-04 1.067379085265250400e-03 0.000000000000000000e+00 0.000000000000000000e+00
0.000000000000000000e+00 3.080337664576299206e-03 8.392907303785014303e-03 0.000000000000000000e+00 0.000000000000000000e+00
0.000000000000000000e+00 4.661727235015742168e-03 2.622530422261038982e-02 0.000000000000000000e+00 0.000000000000000000e+00
0.000000000000000000e+00 5.191170057884846381e-03 6.210860724664145349e-02 1.362078344950575989e-03 2.310847770524391675e-03
0.000000000000000000e+00 0.000000000000000000e+00 1.050839376478895082e-01 1.669759660045405745e-03 1.854769970009051069e-02
0.000000000000000000e+00 0.000000000000000000e+00 1.312027697099021617e-01 0.000000000000000000e+00 5.170714618140290209e-02
3.450886496412261355e-04 0.000000000000000000e+00 1.056284612671979095e-01 0.000000000000000000e+00 9.142356804124986136e-02
4.776419493320056830e-02 0.000000000000000000e+00 3.407519070717440757e-02 9.248706437950889730e-03 1.025356301165432638e-01
8.514517860372027014e-02 4.836074378707735932e-02 0.000000000000000000e+00 3.118425973116495734e-02 6.783650167364196903e-02
7.873331539916683663e-02 1.176343738007823991e-01 0.000000000000000000e+00 5.073712899022406880e-02 1.480290275679562936e-02
4.274794819293780551e-02 1.462272707519435000e-01 0.000000000000000000e+00 5.104099003813105523e-02 0.000000000000000000e+00
1.687620254239847670e-02 1.339242033264260445e-01 5.025875530833809161e-03 2.616896180476715322e-02 0.000000000000000000e+00
2.377604260360677638e-02 1.329496548614930163e-01 3.130723744554357590e-02 0.000000000000000000e+00 0.000000000000000000e+00
5.998777483741479094e-02 1.432830723198253997e-01 3.657896634560702659e-02 0.000000000000000000e+00 0.000000000000000000e+00
9.665535656810465837e-02 1.165231651218619213e-01 2.788768131652813106e-02 0.000000000000000000e+00 1.090111928430811082e-02
9.795508595814010622e-02 4.784515673475196046e-02 2.171482897410124263e-02 9.321985524174818431e-04 5.078651265675383081e-02
5.834088364332069843e-02 0.000000000000000000e+00 2.030321224034605312e-02 6.436567425642426843e-02 8.299434467708510788e-02
8.935624792859687276e-03 0.000000000000000000e+00 1.811320839939972727e-02 1.162769419932985770e-01 8.015785505874310768e-02
0.000000000000000000e+00 0.000000000000000000e+00 1.584076313932871946e-02 1.253643342321951737e-01 5.393605863927695976e-02
0.000000000000000000e+00 0.000000000000000000e+00 8.737441419100093476e-03 9.235267775574279581e-02 2.948291113178017758e-02
0.000000000000000000e+00 1.139259750064055068e-02 4.168352535482554300e-03 5.203141519152074124e-02 1.327399708103874955e-02
0.000000000000000000e+00 8.191579546866709083e-03 2.074765408433662441e-03 2.224460589787480985e-02 6.988819562560599080e-03
0.000000000000000000e+00 2.562941783610005880e-03 6.014372124480887654e-04 6.618260423062606590e-03 2.976985090049224722e-03
0.000000000000000000e+00 5.012197043965210515e-04 2.298083076000548628e-05 8.062269586689684844e-04 4.952099963863589808e-04
0.000000000000000000e+00 8.645488379375528443e-05 1.218671564633236381e-06 5.663503536465768363e-05 2.637727128462114904e-05
0.000000000000000000e+00 0.000000000000000000e+00 0.000000000000000000e+00 0.000000000000000000e+00 0.000000000000000000e+00
0.000000000000000000e+00 0.000000000000000000e+00 0.000000000000000000e+00 0.000000000000000000e+00 0.000000000000000000e+00
0.000000000000000000e+00 0.000000000000000000e+00 0.000000000000000000e+00 0.000000000000000000e+00 0.000000000000000000e+00
0.000000000000000000e+00 1.444874122917690041e-04 3.437372206586073180e-04 0.000000000000000000e+00 0.000000000000000000e+00
0.000000000000000000e+00 2.468803000875199535e-03 6.981124399997742404e-03 0.000000000000000000e+00 0.000000000000000000e+00
0.000000000000000000e+00 4.178784578234196259e-03 2.343291160263450204e-02 2.273958665469175827e-04 0.000000000000000000e+00
0.000000000000000000e+00 3.122300778604396830e-03 5.658044984296569518e-02 3.414590486748937496e-03 3.622627903795598049e-03
0.000000000000000000e+00 0.000000000000000000e+00 9.549889206913989015e-02 4.506898870652856735e-03 2.007077204353036048e-02
0.000000000000000000e+00 0.000000000000000000e+00 1.213519145327284499e-01 2.674154270277060482e-03 5.412562809662201796e-02
0.000000000000000000e+00 0.000000000000000000e+00 1.038454743361947041e-01 1.642278698829838018e-03 9.305254105535691600e-02
3.194656554153839367e-02 1.068646201332385838e-02 4.790833459939945055e-02 5.997997087665618392e-03 1.015527853992303497e-01
7.869617637014675315e-02 5.116846862474561802e-02 0.000000000000000000e+00 2.528993859247831086e-02 6.468047432560238008e-02
9.919930855371046630e-02 1.034007383159570859e-01 0.000000000000000000e+00 4.046190060964734159e-02 5.176822955975025030e-03
8.279280089653097419e-02 1.252201041981942653e-01 0.000000000000000000e+00 3.880639674144370499e-02 0.000000000000000000e+00
6.432433905164319787e-02 1.188835355027556134e-01 2.567553008304581524e-02 1.367554601237270032e-02 0.000000000000000000e+00
7.799976398068725336e-02 1.204368244473727340e-01 4.282913874563209350e-02 0.000000000000000000e+00 0.000000000000000000e+00
1.071125443128161936e-01 1.118701416605890897e-01 3.183494815395224165e-02 0.000000000000000000e+00 0.000000000000000000e+00
1.106228367491836756e-01 5.903545453677791488e-02 2.074032506309117854e-02 4.815909352470566784e-03 3.963803313227824004e-02
7.169723421258283880e-02 0.000000000000000000e+00 1.910673823735265647e-02 6.126756872217301031e-02 8.146660702863431358e-02
1.601569231388396547e-02 0.000000000000000000e+00 2.395385119075483377e-02 1.110601273259820693e-01 9.239468866844366413e-02
0.000000000000000000e+00 0.000000000000000000e+00 2.306907173922322432e-02 1.245263051586634057e-01 6.839117507030380294e-02
0.000000000000000000e+00 0.000000000000000000e+00 1.837742308436028302e-02 9.948102810862353984e-02 3.852499450002551395e-02
0.000000000000000000e+00 6.789152191738427773e-03 9.927676560353447532e-03 5.993191266982914739e-02 1.873855016139699958e-02
0.000000000000000000e+00 1.167475243443249350e-02 5.294988027081536271e-03 2.935455299652230468e-02 7.623674584429977058e-03
0.000000000000000000e+00 7.191045413335789283e-03 2.907474160083775832e-03 1.297299560449282317e-02 3.773644771971015367e-03
0.000000000000000000e+00 2.162536865869516337e-03 7.097200637095128729e-04 3.308402953558113330e-03 1.550473107282261979e-03
0.000000000000000000e+00 7.795942912243219915e-04 8.332736515849669876e-05 5.276428326928783415e-04 2.732259089064787675e-04
0.000000000000000000e+00 6.084723764934245419e-05 4.424949930695965725e-06 1.171979584808118999e-05 1.689067846394207706e-05
0.000000000000000000e+00 0.000000000000000000e+00 0.000000000000000000e+00 0.000000000000000000e+00 0.000000000000000000e+00
0.000000000000000000e+00 0.000000000000000000e+00 0.000000000000000000e+00 0.000000000000000000e+00 0.000000000000000000e+00
0.000000000000000000e+00 0.000000000000000000e+00 0.000000000000000000e+00 0.000000000000000000e+00 0.000000000000000000e+00
5.874390062990006119e-05 9.500811321788584749e-06 6.678137976809039801e-05 0.000000000000000000e+00 0.000000000000000000e+00
0.000000000000000000e+00 1.670519506161971578e-03 4.270174863035216054e-03 0.000000000000000000e+00 0.000000000000000000e+00
0.000000000000000000e+00 3.172274472469870620e-03 1.689391846119970078e-02 8.688981719558867053e-04 9.562498230744337217e-05
0.000000000000000000e+00 1.950337961268871914e-03 4.388831166738364764e-02 4.602662379344331540e-03 3.098233215256800382e-03
0.000000000000000000e+00 0.000000000000000000e+00 7.685391041862878192e-02 8.259660221398819682e-03 1.572013336744697981e-02
0.000000000000000000e+00 0.000000000000000000e+00 1.064709815358408640e-01 7.929015338836281276e-03 4.471831574166849899e-02
0.000000000000000000e+00 0.000000000000000000e+00 1.075577849548393361e-01 6.546024642192883186e-03 8.304932875862279518e-02
3.635670093244230613e-03 5.841063117621751385e-03 7.673641311390208553e-02 1.104277334016018353e-02 1.030532241877900462e-01
5.109231053088220120e-02 3.569377904785727557e-02 3.783819828405721869e-02 2.451615581804281532e-02 8.083765688582843223e-02
1.002899297647702609e-01 7.821339019239967327e-02 1.314249156386893165e-02 3.706682280230037818e-02 2.333109158283619422e-02
1.193694828444822331e-01 1.008677367171599421e-01 2.491441095554470381e-02 3.631437119156674664e-02 0.000000000000000000e+00
1.188705526249068112e-01 1.054797616723127385e-01 4.775968910207396834e-02 1.740315636965339072e-02 0.000000000000000000e+00
1.259353691573964207e-01 1.001411497297489406e-01 4.916379453585049963e-02 6.178474825860875118e-03 0.000000000000000000e+00
1.171845663935555670e-01 6.490191708596500242e-02 3.541203919265895755e-02 2.830428504983563756e-02 3.120860004323072062e-02
7.393734990777052485e-02 1.104010969143958895e-02 2.752786673346890520e-02 7.332422578963632143e-02 7.885132082266035902e-02
1.555927806949764999e-02 0.000000000000000000e+00 3.400257125110183604e-02 1.109677133711101937e-01 9.682945105184782852e-02
0.000000000000000000e+00 0.000000000000000000e+00 3.746129710326016188e-02 1.208840271140963069e-01 7.517626310913803900e-02
0.000000000000000000e+00 0.000000000000000000e+00 2.995243577560103773e-02 9.718865466167496414e-02 4.345168421788315333e-02
0.000000000000000000e+00 0.000000000000000000e+00 2.049952006152193709e-02 6.005273317319185372e-02 1.999453824074924960e-02
0.000000000000000000e+00 8.546260264957236674e-03 1.052475890120855087e-02 3.152418760253326846e-02 6.680031087655981768e-03
0.000000000000000000e+00 9.187582231217903891e-03 4.982885910273525225e-03 1.529022828110298063e-02 2.710436189651782221e-03
0.000000000000000000e+00 4.485459966790240546e-03 1.948263993225504654e-03 6.154743749224676937e-03 1.541376818379817156e-03
0.000000000000000000e+00 1.448680261396708248e-03 5.836697313011529739e-04 1.696445534380849451e-03 7.227171805777358148e-04
0.000000000000000000e+00 7.113171306510293222e-04 9.943018486924046901e-05 4.581058558728828118e-04 9.902395730412865858e-05
1.052696952419209707e-05 1.270482878186493669e-06 0.000000000000000000e+00 2.381354500646474658e-05 4.286590854888222286e-05
0.000000000000000000e+00 0.000000000000000000e+00 0.000000000000000000e+00 0.000000000000000000e+00 0.000000000000000000e+00
0.000000000000000000e+00 0.000000000000000000e+00 0.000000000000000000e+00 0.000000000000000000e+00 0.000000000000000000e+00
0.000000000000000000e+00 0.000000000000000000e+00 0.000000000000000000e+00 0.000000000000000000e+00 0.000000000000000000e+00
1.046414902603498508e-05 1.077419871259879522e-05 9.023620692486442109e-06 0.000000000000000000e+00 0.000000000000000000e+00
0.000000000000000000e+00 6.120033691415727390e-04 1.864903165816022158e-03 0.000000000000000000e+00 0.000000000000000000e+00
0.000000000000000000e+00 1.187889709509733433e-03 9.394636550699718078e-03 1.467859773471533961e-03 0.000000000000000000e+00
0.000000000000000000e+00 9.643500555370455515e-04 2.705193474146331406e-02 4.754859146077717799e-03 1.618402773123143535e-03
0.000000000000000000e+00 0.000000000000000000e+00 5.401561040913972073e-02 9.298153079517887040e-03 9.848011907024268458e-03
0.000000000000000000e+00 0.000000000000000000e+00 8.479501962496703571e-02 1.267696316916320544e-02 2.830419706256824194e-02
0.000000000000000000e+00 0.000000000000000000e+00 1.014616244926387495e-01 1.683822743099414390e-02 6.087776452180259507e-02
0.000000000000000000e+00 0.000000000000000000e+00 9.837650837018685479e-02 2.660361991381888710e-02 9.090839317308875567e-02
2.118962774357246309e-02 1.623227965407391532e-02 7.893057480343246279e-02 3.739763816723357115e-02 9.147803111091924733e-02
8.276790339565361088e-02 5.762063177412472120e-02 5.741431218879641807e-02 4.751477560395728217e-02 5.295413163534466727e-02
1.262465383122724216e-01 8.874080787034382967e-02 5.097716893056258858e-02 4.559927977855588593e-02 9.291232100898976637e-03
1.374773576657219998e-01 9.461284992246070391e-02 5.388684523456266362e-02 3.838772132119426528e-02 0.000000000000000000e+00
1.230289991775911640e-01 8.023522780223267536e-02 4.983367254006338537e-02 5.044900781746182450e-02 3.065854894075133175e-02
8.005459320523407307e-02 3.098179408912336494e-02 4.757751068797532595e-02 8.071456338976482070e-02 7.471068059463711886e-02
2.008406960425594689e-02 0.000000000000000000e+00 5.303545484788542430e-02 1.050420106492354483e-01 9.330638990634912422e-02
0.000000000000000000e+00 0.000000000000000000e+00 5.909867308934100422e-02 1.075220383265308166e-01 7.363007000153026782e-02
0.000000000000000000e+00 0.000000000000000000e+00 5.127871939565770143e-02 8.497371262455113983e-02 3.985412601502073826e-02
0.000000000000000000e+00 0.000000000000000000e+00 3.686124975906364398e-02 5.476260667362223278e-02 1.507631704348135100e-02
0.000000000000000000e+00 3.149353454950492561e-04 2.144935263675580225e-02 3.147850899125493457e-02 4.271330175622035409e-03
0.000000000000000000e+00 1.746748504702657712e-03 1.205912088745090920e-02 1.690822276886480222e-02 1.182268469779742658e-03
0.000000000000000000e+00 1.121997302878459737e-03 6.454012092902867981e-03 8.617641184433331991e-03 5.773176380371512588e-04
0.000000000000000000e+00 1.006300112129391178e-03 2.029786526147595114e-03 3.334414941978326025e-03 3.851088976666452806e-04
0.000000000000000000e+00 8.596844383578930524e-04 4.106147636926028724e-04 9.092599252129900328e-04 2.749214947336007316e-04
0.000000000000000000e+00 4.405555766581485048e-04 0.000000000000000000e+00 2.041461372758752849e-04 0.000000000000000000e+00
3.965052778354112253e-06 2.076309025037413391e-05 0.000000000000000000e+00 1.348034885441450055e-05 0.000000000000000000e+00
0.000000000000000000e+00 0.000000000000000000e+00 0.000000000000000000e+00 0.000000000000000000e+00 0.000000000000000000e+00
0.000000000000000000e+00 0.000000000000000000e+00 0.000000000000000000e+00 0.000000000000000000e+00 0.000000000000000000e+00
0.000000000000000000e+00 0.000000000000000000e+00 0.000000000000000000e+00 0.000000000000000000e+00 0.000000000000000000e+00
0.000000000000000000e+00 0.000000000000000000e+00 0.000000000000000000e+00 0.000000000000000000e+00 0.000000000000000000e+00
0.000000000000000000e+00 3.356497588318190883e-04 3.263700719768038920e-04 0.000000000000000000e+00 0.000000000000000000e+00
0.000000000000000000e+00 1.233736375293928780e-03 4.408397607731690156e-03 9.182600162316080245e-04 0.000000000000000000e+00
0.000000000000000000e+00 1.887453841554488946e-03 1.332417481832430875e-02 3.080014702482898516e-03 5.700040089969020049e-04
0.000000000000000000e+00 0.000000000000000000e+00 3.298768436306616370e-02 9.228187076600936206e-03 3.741895776788260308e-03
0.000000000000000000e+00 0.000000000000000000e+00 5.944235644535754426e-02 1.654018572871637088e-02 1.227026367180085974e-02
0.000000000000000000e+00 0.000000000000000000e+00 8.412780478059361799e-02 2.942265120180528534e-02 2.982208136385118905e-02
0.000000000000000000e+00 0.000000000000000000e+00 9.703344017016456158e-02 4.982513450898056612e-02 5.504249976343539991e-02
1.701890647062569498e-02 7.514851726096818431e-03 9.405038778758385842e-02 6.809732388603623177e-02 7.130610586444542653e-02
6.886807866838459691e-02 5.147827144044248016e-02 7.296680657859817842e-02 7.034997078586006924e-02 6.563645953045699200e-02
1.068223019185023381e-01 8.738182648778956840e-02 5.566449398407442156e-02 6.103436838625529021e-02 5.549659882652142190e-02
1.100586460642396514e-01 9.135539734565147063e-02 5.132593311306306305e-02 6.017495499826403665e-02 5.972923123971145970e-02
9.133302954654255734e-02 6.748018837418186255e-02 5.138843442039819909e-02 6.910671352004328638e-02 7.942772844156661960e-02
5.043477681189474648e-02 2.175855216248317667e-02 6.755885371912204174e-02 8.003992976813126270e-02 8.593274861087174532e-02
6.638529644298950781e-03 0.000000000000000000e+00 8.467788174004937940e-02 7.988581010672478333e-02 6.287575256542236868e-02
0.000000000000000000e+00 0.000000000000000000e+00 8.123172596046236704e-02 6.570553658059859192e-02 3.042039884262282001e-02
0.000000000000000000e+00 0.000000000000000000e+00 6.350574267261059613e-02 4.481193946631596703e-02 6.507077583322500546e-03
0.000000000000000000e+00 0.000000000000000000e+00 4.285658685028079923e-02 3.018149423744111506e-02 0.000000000000000000e+00
0.000000000000000000e+00 0.000000000000000000e+00 2.701135133340888325e-02 1.948824867598752952e-02 0.000000000000000000e+00
0.000000000000000000e+00 0.000000000000000000e+00 1.570156269055878601e-02 1.234647480692928692e-02 0.000000000000000000e+00
0.000000000000000000e+00 0.000000000000000000e+00 7.728640549087898576e-03 6.086423425081440193e-03 0.000000000000000000e+00
0.000000000000000000e+00 0.000000000000000000e+00 2.528190757067479491e-03 2.019823244955628282e-03 0.000000000000000000e+00
0.000000000000000000e+00 0.000000000000000000e+00 7.441946637417384347e-04 6.592937351656883403e-04 0.000000000000000000e+00
0.000000000000000000e+00 2.138790258133645310e-05 6.485098685911230379e-08 1.285327095541779987e-05 0.000000000000000000e+00
0.000000000000000000e+00 0.000000000000000000e+00 0.000000000000000000e+00 0.000000000000000000e+00 0.000000000000000000e+00
0.000000000000000000e+00 0.000000000000000000e+00 0.000000000000000000e+00 0.000000000000000000e+00 0.000000000000000000e+00
0.000000000000000000e+00 0.000000000000000000e+00 0.000000000000000000e+00 0.000000000000000000e+00 0.000000000000000000e+00
0.000000000000000000e+00 0.000000000000000000e+00 0.000000000000000000e+00 0.000000000000000000e+00 0.000000000000000000e+00
0.000000000000000000e+00 0.000000000000000000e+00 0.000000000000000000e+00 0.000000000000000000e+00 0.000000000000000000e+00
0.000000000000000000e+00 2.287177733996954138e-04 1.931539042949730490e-04 0.000000000000000000e+00 0.000000000000000000e+00
0.000000000000000000e+00 1.086180131507187693e-03 1.980747575667426204e-03 9.631027775267332874e-04 0.000000000000000000e+00
0.000000000000000000e+00 1.289487404064233646e-03 8.016006827016308733e-03 4.439336897742767601e-03 0.000000000000000000e+00
0.000000000000000000e+00 0.000000000000000000e+00 2.230823035458198364e-02 1.271892453070998241e-02 0.000000000000000000e+00
0.000000000000000000e+00 0.000000000000000000e+00 4.459855310479164670e-02 2.877224818678021656e-02 0.000000000000000000e+00
4.278546262838074481e-04 0.000000000000000000e+00 6.716141812825210389e-02 5.520090600766855427e-02 0.000000000000000000e+00
1.731634079225154166e-02 0.000000000000000000e+00 8.017158975205303240e-02 8.770753612152278056e-02 6.819760240744406413e-03
4.525626107647332669e-02 1.074699793884548865e-02 7.451589683789625052e-02 1.035477063511233281e-01 3.291055353701707181e-02
7.385397282349251413e-02 5.845925445688926470e-02 5.256264286243327033e-02 8.502415474017722963e-02 6.857405398025998022e-02
7.730035634204703021e-02 9.791203423939273676e-02 3.623451395219159932e-02 6.283916746685452859e-02 9.567994846360378114e-02
6.781284167042445077e-02 1.023418818719706719e-01 3.040924731388927604e-02 5.546445633954520671e-02 1.082409734258059780e-01
6.519539643531264972e-02 7.454937630191139919e-02 3.953693218992275493e-02 4.505848918340579073e-02 1.036805755142146818e-01
5.608281382347199417e-02 2.919397932821121006e-02 7.003362377374763859e-02 3.637524253670510604e-02 7.031180237515895215e-02
3.499897431772911599e-02 4.874782826673027154e-04 9.609627290373246034e-02 3.232260084185523130e-02 2.505636000138000002e-02
1.451851733326226142e-02 0.000000000000000000e+00 9.602237146725457750e-02 2.883630019002882822e-02 0.000000000000000000e+00
1.916825447297146410e-03 0.000000000000000000e+00 7.855856103574930527e-02 2.680545980827540170e-02 0.000000000000000000e+00
0.000000000000000000e+00 0.000000000000000000e+00 5.468361921851599972e-02 2.066191010610907500e-02 0.000000000000000000e+00
0.000000000000000000e+00 0.000000000000000000e+00 3.536286438978009788e-02 1.577657030476855779e-02 0.000000000000000000e+00
0.000000000000000000e+00 0.000000000000000000e+00 2.191865647265229047e-02 1.098955643518628386e-02 0.000000000000000000e+00
0.000000000000000000e+00 0.000000000000000000e+00 1.108707403936509857e-02 5.768920576048839136e-03 0.000000000000000000e+00
0.000000000000000000e+00 0.000000000000000000e+00 3.552058403685282983e-03 1.905654876466923676e-03 0.000000000000000000e+00
5.767385506241657083e-05 0.000000000000000000e+00 9.767468800891689843e-04 4.068923681879819542e-04 0.000000000000000000e+00
0.000000000000000000e+00 0.000000000000000000e+00 0.000000000000000000e+00 0.000000000000000000e+00 0.000000000000000000e+00
0.000000000000000000e+00 0.000000000000000000e+00 0.000000000000000000e+00 0.000000000000000000e+00 0.000000000000000000e+00
0.000000000000000000e+00 0.000000000000000000e+00 0.000000000000000000e+00 0.000000000000000000e+00 0.000000000000000000e+00
0.000000000000000000e+00 0.000000000000000000e+00 0.000000000000000000e+00 0.000000000000000000e+00 0.000000000000000000e+00
0.000000000000000000e+00 0.000000000000000000e+00 0.000000000000000000e+00 0.000000000000000000e+00 0.000000000000000000e+00
0.000000000000000000e+00 0.000000000000000000e+00 0.000000000000000000e+00 0.000000000000000000e+00 0.000000000000000000e+00
0.000000000000000000e+00 0.000000000000000000e+00 2.261888510853992556e-04 1.381162449993366043e-04 0.000000000000000000e+00
0.000000000000000000e+00 4.129766418028513273e-04 1.939728383948055796e-03 2.289260850333116413e-03 0.000000000000000000e+00
0.000000000000000000e+00 0.000000000000000000e+00 8.244172831619722003e-03 9.247172096982088710e-03 0.000000000000000000e+00
0.000000000000000000e+00 0.000000000000000000e+00 2.081748761332953904e-02 2.679148451560059083e-02 0.000000000000000000e+00
6.004136158515900254e-03 0.000000000000000000e+00 3.930172698214362548e-02 5.724612820808879649e-02 0.000000000000000000e+00
2.576147269150298388e-02 0.000000000000000000e+00 5.485668803761214324e-02 9.686835018752695814e-02 0.000000000000000000e+00
5.421760891681143280e-02 0.000000000000000000e+00 5.731001709386109033e-02 1.260081444357943059e-01 0.000000000000000000e+00
7.686750904741729284e-02 2.415690747731956065e-02 3.680741982395363543e-02 1.122355089988833071e-01 2.620027168057022238e-02
6.912384868573608065e-02 8.734259470533739522e-02 1.597368121914864367e-02 6.541775210214152703e-02 8.623739558179199793e-02
3.710059313721492114e-02 1.274821992375748392e-01 6.997723594537283084e-03 3.630904723892740271e-02 1.244145777092111188e-01
2.242952764528884785e-02 1.284070646210535016e-01 0.000000000000000000e+00 2.959719931647081248e-02 1.301917290402945515e-01
4.670904066188973081e-02 8.999480383422482632e-02 7.090162958136371138e-03 1.136398547315840661e-02 1.098104533116103232e-01
7.320315671865014473e-02 4.324274327116427868e-02 4.074342229413670941e-02 0.000000000000000000e+00 6.301651651491591011e-02
6.457104536686095186e-02 9.828668196645762647e-03 8.104578580461309356e-02 0.000000000000000000e+00 1.488973438771779359e-02
3.782011576452198875e-02 0.000000000000000000e+00 9.942987698487658343e-02 7.666584718099850142e-03 0.000000000000000000e+00
1.212542012371520955e-02 0.000000000000000000e+00 9.277845703494741469e-02 1.501863246954897139e-02 0.000000000000000000e+00
9.299790580591721020e-04 0.000000000000000000e+00 7.087668208090763811e-02 1.616184013203289527e-02 0.000000000000000000e+00
0.000000000000000000e+00 0.000000000000000000e+00 4.574070146580733881e-02 1.417825081727576951e-02 0.000000000000000000e+00
0.000000000000000000e+00 0.000000000000000000e+00 2.860654326096228814e-02 1.202316204342317348e-02 0.000000000000000000e+00
0.000000000000000000e+00 0.000000000000000000e+00 1.579569127948038734e-02 7.263329186239609464e-03 0.000000000000000000e+00
0.000000000000000000e+00 0.000000000000000000e+00 5.129703361683057850e-03 2.366508729614265512e-03 0.000000000000000000e+00
6.014905266519801125e-05 0.000000000000000000e+00 7.607756163583800175e-04 3.065761298500158582e-04 0.000000000000000000e+00
0.000000000000000000e+00 0.000000000000000000e+00 0.000000000000000000e+00 0.000000000000000000e+00 0.000000000000000000e+00
0.000000000000000000e+00 0.000000000000000000e+00 0.000000000000000000e+00 0.000000000000000000e+00 0.000000000000000000e+00
0.000000000000000000e+00 0.000000000000000000e+00 0.000000000000000000e+00 0.000000000000000000e+00 0.000000000000000000e+00
0.000000000000000000e+00 0.000000000000000000e+00 0.000000000000000000e+00 0.000000000000000000e+00 0.000000000000000000e+00
0.000000000000000000e+00 0.000000000000000000e+00 0.000000000000000000e+00 0.000000000000000000e+00 0.000000000000000000e+00
0.000000000000000000e+00 3.328097229431895704e-05 0.000000000000000000e+00 3.031278242966982880e-05 0.000000000000000000e+00
0.000000000000000000e+00 0.000000000000000000e+00 3.292948172791049558e-04 5.220358655717808206e-04 0.000000000000000000e+00
0.000000000000000000e+00 2.513429693147291159e-04 2.680512681641078563e-03 5.659120937620717301e-03 0.000000000000000000e+00
0.000000000000000000e+00 0.000000000000000000e+00 9.241986455272360387e-03 2.136778006528827073e-02 0.000000000000000000e+00
1.923321354699225258e-03 0.000000000000000000e+00 2.134291604421780647e-02 5.538468474831555188e-02 0.000000000000000000e+00
1.772280221422636859e-02 0.000000000000000000e+00 3.545505824527579730e-02 1.038967208893330357e-01 0.000000000000000000e+00
4.915547284159783176e-02 0.000000000000000000e+00 3.946115610497007153e-02 1.429041835389073534e-01 0.000000000000000000e+00
8.125799101041984718e-02 0.000000000000000000e+00 2.802461325893863126e-02 1.323324887541600658e-01 1.483038015442250885e-03
8.195068440971146895e-02 4.783816898742044438e-02 5.374615486927854062e-03 7.072006163848955362e-02 6.246240368377982410e-02
4.136782332055542050e-02 1.225427574866369412e-01 0.000000000000000000e+00 1.193715390692392901e-02 1.135902126493808367e-01
0.000000000000000000e+00 1.603153488390693104e-01 0.000000000000000000e+00 4.936044068844781113e-03 1.240329507424144800e-01
0.000000000000000000e+00 1.444691208903197133e-01 0.000000000000000000e+00 1.874472607749531200e-02 1.153335369509744246e-01
3.320670809122713840e-02 9.690048153004267306e-02 0.000000000000000000e+00 0.000000000000000000e+00 1.049971179737392846e-01
7.694409527893721068e-02 4.574476251189900367e-02 0.000000000000000000e+00 0.000000000000000000e+00 7.274270836059110179e-02
8.180965518458868657e-02 1.101357366332773001e-02 4.858591889100849492e-02 0.000000000000000000e+00 2.791081613360321331e-02
5.428228719832692978e-02 0.000000000000000000e+00 9.236260593196486679e-02 0.000000000000000000e+00 0.000000000000000000e+00
2.074424668309978945e-02 0.000000000000000000e+00 1.035866003475532093e-01 5.376504083288087196e-03 0.000000000000000000e+00
3.547723591370329898e-03 0.000000000000000000e+00 8.618119463974110994e-02 1.264171231006272142e-02 0.000000000000000000e+00
0.000000000000000000e+00 0.000000000000000000e+00 5.875570081207665690e-02 1.281557668971857605e-02 0.000000000000000000e+00
0.000000000000000000e+00 0.000000000000000000e+00 3.730404027635170205e-02 1.198793200716297309e-02 0.000000000000000000e+00
0.000000000000000000e+00 0.000000000000000000e+00 1.980401251900445678e-02 7.947911832467643642e-03 0.000000000000000000e+00
0.000000000000000000e+00 0.000000000000000000e+00 6.956621745300299413e-03 2.940447168724637673e-03 0.000000000000000000e+00
1.429666616779315619e-05 0.000000000000000000e+00 3.678229440566524217e-04 1.714068727218560505e-04 0.000000000000000000e+00
3.710968673496255654e-05 0.000000000000000000e+00 7.209368072781582046e-06 6.156016731013167799e-05 0.000000000000000000e+00
0.000000000000000000e+00 0.000000000000000000e+00 0.000000000000000000e+00 0.000000000000000000e+00 0.000000000000000000e+00
0.000000000000000000e+00 0.000000000000000000e+00 0.000000000000000000e+00 0.000000000000000000e+00 0.000000000000000000e+00
0.000000000000000000e+00 0.000000000000000000e+00 0.000000000000000000e+00 0.000000000000000000e+00 0.000000000000000000e+00
0.000000000000000000e+00 0.000000000000000000e+00 0.000000000000000000e+00 0.000000000000000000e+00 0.000000000000000000e+00
1.055646143079704627e-06 8.723156615627255462e-06 0.000000000000000000e+00 3.561473661584587682e-05 0.000000000000000000e+00
1.676463348404684292e-05 7.696478052306678281e-05 3.126179805291345089e-04 1.215931038808334540e-03 0.000000000000000000e+00
0.000000000000000000e+00 1.025395090847140483e-03 4.018326895675982183e-03 1.340197532784727363e-02 0.000000000000000000e+00
0.000000000000000000e+00 1.209064578113663423e-03 1.034937663935585166e-02 4.132771878690259804e-02 0.000000000000000000e+00
3.880567808276655806e-03 0.000000000000000000e+00 1.919284548137703203e-02 9.282007515102655426e-02 0.000000000000000000e+00
2.917090576373635585e-02 0.000000000000000000e+00 2.585977713256637847e-02 1.462738273708068248e-01 0.000000000000000000e+00
6.864210738568100878e-02 0.000000000000000000e+00 2.178635422359466445e-02 1.527524275070060444e-01 0.000000000000000000e+00
9.000147080274209510e-02 0.000000000000000000e+00 8.511450067402124078e-03 9.011049385829716929e-02 4.368379152283637101e-02
6.411719319712251564e-02 7.502885086816243887e-02 0.000000000000000000e+00 3.629741060805857442e-03 9.852490600543900579e-02
7.099371291441496958e-03 1.515533463614391896e-01 8.211253624223638012e-03 0.000000000000000000e+00 1.094483631169329840e-01
0.000000000000000000e+00 1.719129317154984848e-01 6.948429771677933249e-03 0.000000000000000000e+00 8.861964597000007715e-02
0.000000000000000000e+00 1.458458385069457408e-01 0.000000000000000000e+00 2.786548121961012273e-02 7.799170566169701113e-02
2.657616762751341052e-02 9.597612089105327093e-02 0.000000000000000000e+00 1.010148286066765363e-02 9.199496551232308472e-02
7.510746277592947329e-02 4.200368704502666084e-02 0.000000000000000000e+00 0.000000000000000000e+00 8.357366257720526270e-02
8.741442638363519646e-02 5.141814736178165930e-03 1.634307787267032241e-02 0.000000000000000000e+00 4.658822565715269731e-02
6.180590718222874619e-02 0.000000000000000000e+00 8.016128284547058280e-02 0.000000000000000000e+00 8.223551801559869645e-03
2.618521171858428226e-02 0.000000000000000000e+00 1.094470917153344547e-01 0.000000000000000000e+00 0.000000000000000000e+00
5.349512616142539610e-03 0.000000000000000000e+00 9.897063505145865803e-02 9.598376883617027247e-03 0.000000000000000000e+00
0.000000000000000000e+00 0.000000000000000000e+00 6.983166205808542804e-02 1.234778553665529834e-02 0.000000000000000000e+00
0.000000000000000000e+00 0.000000000000000000e+00 4.489984295680265330e-02 1.086193631874017053e-02 0.000000000000000000e+00
0.000000000000000000e+00 0.000000000000000000e+00 2.175631107058541985e-02 7.464211620667566063e-03 0.000000000000000000e+00
0.000000000000000000e+00 0.000000000000000000e+00 6.133792676527922115e-03 2.529334029503784668e-03 0.000000000000000000e+00
0.000000000000000000e+00 0.000000000000000000e+00 3.749888055220104580e-04 1.592503033969558011e-04 0.000000000000000000e+00
1.573128024634279357e-05 0.000000000000000000e+00 3.056145161287836277e-06 2.609615788146887012e-05 0.000000000000000000e+00
0.000000000000000000e+00 0.000000000000000000e+00 0.000000000000000000e+00 0.000000000000000000e+00 0.000000000000000000e+00
0.000000000000000000e+00 0.000000000000000000e+00 0.000000000000000000e+00 0.000000000000000000e+00 0.000000000000000000e+00
0.000000000000000000e+00 0.000000000000000000e+00 0.000000000000000000e+00 0.000000000000000000e+00 0.000000000000000000e+00
0.000000000000000000e+00 0.000000000000000000e+00 0.000000000000000000e+00 0.000000000000000000e+00 0.000000000000000000e+00
1.012767935877762875e-04 0.000000000000000000e+00 3.586704572635854554e-05 1.741938220251723277e-04 0.000000000000000000e+00
0.000000000000000000e+00 4.338358196590848910e-04 1.702477474193294965e-04 3.163506018868706467e-03 0.000000000000000000e+00
0.000000000000000000e+00 4.241844358890049446e-03 3.929797000284014630e-03 2.312603717912398507e-02 0.000000000000000000e+00
0.000000000000000000e+00 3.390966911796371944e-03 9.488957814910381483e-03 6.528170971048204152e-02 0.000000000000000000e+00
5.951759764204846148e-03 0.000000000000000000e+00 1.487862679089673075e-02 1.283191943746876396e-01 0.000000000000000000e+00
3.932929993120000411e-02 0.000000000000000000e+00 1.252606749820318367e-02 1.644183158652564036e-01 0.000000000000000000e+00
8.017302385225894001e-02 0.000000000000000000e+00 7.340167617103218224e-03 1.252560099282516992e-01 2.164021811269351350e-02
8.596088978635449407e-02 1.063924584666713948e-02 2.650767102013937282e-03 2.833678262335741910e-02 7.597348762990951965e-02
4.435866631808821348e-02 1.025393175796321249e-01 1.196851351226554949e-02 0.000000000000000000e+00 9.967899327815160637e-02
0.000000000000000000e+00 1.700810325286092883e-01 2.666365141798863331e-02 0.000000000000000000e+00 7.679001447576411232e-02
0.000000000000000000e+00 1.728123841509724978e-01 1.493872491437156502e-02 1.013599559575694559e-02 4.407601746326694075e-02
0.000000000000000000e+00 1.401082931818212751e-01 0.000000000000000000e+00 4.315081706505977110e-02 4.655823185606874914e-02
3.212268488641475961e-02 9.065514890526049641e-02 0.000000000000000000e+00 2.260229323883964844e-02 7.508729026290424102e-02
7.939601841857085729e-02 3.370963681631039544e-02 0.000000000000000000e+00 0.000000000000000000e+00 8.406935208074983734e-02
8.957705489367286111e-02 0.000000000000000000e+00 3.422526499981456364e-03 0.000000000000000000e+00 5.827949334711479690e-02
6.296604096602757827e-02 0.000000000000000000e+00 7.802499548643113125e-02 0.000000000000000000e+00 2.015033010694231019e-02
2.642157104510161475e-02 0.000000000000000000e+00 1.190777710864816541e-01 0.000000000000000000e+00 0.000000000000000000e+00
3.398550225319064370e-03 0.000000000000000000e+00 1.110151855970124696e-01 8.493851219905262581e-03 0.000000000000000000e+00
0.000000000000000000e+00 0.000000000000000000e+00 7.864366290285643157e-02 1.190231895869284066e-02 0.000000000000000000e+00
0.000000000000000000e+00 0.000000000000000000e+00 4.654996220401776824e-02 9.656229595286475176e-03 0.000000000000000000e+00
0.000000000000000000e+00 0.000000000000000000e+00 2.155658161983139975e-02 5.613338343037767297e-03 0.000000000000000000e+00
0.000000000000000000e+00 0.000000000000000000e+00 4.416321500671727129e-03 1.555749223154262581e-03 0.000000000000000000e+00
0.000000000000000000e+00 0.000000000000000000e+00 1.576313990294242852e-04 5.948781789514942265e-05 0.000000000000000000e+00
0.000000000000000000e+00 0.000000000000000000e+00 0.000000000000000000e+00 0.000000000000000000e+00 0.000000000000000000e+00
0.000000000000000000e+00 0.000000000000000000e+00 0.000000000000000000e+00 0.000000000000000000e+00 0.000000000000000000e+00
0.000000000000000000e+00 0.000000000000000000e+00 0.000000000000000000e+00 0.000000000000000000e+00 0.000000000000000000e+00
0.000000000000000000e+00 0.000000000000000000e+00 0.000000000000000000e+00 0.000000000000000000e+00 0.000000000000000000e+00
0.000000000000000000e+00 0.000000000000000000e+00 0.000000000000000000e+00 0.000000000000000000e+00 0.000000000000000000e+00
1.259003910238723229e-04 0.000000000000000000e+00 1.209957515229581252e-05 2.683304551924448815e-04 0.000000000000000000e+00
0.000000000000000000e+00 8.674745685786040350e-04 2.475190135860578697e-04 4.237574435840192090e-03 0.000000000000000000e+00
0.000000000000000000e+00 6.975481609900932231e-03 2.354211588331704685e-03 3.082020307470334508e-02 0.000000000000000000e+00
0.000000000000000000e+00 3.818064815230397865e-03 5.668256093521599308e-03 8.509743090669097398e-02 0.000000000000000000e+00
5.121923825844158264e-03 0.000000000000000000e+00 8.132830922747051258e-03 1.484845863802700672e-01 0.000000000000000000e+00
4.386620215493758357e-02 0.000000000000000000e+00 2.228673760124107346e-03 1.615535414000230929e-01 1.482730283488510690e-03
8.460460090737109695e-02 0.000000000000000000e+00 1.184483063161071055e-03 9.226301140233539311e-02 4.102922290952286388e-02
8.458316210145999658e-02 2.620712437795244890e-02 9.845890098047862735e-03 0.000000000000000000e+00 8.032350998832127331e-02
3.835532390342948073e-02 1.153385259117278155e-01 3.126813430701949614e-02 0.000000000000000000e+00 7.556253257361400522e-02
0.000000000000000000e+00 1.782594284947308372e-01 4.088344781034054104e-02 0.000000000000000000e+00 3.908289522488837126e-02
0.000000000000000000e+00 1.752156350917308258e-01 1.920428030539056419e-02 2.731199615667159047e-02 1.776348753621569826e-02
8.478451661762899383e-03 1.305976570800563841e-01 0.000000000000000000e+00 5.346604894549918108e-02 3.182664467107568229e-02
5.628642024859682041e-02 7.449529567524260099e-02 0.000000000000000000e+00 2.780300048434143981e-02 6.586535763624336293e-02
9.306618442016895143e-02 1.578770880636086449e-02 0.000000000000000000e+00 0.000000000000000000e+00 7.834041504041509840e-02
9.051040337538066027e-02 0.000000000000000000e+00 2.422715650327302711e-02 0.000000000000000000e+00 5.784895576374756571e-02
5.769651422669423019e-02 0.000000000000000000e+00 9.969152807195558186e-02 0.000000000000000000e+00 2.159495808136688635e-02
1.928795258804862425e-02 0.000000000000000000e+00 1.341252136511792981e-01 0.000000000000000000e+00 0.000000000000000000e+00
0.000000000000000000e+00 0.000000000000000000e+00 1.171481476176219061e-01 7.729266608428509225e-03 0.000000000000000000e+00
0.000000000000000000e+00 0.000000000000000000e+00 7.743838953347594034e-02 8.933656841464873363e-03 0.000000000000000000e+00
0.000000000000000000e+00 0.000000000000000000e+00 4.081725947436980195e-02 6.436777966116262809e-03 0.000000000000000000e+00
0.000000000000000000e+00 0.000000000000000000e+00 1.615783846056011511e-02 2.855140614542049995e-03 0.000000000000000000e+00
0.000000000000000000e+00 0.000000000000000000e+00 2.693212412282495853e-03 8.629311161317033702e-04 0.000000000000000000e+00
0.000000000000000000e+00 0.000000000000000000e+00 1.055499817222269510e-04 9.264220537265122947e-05 6.351366784764139251e-05
0.000000000000000000e+00 0.000000000000000000e+00 0.000000000000000000e+00 0.000000000000000000e+00 0.000000000000000000e+00
0.000000000000000000e+00 0.000000000000000000e+00 0.000000000000000000e+00 0.000000000000000000e+00 0.000000000000000000e+00
0.000000000000000000e+00 0.000000000000000000e+00 0.000000000000000000e+00 0.000000000000000000e+00 0.000000000000000000e+00
0.000000000000000000e+00 0.000000000000000000e+00 0.000000000000000000e+00 0.000000000000000000e+00 0.000000000000000000e+00
0.000000000000000000e+00 0.000000000000000000e+00 0.000000000000000000e+00 0.000000000000000000e+00 0.000000000000000000e+00
0.000000000000000000e+00 0.000000000000000000e+00 3.749391482580919022e-05 1.786549699391131449e-04 0.000000000000000000e+00
0.000000000000000000e+00 7.526147137492761275e-04 7.509011069529367133e-05 3.885406841621706023e-03 0.000000000000000000e+00
0.000000000000000000e+00 8.139036765338040005e-03 5.284611139010249314e-04 3.351601140245420024e-02 0.000000000000000000e+00
0.000000000000000000e+00 5.705009937433327613e-03 1.078878901143837360e-04 9.284923364537112089e-02 0.000000000000000000e+00
1.583083258103147681e-03 0.000000000000000000e+00 0.000000000000000000e+00 1.508569129295747602e-01 0.000000000000000000e+00
3.779375547626695475e-02 0.000000000000000000e+00 0.000000000000000000e+00 1.599186823079418729e-01 1.025726717733105135e-02
8.153578970742543508e-02 0.000000000000000000e+00 0.000000000000000000e+00 9.742515320689107416e-02 4.051891192261495439e-02
9.345149682622898302e-02 1.548402284922435583e-02 1.369427433173060413e-02 2.149915107767965544e-02 6.330966615694882949e-02
6.611633131313615630e-02 9.923393983082320902e-02 3.822042936707980426e-02 0.000000000000000000e+00 4.756483136592785238e-02
3.342116648416955382e-02 1.579799294037007029e-01 4.710778823549580108e-02 1.660907724408360389e-02 2.107046335960633190e-02
3.033881496297385211e-02 1.536517056679034543e-01 2.829613308279582337e-02 4.829305632289583594e-02 1.550517052162455646e-02
5.846737087753441781e-02 9.989908102919596578e-02 0.000000000000000000e+00 5.221862741790923856e-02 3.582692778924278371e-02
9.188249091668476698e-02 4.121648717062034034e-02 0.000000000000000000e+00 2.003342889822821993e-02 6.305915979093533463e-02
1.037584088428751550e-01 0.000000000000000000e+00 1.551974979296348242e-02 0.000000000000000000e+00 6.953187320451430231e-02
7.918398070797087740e-02 0.000000000000000000e+00 8.324199957905167868e-02 0.000000000000000000e+00 4.678979672351706726e-02
3.903348484311516126e-02 0.000000000000000000e+00 1.363368699192342992e-01 0.000000000000000000e+00 1.767417754620065687e-02
5.515022881478605886e-03 0.000000000000000000e+00 1.435154384882577905e-01 0.000000000000000000e+00 0.000000000000000000e+00
0.000000000000000000e+00 2.185709639734911836e-03 1.104702510893553619e-01 3.358084273270600488e-03 0.000000000000000000e+00
0.000000000000000000e+00 5.282140563483039147e-03 6.271582235469036481e-02 3.313790247460395109e-03 0.000000000000000000e+00
0.000000000000000000e+00 3.094613685459238813e-03 3.006704855288665906e-02 2.521049971074011166e-03 0.000000000000000000e+00
0.000000000000000000e+00 1.369991628249770223e-03 9.787341439479818606e-03 8.730487290401881028e-04 0.000000000000000000e+00
0.000000000000000000e+00 0.000000000000000000e+00 1.086320697714677260e-03 3.202261040647407723e-04 0.000000000000000000e+00
3.651764816188506525e-06 0.000000000000000000e+00 5.687017562225917983e-06 2.658031903574978677e-05 7.796088315300427865e-05
0.000000000000000000e+00 0.000000000000000000e+00 0.000000000000000000e+00 0.000000000000000000e+00 0.000000000000000000e+00
0.000000000000000000e+00 0.000000000000000000e+00 0.000000000000000000e+00 0.000000000000000000e+00 0.000000000000000000e+00
0.000000000000000000e+00 0.000000000000000000e+00 0.000000000000000000e+00 0.000000000000000000e+00 0.000000000000000000e+00
0.000000000000000000e+00 0.000000000000000000e+00 0.000000000000000000e+00 0.000000000000000000e+00 0.000000000000000000e+00
0.000000000000000000e+00 0.000000000000000000e+00 0.000000000000000000e+00 0.000000000000000000e+00 0.000000000000000000e+00
0.000000000000000000e+00 0.000000000000000000e+00 8.897919954540076820e-05 2.395253809170112391e-04 0.000000000000000000e+00
0.000000000000000000e+00 1.999854174497418108e-04 2.442722992868319931e-04 2.773412584492181490e-03 0.000000000000000000e+00
0.000000000000000000e+00 6.528032845355820520e-03 0.000000000000000000e+00 2.642652167092356119e-02 0.000000000000000000e+00
0.000000000000000000e+00 7.865820008217557641e-03 0.000000000000000000e+00 8.177504167220119025e-02 0.000000000000000000e+00
0.000000000000000000e+00 0.000000000000000000e+00 0.000000000000000000e+00 1.380356373042868623e-01 0.000000000000000000e+00
2.056315036648188183e-02 0.000000000000000000e+00 0.000000000000000000e+00 1.634494864508366507e-01 1.354100777558922726e-02
6.056258365283861272e-02 0.000000000000000000e+00 0.000000000000000000e+00 1.366003283033331850e-01 3.762882747382529508e-02
9.159242112376173028e-02 0.000000000000000000e+00 0.000000000000000000e+00 9.197528596226103859e-02 5.675416711787584223e-02
9.919323993367752668e-02 4.069130240462063425e-02 2.057157828033066155e-02 6.268651045502583730e-02 5.542509920694201064e-02
9.250228827768090800e-02 8.267186825273467599e-02 3.990646915296178210e-02 5.541910683404197707e-02 4.663752565717087240e-02
9.372246407054583839e-02 8.092022889054972801e-02 4.201539908177706617e-02 4.873269782402054467e-02 4.958030051101389862e-02
1.035604007658012249e-01 4.491043836711901271e-02 4.261269289419882672e-02 2.565099731325839669e-02 6.458645419722244818e-02
1.062097359023574661e-01 5.833191273807385342e-03 5.853563250771025295e-02 0.000000000000000000e+00 7.454822414457117075e-02
8.420873768488958133e-02 0.000000000000000000e+00 9.831346867091048103e-02 0.000000000000000000e+00 6.268128317305793340e-02
4.557817084420399956e-02 0.000000000000000000e+00 1.404674251669891794e-01 0.000000000000000000e+00 3.631782158965693452e-02
9.766060633118354636e-03 1.135987592315365136e-03 1.513920708368252654e-01 0.000000000000000000e+00 1.274165479091957619e-02
0.000000000000000000e+00 9.799298940628073384e-03 1.242701146118680572e-01 0.000000000000000000e+00 0.000000000000000000e+00
0.000000000000000000e+00 1.366123501855437752e-02 7.958338191173942866e-02 0.000000000000000000e+00 0.000000000000000000e+00
0.000000000000000000e+00 1.102346620298700827e-02 4.082058232543547133e-02 0.000000000000000000e+00 0.000000000000000000e+00
0.000000000000000000e+00 5.637564002385679618e-03 1.776689537061768714e-02 0.000000000000000000e+00 0.000000000000000000e+00
0.000000000000000000e+00 2.014122873862410953e-03 4.530247977325299949e-03 0.000000000000000000e+00 0.000000000000000000e+00
0.000000000000000000e+00 3.167180384787614223e-04 4.536982826782712990e-04 0.000000000000000000e+00 9.015899657354893028e-05
0.000000000000000000e+00 0.000000000000000000e+00 0.000000000000000000e+00 4.092614534834184298e-05 9.766655552402834530e-05
0.000000000000000000e+00 0.000000000000000000e+00 0.000000000000000000e+00 0.000000000000000000e+00 0.000000000000000000e+00
0.000000000000000000e+00 0.000000000000000000e+00 0.000000000000000000e+00 0.000000000000000000e+00 0.000000000000000000e+00
0.000000000000000000e+00 0.000000000000000000e+00 0.000000000000000000e+00 0.000000000000000000e+00 0.000000000000000000e+00
0.000000000000000000e+00 0.000000000000000000e+00 0.000000000000000000e+00 0.000000000000000000e+00 0.000000000000000000e+00
0.000000000000000000e+00 0.000000000000000000e+00 0.000000000000000000e+00 0.000000000000000000e+00 0.000000000000000000e+00
0.000000000000000000e+00 0.000000000000000000e+00 5.359499185993125297e-05 1.179130700471666153e-04 1.760412269690749701e-08
0.000000000000000000e+00 7.415767887949552186e-05 2.285694941366167696e-04 1.334039258392828373e-03 0.000000000000000000e+00
0.000000000000000000e+00 2.760091974584893363e-03 0.000000000000000000e+00 1.342321509105112720e-02 0.000000000000000000e+00
0.000000000000000000e+00 8.168548327587473942e-03 0.000000000000000000e+00 4.877960517462949508e-02 0.000000000000000000e+00
0.000000000000000000e+00 5.631962273085295602e-03 0.000000000000000000e+00 9.898104172796147460e-02 3.131804279894931636e-03
2.333399726653052290e-04 0.000000000000000000e+00 0.000000000000000000e+00 1.404975737764118382e-01 1.593292581655788437e-02
2.678548369873145693e-02 0.000000000000000000e+00 0.000000000000000000e+00 1.503738322102592118e-01 3.934517460752287588e-02
5.808433713580946761e-02 0.000000000000000000e+00 0.000000000000000000e+00 1.309549360371706495e-01 6.504991372541076011e-02
8.566192925707123706e-02 0.000000000000000000e+00 0.000000000000000000e+00 9.684679861813139112e-02 8.630415775264056732e-02
1.016965290022177337e-01 0.000000000000000000e+00 1.560890439551906352e-02 5.766747581522536914e-02 9.539363848410693791e-02
1.048614019712360290e-01 5.029316255549115544e-03 4.594218561375414123e-02 1.870968491162905770e-02 9.779691629457461233e-02
9.317802429439671352e-02 4.396150284009162253e-03 7.603633816668120549e-02 0.000000000000000000e+00 9.532435850598150462e-02
6.751870221955354190e-02 7.112841562763413082e-03 1.089860837344054367e-01 0.000000000000000000e+00 8.045897520071122744e-02
3.344606529391479233e-02 1.520529852314397856e-02 1.322529526094493590e-01 0.000000000000000000e+00 5.527455252586838119e-02
4.153065413779469944e-03 1.951162027955579206e-02 1.370415675072227391e-01 0.000000000000000000e+00 2.771170452368184114e-02
0.000000000000000000e+00 2.102504649541709486e-02 1.120775984478927789e-01 0.000000000000000000e+00 9.230119572852508655e-03
0.000000000000000000e+00 2.106916648905024850e-02 7.457327240334431229e-02 0.000000000000000000e+00 0.000000000000000000e+00
0.000000000000000000e+00 1.590348615520528058e-02 4.130629520000657362e-02 0.000000000000000000e+00 0.000000000000000000e+00
0.000000000000000000e+00 8.927905900026376212e-03 1.950098560331809880e-02 0.000000000000000000e+00 0.000000000000000000e+00
0.000000000000000000e+00 4.005473003427570573e-03 7.130483775374137252e-03 0.000000000000000000e+00 0.000000000000000000e+00
0.000000000000000000e+00 1.071056668809542822e-03 1.525825923221910997e-03 0.000000000000000000e+00 0.000000000000000000e+00
0.000000000000000000e+00 2.565940855513966588e-04 1.109651843014912968e-04 0.000000000000000000e+00 2.520793100173646274e-05
0.000000000000000000e+00 1.114739615977215050e-05 1.077751173511774229e-06 0.000000000000000000e+00 8.317063797361929793e-06
0.000000000000000000e+00 0.000000000000000000e+00 0.000000000000000000e+00 0.000000000000000000e+00 0.000000000000000000e+00
0.000000000000000000e+00 0.000000000000000000e+00 0.000000000000000000e+00 0.000000000000000000e+00 0.000000000000000000e+00
0.000000000000000000e+00 0.000000000000000000e+00 0.000000000000000000e+00 0.000000000000000000e+00 0.000000000000000000e+00
0.000000000000000000e+00 0.000000000000000000e+00 0.000000000000000000e+00 0.000000000000000000e+00 0.000000000000000000e+00
0.000000000000000000e+00 0.000000000000000000e+00 0.000000000000000000e+00 0.000000000000000000e+00 0.000000000000000000e+00
0.000000000000000000e+00 0.000000000000000000e+00 0.000000000000000000e+00 0.000000000000000000e+00 0.000000000000000000e+00
0.000000000000000000e+00 1.629588486172232529e-05 2.747038346064949063e-05 2.031685345025880133e-04 0.000000000000000000e+00
0.000000000000000000e+00 1.047121477343694552e-03 0.000000000000000000e+00 2.885202251565574267e-03 1.905127025856495117e-04
0.000000000000000000e+00 4.493937064972554178e-03 0.000000000000000000e+00 1.534241699670216980e-02 7.736327640919367582e-04
0.000000000000000000e+00 6.222523635889608100e-03 0.000000000000000000e+00 3.890670961495743679e-02 3.903083846088129145e-03
0.000000000000000000e+00 3.014771639908425584e-03 0.000000000000000000e+00 6.802728757812924465e-02 1.277808830331406825e-02
0.000000000000000000e+00 0.000000000000000000e+00 0.000000000000000000e+00 8.571644552998397559e-02 3.240891529105315028e-02
6.818533599507956185e-03 0.000000000000000000e+00 0.000000000000000000e+00 8.324270566385440218e-02 5.910695573439683770e-02
2.003764294688710132e-02 0.000000000000000000e+00 0.000000000000000000e+00 5.728196174796992834e-02 8.574027417723530109e-02
2.965644587724993939e-02 0.000000000000000000e+00 0.000000000000000000e+00 2.006812628271073887e-02 1.030231011889086584e-01
2.846670711278849117e-02 0.000000000000000000e+00 2.104540762169200205e-02 0.000000000000000000e+00 1.040038561667512851e-01
1.806382785441675368e-02 8.646491665439352131e-03 5.086910715137685918e-02 0.000000000000000000e+00 8.708712257012912739e-02
3.631629270136228858e-03 2.155484155259324019e-02 7.132722711429047291e-02 0.000000000000000000e+00 5.976969559045621633e-02
0.000000000000000000e+00 2.472317754691443284e-02 7.662026549444569956e-02 0.000000000000000000e+00 3.414572712807052712e-02
0.000000000000000000e+00 1.948257233754888823e-02 6.395331875518973919e-02 0.000000000000000000e+00 1.491843327812194218e-02
0.000000000000000000e+00 1.595936719327704922e-02 4.231354124466774058e-02 0.000000000000000000e+00 5.243105972754626490e-03
0.000000000000000000e+00 1.305629389852498885e-02 2.482229153118608450e-02 0.000000000000000000e+00 8.444364808299300749e-04
0.000000000000000000e+00 7.239781561722949225e-03 1.222156685034177064e-02 0.000000000000000000e+00 0.000000000000000000e+00
0.000000000000000000e+00 3.024828392354777813e-03 4.410815337629270250e-03 0.000000000000000000e+00 0.000000000000000000e+00
0.000000000000000000e+00 8.161040714407585871e-04 1.329713393568644200e-03 0.000000000000000000e+00 0.000000000000000000e+00
0.000000000000000000e+00 4.471113190533846461e-05 1.341251938078230556e-04 0.000000000000000000e+00 0.000000000000000000e+00
0.000000000000000000e+00 0.000000000000000000e+00 0.000000000000000000e+00 0.000000000000000000e+00 0.000000000000000000e+00
0.000000000000000000e+00 0.000000000000000000e+00 0.000000000000000000e+00 0.000000000000000000e+00 0.000000000000000000e+00
0.000000000000000000e+00 0.000000000000000000e+00 0.000000000000000000e+00 0.000000000000000000e+00 0.000000000000000000e+00
0.000000000000000000e+00 0.000000000000000000e+00 0.000000000000000000e+00 0.000000000000000000e+00 0.000000000000000000e+00
0.000000000000000000e+00 0.000000000000000000e+00 0.000000000000000000e+00 0.000000000000000000e+00 0.000000000000000000e+00
0.000000000000000000e+00 0.000000000000000000e+00 0.000000000000000000e+00 0.000000000000000000e+00 0.000000000000000000e+00
0.000000000000000000e+00 0.000000000000000000e+00 0.000000000000000000e+00 0.000000000000000000e+00 0.000000000000000000e+00
0.000000000000000000e+00 0.000000000000000000e+00 0.000000000000000000e+00 0.000000000000000000e+00 0.000000000000000000e+00
0.000000000000000000e+00 0.000000000000000000e+00 0.000000000000000000e+00 0.000000000000000000e+00 0.000000000000000000e+00
0.000000000000000000e+00 1.246297453674503940e-04 0.000000000000000000e+00 1.698908777554382810e-04 4.014871150676100221e-05
0.000000000000000000e+00 7.557033517253050614e-04 0.000000000000000000e+00 1.330175855699286666e-03 2.698073453619725275e-04
0.000000000000000000e+00 1.691977096603601094e-03 0.000000000000000000e+00 3.004286390405713075e-03 8.410151286172861708e-04
0.000000000000000000e+00 2.781512807712270205e-03 0.000000000000000000e+00 4.823983683280695482e-03 2.711922251003817414e-03
0.000000000000000000e+00 3.954607710352998386e-03 0.000000000000000000e+00 5.861588270158458146e-03 5.704454366895690340e-03
0.000000000000000000e+00 5.740457850788008645e-03 0.000000000000000000e+00 5.031537644574607220e-03 1.041045906951061986e-02
0.000000000000000000e+00 6.412291954633797010e-03 0.000000000000000000e+00 1.434955958111321745e-03 1.464487950026265375e-02
0.000000000000000000e+00 7.297900682172055349e-03 0.000000000000000000e+00 0.000000000000000000e+00 1.695299040535323126e-02
0.000000000000000000e+00 1.024675143311925413e-02 1.027956349972285752e-03 0.000000000000000000e+00 1.757088130383120325e-02
0.000000000000000000e+00 1.153155630918994111e-02 3.664479364373793291e-03 0.000000000000000000e+00 1.598646537956768809e-02
0.000000000000000000e+00 1.085057235125941842e-02 6.060518533905407713e-03 0.000000000000000000e+00 1.123841976558019075e-02
0.000000000000000000e+00 8.775282905885492188e-03 6.573011053442304533e-03 0.000000000000000000e+00 5.923492643204904089e-03
0.000000000000000000e+00 6.129080701075769778e-03 5.638333545079439631e-03 0.000000000000000000e+00 2.632676864705977421e-03
0.000000000000000000e+00 3.847710771752937877e-03 3.558001749269713854e-03 0.000000000000000000e+00 1.175950078715033015e-03
0.000000000000000000e+00 2.406442266638888442e-03 1.976669166300013165e-03 0.000000000000000000e+00 5.256330039231578736e-04
0.000000000000000000e+00 1.293820926445411702e-03 9.294339480752465818e-04 0.000000000000000000e+00 7.453200559801650017e-05
0.000000000000000000e+00 2.143641962784655498e-04 1.417784283338786844e-04 0.000000000000000000e+00 0.000000000000000000e+00
0.000000000000000000e+00 4.204600224490127477e-06 3.149334373058946008e-06 0.000000000000000000e+00 2.902002866831491150e-08
0.000000000000000000e+00 0.000000000000000000e+00 0.000000000000000000e+00 0.000000000000000000e+00 0.000000000000000000e+00
0.000000000000000000e+00 0.000000000000000000e+00 0.000000000000000000e+00 0.000000000000000000e+00 0.000000000000000000e+00
0.000000000000000000e+00 0.000000000000000000e+00 0.000000000000000000e+00 0.000000000000000000e+00 0.000000000000000000e+00
0.000000000000000000e+00 0.000000000000000000e+00 0.000000000000000000e+00 0.000000000000000000e+00 0.000000000000000000e+00
0.000000000000000000e+00 0.000000000000000000e+00 0.000000000000000000e+00 0.000000000000000000e+00 0.000000000000000000e+00
0.000000000000000000e+00 0.000000000000000000e+00 0.000000000000000000e+00 0.000000000000000000e+00 0.000000000000000000e+00
0.000000000000000000e+00 0.000000000000000000e+00 0.000000000000000000e+00 0.000000000000000000e+00 0.000000000000000000e+00
0.000000000000000000e+00 0.000000000000000000e+00 0.000000000000000000e+00 0.000000000000000000e+00 0.000000000000000000e+00
0.000000000000000000e+00 0.000000000000000000e+00 0.000000000000000000e+00 0.000000000000000000e+00 0.000000000000000000e+00
0.000000000000000000e+00 0.000000000000000000e+00 0.000000000000000000e+00 0.000000000000000000e+00 0.000000000000000000e+00
0.000000000000000000e+00 0.000000000000000000e+00 0.000000000000000000e+00 0.000000000000000000e+00 0.000000000000000000e+00
0.000000000000000000e+00 0.000000000000000000e+00 0.000000000000000000e+00 0.000000000000000000e+00 0.000000000000000000e+00
0.000000000000000000e+00 0.000000000000000000e+00 0.000000000000000000e+00 0.000000000000000000e+00 0.000000000000000000e+00
0.000000000000000000e+00 7.808341483097145784e-05 0.000000000000000000e+00 8.457905012810437652e-06 2.212266863137290053e-05
0.000000000000000000e+00 1.491925872666961870e-04 0.000000000000000000e+00 5.903278162892949823e-07 8.581474989343528665e-05
0.000000000000000000e+00 2.610751490939944102e-04 0.000000000000000000e+00 0.000000000000000000e+00 1.938696392472082509e-04
0.000000000000000000e+00 4.768115468042854977e-04 0.000000000000000000e+00 0.000000000000000000e+00 5.199163150084759426e-04
0.000000000000000000e+00 5.070747830036460152e-04 0.000000000000000000e+00 0.000000000000000000e+00 4.718668009956761300e-04
0.000000000000000000e+00 4.837314621658275748e-04 1.716829449135921825e-05 0.000000000000000000e+00 3.428422604245072577e-04
0.000000000000000000e+00 4.002669491880058968e-04 1.104123321121144744e-04 0.000000000000000000e+00 1.681617081427157494e-04
0.000000000000000000e+00 7.687641034035362902e-05 2.846391594446056204e-05 0.000000000000000000e+00 2.076502954775004170e-05
0.000000000000000000e+00 7.737638239314460038e-05 2.337448403000696290e-05 0.000000000000000000e+00 1.462455718465879791e-05
0.000000000000000000e+00 2.443464707151931164e-05 7.381416009475886098e-06 0.000000000000000000e+00 4.618281216208049870e-06
0.000000000000000000e+00 0.000000000000000000e+00 0.000000000000000000e+00 0.000000000000000000e+00 0.000000000000000000e+00
0.000000000000000000e+00 0.000000000000000000e+00 0.000000000000000000e+00 0.000000000000000000e+00 0.000000000000000000e+00
0.000000000000000000e+00 0.000000000000000000e+00 0.000000000000000000e+00 0.000000000000000000e+00 0.000000000000000000e+00
4.118177290947832632e-06 1.454681794523016551e-05 0.000000000000000000e+00 0.000000000000000000e+00 3.160376228541416693e-06
6.863628818246388284e-06 2.424469657538363742e-05 0.000000000000000000e+00 0.000000000000000000e+00 5.267293714235698159e-06
5.490903054597105376e-06 1.939575726030692010e-05 0.000000000000000000e+00 0.000000000000000000e+00 4.213834971388551920e-06
0.000000000000000000e+00 0.000000000000000000e+00 0.000000000000000000e+00 0.000000000000000000e+00 0.000000000000000000e+00
0.000000000000000000e+00 0.000000000000000000e+00 0.000000000000000000e+00 0.000000000000000000e+00 0.000000000000000000e+00
0.000000000000000000e+00 0.000000000000000000e+00 0.000000000000000000e+00 0.000000000000000000e+00 0.000000000000000000e+00
0.000000000000000000e+00 0.000000000000000000e+00 0.000000000000000000e+00 0.000000000000000000e+00 0.000000000000000000e+00
0.000000000000000000e+00 0.000000000000000000e+00 0.000000000000000000e+00 0.000000000000000000e+00 0.000000000000000000e+00
0.000000000000000000e+00 0.000000000000000000e+00 0.000000000000000000e+00 0.000000000000000000e+00 0.000000000000000000e+00
0.000000000000000000e+00 0.000000000000000000e+00 0.000000000000000000e+00 0.000000000000000000e+00 0.000000000000000000e+00
0.000000000000000000e+00 0.000000000000000000e+00 0.000000000000000000e+00 0.000000000000000000e+00 0.000000000000000000e+00
0.000000000000000000e+00 0.000000000000000000e+00 0.000000000000000000e+00 0.000000000000000000e+00 0.000000000000000000e+00
0.000000000000000000e+00 0.000000000000000000e+00 0.000000000000000000e+00 0.000000000000000000e+00 0.000000000000000000e+00
0.000000000000000000e+00 0.000000000000000000e+00 0.000000000000000000e+00 0.000000000000000000e+00 0.000000000000000000e+00
0.000000000000000000e+00 0.000000000000000000e+00 0.000000000000000000e+00 0.000000000000000000e+00 0.000000000000000000e+00
0.000000000000000000e+00 0.000000000000000000e+00 0.000000000000000000e+00 0.000000000000000000e+00 0.000000000000000000e+00
0.000000000000000000e+00 0.000000000000000000e+00 0.000000000000000000e+00 0.000000000000000000e+00 0.000000000000000000e+00
0.000000000000000000e+00 0.000000000000000000e+00 0.000000000000000000e+00 0.000000000000000000e+00 0.000000000000000000e+00
0.000000000000000000e+00 0.000000000000000000e+00 0.000000000000000000e+00 0.000000000000000000e+00 0.000000000000000000e+00
0.000000000000000000e+00 0.000000000000000000e+00 0.000000000000000000e+00 0.000000000000000000e+00 0.000000000000000000e+00
0.000000000000000000e+00 0.000000000000000000e+00 0.000000000000000000e+00 0.000000000000000000e+00 0.000000000000000000e+00
0.000000000000000000e+00 0.000000000000000000e+00 0.000000000000000000e+00 0.000000000000000000e+00 0.000000000000000000e+00
0.000000000000000000e+00 0.000000000000000000e+00 0.000000000000000000e+00 0.000000000000000000e+00 0.000000000000000000e+00
0.000000000000000000e+00 0.000000000000000000e+00 0.000000000000000000e+00 0.000000000000000000e+00 0.000000000000000000e+00
0.000000000000000000e+00 0.000000000000000000e+00 0.000000000000000000e+00 0.000000000000000000e+00 0.000000000000000000e+00
0.000000000000000000e+00 0.000000000000000000e+00 0.000000000000000000e+00 0.000000000000000000e+00 0.000000000000000000e+00
0.000000000000000000e+00 0.000000000000000000e+00 0.000000000000000000e+00 0.000000000000000000e+00 0.000000000000000000e+00
0.000000000000000000e+00 0.000000000000000000e+00 0.000000000000000000e+00 0.000000000000000000e+00 0.000000000000000000e+00
0.000000000000000000e+00 0.000000000000000000e+00 0.000000000000000000e+00 0.000000000000000000e+00 0.000000000000000000e+00
0.000000000000000000e+00 0.000000000000000000e+00 0.000000000000000000e+00 0.000000000000000000e+00 0.000000000000000000e+00
0.000000000000000000e+00 0.000000000000000000e+00 0.000000000000000000e+00 0.000000000000000000e+00 0.000000000000000000e+00
0.000000000000000000e+00 0.000000000000000000e+00 0.000000000000000000e+00 0.000000000000000000e+00 0.000000000000000000e+00
0.000000000000000000e+00 0.000000000000000000e+00 0.000000000000000000e+00 0.000000000000000000e+00 0.000000000000000000e+00
0.000000000000000000e+00 0.000000000000000000e+00 0.000000000000000000e+00 0.000000000000000000e+00 0.000000000000000000e+00
0.000000000000000000e+00 0.000000000000000000e+00 0.000000000000000000e+00 0.000000000000000000e+00 0.000000000000000000e+00
