24.74881100654602
0.000000000000000000e+00 0.000000000000000000e+00 0.000000000000000000e+00 0.000000000000000000e+00 0.000000000000000000e+00
0.000000000000000000e+00 0.000000000000000000e+00 0.000000000000000000e+00 0.000000000000000000e+00 0.000000000000000000e+00
0.000000000000000000e+00 0.000000000000000000e+00 0.000000000000000000e+00 0.000000000000000000e+00 0.000000000000000000e+00
0.000000000000000000e+00 0.000000000000000000e+00 0.000000000000000000e+00 0.000000000000000000e+00 0.000000000000000000e+00
0.000000000000000000e+00 0.000000000000000000e+00 0.000000000000000000e+00 0.000000000000000000e+00 0.000000000000000000e+00
0.000000000000000000e+00 0.000000000000000000e+00 0.000000000000000000e+00 0.000000000000000000e+00 0.000000000000000000e+00
0.000000000000000000e+00 0.000000000000000000e+00 0.000000000000000000e+00 0.000000000000000000e+00 0.000000000000000000e+00
0.000000000000000000e+00 0.000000000000000000e+00 0.000000000000000000e+00 0.000000000000000000e+00 0.000000000000000000e+00
0.000000000000000000e+00 0.000000000000000000e+00 0.000000000000000000e+00 0.000000000000000000e+00 0.000000000000000000e+00
0.000000000000000000e+00 0.000000000000000000e+00 0.000000000000000000e+00 0.000000000000000000e+00 0.000000000000000000e+00
0.000000000000000000e+00 0.000000000000000000e+00 0.000000000000000000e+00 0.000000000000000000e+00 0.000000000000000000e+00
0.000000000000000000e+00 0.000000000000000000e+00 0.000000000000000000e+00 0.000000000000000000e+00 0.000000000000000000e+00
0.000000000000000000e+00 0.000000000000000000e+00 0.000000000000000000e+00 0.000000000000000000e+00 0.000000000000000000e+00
0.000000000000000000e+00 0.000000000000000000e+00 0.000000000000000000e+00 0.000000000000000000e+00 0.000000000000000000e+00
0.000000000000000000e+00 0.000000000000000000e+00 0.000000000000000000e+00 0.000000000000000000e+00 0.000000000000000000e+00
0.000000000000000000e+00 0.000000000000000000e+00 0.000000000000000000e+00 0.000000000000000000e+00 0.000000000000000000e+00
0.000000000000000000e+00 0.000000000000000000e+00 0.000000000000000000e+00 0.000000000000000000e+00 0.000000000000000000e+00
0.000000000000000000e+00 0.000000000000000000e+00 0.000000000000000000e+00 0.000000000000000000e+00 0.000000000000000000e+00
0.000000000000000000e+00 0.000000000000000000e+00 0.000000000000000000e+00 0.000000000000000000e+00 0.000000000000000000e+00
0.000000000000000000e+00 0.000000000000000000e+00 0.000000000000000000e+00 0.000000000000000000e+00 0.000000000000000000e+00
0.000000000000000000e+00 0.000000000000000000e+00 0.000000000000000000e+00 0.000000000000000000e+00 0.000000000000000000e+00
0.000000000000000000e+00 0.000000000000000000e+00 0.000000000000000000e+00 0.000000000000000000e+00 0.000000000000000000e+00
0.000000000000000000e+00 0.000000000000000000e+00 0.000000000000000000e+00 0.000000000000000000e+00 0.000000000000000000e+00
0.000000000000000000e+00 0.000000000000000000e+00 0.000000000000000000e+00 0.000000000000000000e+00 0.000000000000000000e+00
0.000000000000000000e+00 0.000000000000000000e+00 0.000000000000000000e+00 0.000000000000000000e+00 0.000000000000000000e+00
0.000000000000000000e+00 0.000000000000000000e+00 0.000000000000000000e+00 0.000000000000000000e+00 0.000000000000000000e+00
0.000000000000000000e+00 0.000000000000000000e+00 0.000000000000000000e+00 0.000000000000000000e+00 0.000000000000000000e+00
0.000000000000000000e+00 0.000000000000000000e+00 0.000000000000000000e+00 0.000000000000000000e+00 0.000000000000000000e+00
0.000000000000000000e+00 0.000000000000000000e+00 0.000000000000000000e+00 0.000000000000000000e+00 0.000000000000000000e+00
0.000000000000000000e+00 0.000000000000000000e+00 0.000000000000000000e+00 0.000000000000000000e+00 0.000000000000000000e+00
0.000000000000000000e+00 0.000000000000000000e+00 0.000000000000000000e+00 0.000000000000000000e+00 0.000000000000000000e+00
0.000000000000000000e+00 0.000000000000000000e+00 0.000000000000000000e+00 0.000000000000000000e+00 0.000000000000000000e+00
0.000000000000000000e+00 0.000000000000000000e+00 0.000000000000000000e+00 0.000000000000000000e+00 0.000000000000000000e+00
0.000000000000000000e+00 0.000000000000000000e+00 0.000000000000000000e+00 0.000000000000000000e+00 0.000000000000000000e+00
0.000000000000000000e+00 0.000000000000000000e+00 0.000000000000000000e+00 0.000000000000000000e+00 0.000000000000000000e+00
0.000000000000000000e+00 0.000000000000000000e+00 0.000000000000000000e+00 0.000000000000000000e+00 0.000000000000000000e+00
0.000000000000000000e+00 0.000000000000000000e+00 0.000000000000000000e+00 0.000000000000000000e+00 0.000000000000000000e+00
0.000000000000000000e+00 0.000000000000000000e+00 0.000000000000000000e+00 0.000000000000000000e+00 0.000000000000000000e+00
0.000000000000000000e+00 0.000000000000000000e+00 0.000000000000000000e+00 0.000000000000000000e+00 0.000000000000000000e+00
0.000000000000000000e+00 0.000000000000000000e+00 0.000000000000000000e+00 0.000000000000000000e+00 0.000000000000000000e+00
0.000000000000000000e+00 0.000000000000000000e+00 0.000000000000000000e+00 0.000000000000000000e+00 0.000000000000000000e+00
0.000000000000000000e+00 0.000000000000000000e+00 0.000000000000000000e+00 0.000000000000000000e+00 0.000000000000000000e+00
0.000000000000000000e+00 0.000000000000000000e+00 0.000000000000000000e+00 0.000000000000000000e+00 0.000000000000000000e+00
0.000000000000000000e+00 0.000000000000000000e+00 0.000000000000000000e+00 0.000000000000000000e+00 0.000000000000000000e+00
0.000000000000000000e+00 0.000000000000000000e+00 0.000000000000000000e+00 0.000000000000000000e+00 0.000000000000000000e+00
0.000000000000000000e+00 0.000000000000000000e+00 0.000000000000000000e+00 0.000000000000000000e+00 0.000000000000000000e+00
0.000000000000000000e+00 0.000000000000000000e+00 0.000000000000000000e+00 0.000000000000000000e+00 0.000000000000000000e+00
0.000000000000000000e+00 0.000000000000000000e+00 0.000000000000000000e+00 0.000000000000000000e+00 0.000000000000000000e+00
0.000000000000000000e+00 0.000000000000000000e+00 0.000000000000000000e+00 0.000000000000000000e+00 0.000000000000000000e+00
0.000000000000000000e+00 0.000000000000000000e+00 0.000000000000000000e+00 0.000000000000000000e+00 0.000000000000000000e+00
0.000000000000000000e+00 0.000000000000000000e+00 0.000000000000000000e+00 0.000000000000000000e+00 0.000000000000000000e+00
0.000000000000000000e+00 0.000000000000000000e+00 0.000000000000000000e+00 0.000000000000000000e+00 0.000000000000000000e+00
0.000000000000000000e+00 0.000000000000000000e+00 0.000000000000000000e+00 0.000000000000000000e+00 0.000000000000000000e+00
0.000000000000000000e+00 0.000000000000000000e+00 0.000000000000000000e+00 0.000000000000000000e+00 0.000000000000000000e+00
0.000000000000000000e+00 0.000000000000000000e+00 0.000000000000000000e+00 0.000000000000000000e+00 0.000000000000000000e+00
0.000000000000000000e+00 0.000000000000000000e+00 0.000000000000000000e+00 0.000000000000000000e+00 0.000000000000000000e+00
0.000000000000000000e+00 0.000000000000000000e+00 0.000000000000000000e+00 0.000000000000000000e+00 0.000000000000000000e+00
0.000000000000000000e+00 0.000000000000000000e+00 0.000000000000000000e+00 0.000000000000000000e+00 0.000000000000000000e+00
0.000000000000000000e+00 0.000000000000000000e+00 0.000000000000000000e+00 0.000000000000000000e+00 0.000000000000000000e+00
0.000000000000000000e+00 0.000000000000000000e+00 0.000000000000000000e+00 0.000000000000000000e+00 0.000000000000000000e+00
0.000000000000000000e+00 0.000000000000000000e+00 0.000000000000000000e+00 0.000000000000000000e+00 0.000000000000000000e+00
0.000000000000000000e+00 0.000000000000000000e+00 0.000000000000000000e+00 0.000000000000000000e+00 0.000000000000000000e+00
0.000000000000000000e+00 0.000000000000000000e+00 0.000000000000000000e+00 0.000000000000000000e+00 0.000000000000000000e+00
0.000000000000000000e+00 0.000000000000000000e+00 0.000000000000000000e+00 0.000000000000000000e+00 0.000000000000000000e+00
0.000000000000000000e+00 0.000000000000000000e+00 0.000000000000000000e+00 0.000000000000000000e+00 0.000000000000000000e+00
0.000000000000000000e+00 0.000000000000000000e+00 0.000000000000000000e+00 0.000000000000000000e+00 0.000000000000000000e+00
0.000000000000000000e+00 0.000000000000000000e+00 0.000000000000000000e+00 0.000000000000000000e+00 0.000000000000000000e+00
0.000000000000000000e+00 0.000000000000000000e+00 0.000000000000000000e+00 0.000000000000000000e+00 0.000000000000000000e+00
0.000000000000000000e+00 0.000000000000000000e+00 0.000000000000000000e+00 0.000000000000000000e+00 0.000000000000000000e+00
0.000000000000000000e+00 0.000000000000000000e+00 0.000000000000000000e+00 0.000000000000000000e+00 0.000000000000000000e+00
0.000000000000000000e+00 0.000000000000000000e+00 0.000000000000000000e+00 0.000000000000000000e+00 0.000000000000000000e+00
0.000000000000000000e+00 0.000000000000000000e+00 0.000000000000000000e+00 0.000000000000000000e+00 0.000000000000000000e+00
0.000000000000000000e+00 0.000000000000000000e+00 0.000000000000000000e+00 0.000000000000000000e+00 0.000000000000000000e+00
0.000000000000000000e+00 0.000000000000000000e+00 0.000000000000000000e+00 0.000000000000000000e+00 0.000000000000000000e+00
0.000000000000000000e+00 0.000000000000000000e+00 0.000000000000000000e+00 0.000000000000000000e+00 0.000000000000000000e+00
0.000000000000000000e+00 0.000000000000000000e+00 0.000000000000000000e+00 0.000000000000000000e+00 0.000000000000000000e+00
0.000000000000000000e+00 0.000000000000000000e+00 0.000000000000000000e+00 0.000000000000000000e+00 0.000000000000000000e+00
0.000000000000000000e+00 0.000000000000000000e+00 0.000000000000000000e+00 0.000000000000000000e+00 0.000000000000000000e+00
0.000000000000000000e+00 0.000000000000000000e+00 0.000000000000000000e+00 0.000000000000000000e+00 0.000000000000000000e+00
0.000000000000000000e+00 0.000000000000000000e+00 0.000000000000000000e+00 0.000000000000000000e+00 0.000000000000000000e+00
0.000000000000000000e+00 0.000000000000000000e+00 0.000000000000000000e+00 0.000000000000000000e+00 0.000000000000000000e+00
0.000000000000000000e+00 0.000000000000000000e+00 0.000000000000000000e+00 0.000000000000000000e+00 0.000000000000000000e+00
0.000000000000000000e+00 0.000000000000000000e+00 0.000000000000000000e+00 0.000000000000000000e+00 0.000000000000000000e+00
0.000000000000000000e+00 0.000000000000000000e+00 0.000000000000000000e+00 0.000000000000000000e+00 0.000000000000000000e+00
0.000000000000000000e+00 0.000000000000000000e+00 0.000000000000000000e+00 0.000000000000000000e+00 0.000000000000000000e+00
0.000000000000000000e+00 0.000000000000000000e+00 0.000000000000000000e+00 0.000000000000000000e+00 0.000000000000000000e+00
0.000000000000000000e+00 0.000000000000000000e+00 0.000000000000000000e+00 0.000000000000000000e+00 0.000000000000000000e+00
0.000000000000000000e+00 0.000000000000000000e+00 0.000000000000000000e+00 0.000000000000000000e+00 0.000000000000000000e+00
0.000000000000000000e+00 0.000000000000000000e+00 0.000000000000000000e+00 0.000000000000000000e+00 0.000000000000000000e+00
0.000000000000000000e+00 0.000000000000000000e+00 0.000000000000000000e+00 0.000000000000000000e+00 0.000000000000000000e+00
0.000000000000000000e+00 0.000000000000000000e+00 0.000000000000000000e+00 0.000000000000000000e+00 0.000000000000000000e+00
0.000000000000000000e+00 0.000000000000000000e+00 0.000000000000000000e+00 0.000000000000000000e+00 0.000000000000000000e+00
0.000000000000000000e+00 0.000000000000000000e+00 0.000000000000000000e+00 0.000000000000000000e+00 0.000000000000000000e+00
0.000000000000000000e+00 0.000000000000000000e+00 0.000000000000000000e+00 0.000000000000000000e+00 0.000000000000000000e+00
0.000000000000000000e+00 0.000000000000000000e+00 0.000000000000000000e+00 0.000000000000000000e+00 0.000000000000000000e+00
0.000000000000000000e+00 0.000000000000000000e+00 0.000000000000000000e+00 0.000000000000000000e+00 0.000000000000000000e+00
0.000000000000000000e+00 0.000000000000000000e+00 0.000000000000000000e+00 0.000000000000000000e+00 0.000000000000000000e+00
0.000000000000000000e+00 0.000000000000000000e+00 0.000000000000000000e+00 0.000000000000000000e+00 0.000000000000000000e+00
0.000000000000000000e+00 0.000000000000000000e+00 0.000000000000000000e+00 0.000000000000000000e+00 0.000000000000000000e+00
0.000000000000000000e+00 0.000000000000000000e+00 0.000000000000000000e+00 0.000000000000000000e+00 0.000000000000000000e+00
0.000000000000000000e+00 0.000000000000000000e+00 0.000000000000000000e+00 0.000000000000000000e+00 0.000000000000000000e+00
0.000000000000000000e+00 0.000000000000000000e+00 0.000000000000000000e+00 0.000000000000000000e+00 0.000000000000000000e+00
0.000000000000000000e+00 0.000000000000000000e+00 0.000000000000000000e+00 0.000000000000000000e+00 0.000000000000000000e+00
0.000000000000000000e+00 0.000000000000000000e+00 0.000000000000000000e+00 0.000000000000000000e+00 0.000000000000000000e+00
0.000000000000000000e+00 0.000000000000000000e+00 0.000000000000000000e+00 0.000000000000000000e+00 0.000000000000000000e+00
0.000000000000000000e+00 0.000000000000000000e+00 0.000000000000000000e+00 0.000000000000000000e+00 0.000000000000000000e+00
0.000000000000000000e+00 0.000000000000000000e+00 0.000000000000000000e+00 0.000000000000000000e+00 0.000000000000000000e+00
0.000000000000000000e+00 0.000000000000000000e+00 0.000000000000000000e+00 0.000000000000000000e+00 0.000000000000000000e+00
0.000000000000000000e+00 0.000000000000000000e+00 0.000000000000000000e+00 0.000000000000000000e+00 0.000000000000000000e+00
0.000000000000000000e+00 0.000000000000000000e+00 0.000000000000000000e+00 0.000000000000000000e+00 0.000000000000000000e+00
0.000000000000000000e+00 0.000000000000000000e+00 0.000000000000000000e+00 0.000000000000000000e+00 0.000000000000000000e+00
0.000000000000000000e+00 0.000000000000000000e+00 0.000000000000000000e+00 0.000000000000000000e+00 0.000000000000000000e+00
0.000000000000000000e+00 0.000000000000000000e+00 0.000000000000000000e+00 0.000000000000000000e+00 0.000000000000000000e+00
0.000000000000000000e+00 0.000000000000000000e+00 0.000000000000000000e+00 0.000000000000000000e+00 0.000000000000000000e+00
0.000000000000000000e+00 0.000000000000000000e+00 0.000000000000000000e+00 0.000000000000000000e+00 0.000000000000000000e+00
0.000000000000000000e+00 0.000000000000000000e+00 0.000000000000000000e+00 0.000000000000000000e+00 0.000000000000000000e+00
0.000000000000000000e+00 0.000000000000000000e+00 0.000000000000000000e+00 0.000000000000000000e+00 0.000000000000000000e+00
0.000000000000000000e+00 0.000000000000000000e+00 0.000000000000000000e+00 0.000000000000000000e+00 0.000000000000000000e+00
0.000000000000000000e+00 0.000000000000000000e+00 0.000000000000000000e+00 0.000000000000000000e+00 0.000000000000000000e+00
0.000000000000000000e+00 0.000000000000000000e+00 0.000000000000000000e+00 0.000000000000000000e+00 0.000000000000000000e+00
0.000000000000000000e+00 0.000000000000000000e+00 0.000000000000000000e+00 0.000000000000000000e+00 0.000000000000000000e+00
0.000000000000000000e+00 0.000000000000000000e+00 0.000000000000000000e+00 0.000000000000000000e+00 0.000000000000000000e+00
0.000000000000000000e+00 0.000000000000000000e+00 0.000000000000000000e+00 0.000000000000000000e+00 0.000000000000000000e+00
0.000000000000000000e+00 0.000000000000000000e+00 1.186140839213503374e-04 5.339655723104673804e-03 3.488122543903587609e-04
0.000000000000000000e+00 0.000000000000000000e+00 0.000000000000000000e+00 1.170357050838028053e-02 3.482947728067977127e-03
0.000000000000000000e+00 0.000000000000000000e+00 1.157268004035649778e-03 3.895799998805744846e-02 6.109157597806572949e-03
0.000000000000000000e+00 0.000000000000000000e+00 2.334233301296083796e-03 7.168316281382333677e-02 1.197916358241686227e-02
0.000000000000000000e+00 0.000000000000000000e+00 5.115077950236040887e-03 8.412852976113827097e-02 2.582928133325617867e-02
0.000000000000000000e+00 0.000000000000000000e+00 4.047386501417186457e-03 7.775994528128533922e-02 3.904346425889274053e-02
0.000000000000000000e+00 0.000000000000000000e+00 2.988672959631714747e-03 5.030947288746199370e-02 3.736652047121687831e-02
0.000000000000000000e+00 0.000000000000000000e+00 2.904146638363875460e-03 2.366249601078437848e-02 3.346056442563423439e-02
0.000000000000000000e+00 0.000000000000000000e+00 3.372496065987605138e-03 6.914582608370961093e-03 3.041648454183244060e-02
0.000000000000000000e+00 0.000000000000000000e+00 9.732398624723263966e-04 0.000000000000000000e+00 2.620198959295804222e-02
3.222827511115498606e-03 0.000000000000000000e+00 1.112070999089565145e-02 0.000000000000000000e+00 4.128686526663857825e-03
3.395336005676232154e-03 0.000000000000000000e+00 9.873948560308477146e-03 0.000000000000000000e+00 0.000000000000000000e+00
8.241857628090010560e-03 0.000000000000000000e+00 1.690380130687462812e-03 0.000000000000000000e+00 1.552023886048625777e-03
5.623954880227976898e-03 0.000000000000000000e+00 0.000000000000000000e+00 0.000000000000000000e+00 1.354375526729972249e-03
0.000000000000000000e+00 0.000000000000000000e+00 0.000000000000000000e+00 0.000000000000000000e+00 0.000000000000000000e+00
0.000000000000000000e+00 0.000000000000000000e+00 0.000000000000000000e+00 0.000000000000000000e+00 0.000000000000000000e+00
0.000000000000000000e+00 0.000000000000000000e+00 0.000000000000000000e+00 0.000000000000000000e+00 0.000000000000000000e+00
0.000000000000000000e+00 0.000000000000000000e+00 0.000000000000000000e+00 0.000000000000000000e+00 0.000000000000000000e+00
0.000000000000000000e+00 0.000000000000000000e+00 0.000000000000000000e+00 0.000000000000000000e+00 0.000000000000000000e+00
0.000000000000000000e+00 0.000000000000000000e+00 0.000000000000000000e+00 0.000000000000000000e+00 0.000000000000000000e+00
0.000000000000000000e+00 0.000000000000000000e+00 0.000000000000000000e+00 0.000000000000000000e+00 0.000000000000000000e+00
0.000000000000000000e+00 0.000000000000000000e+00 0.000000000000000000e+00 0.000000000000000000e+00 0.000000000000000000e+00
0.000000000000000000e+00 0.000000000000000000e+00 0.000000000000000000e+00 0.000000000000000000e+00 0.000000000000000000e+00
0.000000000000000000e+00 0.000000000000000000e+00 0.000000000000000000e+00 0.000000000000000000e+00 0.000000000000000000e+00
0.000000000000000000e+00 0.000000000000000000e+00 0.000000000000000000e+00 0.000000000000000000e+00 0.000000000000000000e+00
5.287134198234838024e-04 0.000000000000000000e+00 0.000000000000000000e+00 8.738554435916166601e-04 0.000000000000000000e+00
1.345019888490406931e-03 0.000000000000000000e+00 0.000000000000000000e+00 3.876289355844150797e-03 0.000000000000000000e+00
1.052725887144247835e-03 0.000000000000000000e+00 0.000000000000000000e+00 2.058789571257430701e-02 0.000000000000000000e+00
0.000000000000000000e+00 3.934049619069864175e-03 7.232471617214997943e-04 6.969790065630743214e-02 2.397826428169400200e-04
0.000000000000000000e+00 5.113036366051339036e-03 0.000000000000000000e+00 1.121890964808989199e-01 8.241008289141543361e-03
0.000000000000000000e+00 0.000000000000000000e+00 0.000000000000000000e+00 1.571289600243221118e-01 3.220843181668524291e-02
0.000000000000000000e+00 4.715576827162503391e-03 0.000000000000000000e+00 1.804444370589330937e-01 6.658405486659631223e-02
0.000000000000000000e+00 1.220663542051023814e-02 1.379261952403118671e-04 1.652698822469817197e-01 8.798052098850728253e-02
0.000000000000000000e+00 6.568397407221484088e-03 2.528907350381929750e-02 1.420721838673568438e-01 9.904728105953147788e-02
0.000000000000000000e+00 0.000000000000000000e+00 4.964538109100868901e-02 1.166591619084442755e-01 1.019914938169690782e-01
0.000000000000000000e+00 0.000000000000000000e+00 7.033307867792952528e-02 7.892704724384926041e-02 8.844195600040727356e-02
0.000000000000000000e+00 0.000000000000000000e+00 6.921712595002857404e-02 5.200505184836740763e-02 7.211857330678983491e-02
0.000000000000000000e+00 0.000000000000000000e+00 5.205955727678110434e-02 2.040547121429336919e-02 5.501801148779757872e-02
0.000000000000000000e+00 0.000000000000000000e+00 4.077227463594631368e-02 4.606176578753786235e-03 2.569093276554065483e-02
8.289521341147550529e-03 8.206068759206793309e-03 2.305111361777348322e-02 0.000000000000000000e+00 1.619510465983062253e-03
1.489966767901882913e-02 1.497550549294177601e-02 5.750741810090688293e-03 0.000000000000000000e+00 6.312118283460812465e-05
2.345856503669159661e-03 6.581027837009821406e-03 3.523621944507930310e-04 0.000000000000000000e+00 1.008499087033875490e-03
0.000000000000000000e+00 2.624968965094281494e-03 1.754444877814758134e-03 0.000000000000000000e+00 0.000000000000000000e+00
0.000000000000000000e+00 1.855581509808026334e-03 1.240211034317328887e-03 0.000000000000000000e+00 0.000000000000000000e+00
0.000000000000000000e+00 0.000000000000000000e+00 0.000000000000000000e+00 0.000000000000000000e+00 0.000000000000000000e+00
0.000000000000000000e+00 0.000000000000000000e+00 0.000000000000000000e+00 0.000000000000000000e+00 0.000000000000000000e+00
0.000000000000000000e+00 0.000000000000000000e+00 0.000000000000000000e+00 0.000000000000000000e+00 0.000000000000000000e+00
0.000000000000000000e+00 0.000000000000000000e+00 0.000000000000000000e+00 0.000000000000000000e+00 0.000000000000000000e+00
0.000000000000000000e+00 0.000000000000000000e+00 0.000000000000000000e+00 0.000000000000000000e+00 0.000000000000000000e+00
0.000000000000000000e+00 0.000000000000000000e+00 1.848686434959553176e-03 2.464168946596535510e-04 0.000000000000000000e+00
1.685059269409426227e-04 3.865605186394352032e-04 0.000000000000000000e+00 0.000000000000000000e+00 0.000000000000000000e+00
3.145443969564263448e-03 7.215796347936115698e-03 0.000000000000000000e+00 0.000000000000000000e+00 0.000000000000000000e+00
2.515970831004681052e-03 1.121885333094264567e-02 0.000000000000000000e+00 5.415099733163663935e-03 0.000000000000000000e+00
7.161548551158134109e-03 7.518371351970392323e-03 0.000000000000000000e+00 2.256052832169511482e-02 0.000000000000000000e+00
8.789533754808492166e-03 1.506232700031355336e-02 0.000000000000000000e+00 3.980197924602305731e-02 0.000000000000000000e+00
0.000000000000000000e+00 3.711717423545320832e-02 0.000000000000000000e+00 9.887403345340781136e-02 0.000000000000000000e+00
0.000000000000000000e+00 5.531549330107481122e-02 0.000000000000000000e+00 1.361240544219460558e-01 0.000000000000000000e+00
1.818847367454393474e-03 3.908521591733270933e-02 0.000000000000000000e+00 1.635352485992583871e-01 3.968938186370396526e-02
1.088826638479306955e-02 4.998712651035008142e-02 0.000000000000000000e+00 1.486722735774391457e-01 9.298400315189210563e-02
2.133905517132992508e-02 6.772865519717588545e-02 4.501279770896507611e-03 1.019525214707791699e-01 1.117205276693475774e-01
5.288561089083383682e-02 6.280401705644761412e-02 1.853071488773335926e-02 5.578686963501791607e-02 1.135515998422425982e-01
7.142723688917526625e-02 6.552540163099586368e-02 4.580794055840499424e-02 3.424184141575844359e-02 9.155570939107404715e-02
6.250079888087366198e-02 7.029123420456430404e-02 7.505486015271910227e-02 3.711878373903726436e-02 7.522056687121370100e-02
3.241245232155746253e-02 4.359534339866959901e-02 8.602783167179232915e-02 3.253006301269559947e-02 7.852299736255297091e-02
8.602454819599236399e-03 1.587006678291916217e-02 9.416263507164246427e-02 2.879874237140157139e-02 7.486723857029194129e-02
1.146738044867864209e-02 0.000000000000000000e+00 8.698112019941720008e-02 1.558787391016778177e-02 6.383923645304066807e-02
2.069900835184033863e-03 0.000000000000000000e+00 6.841718478626490629e-02 9.417346425496561646e-03 5.129148549050532163e-02
1.165870304028027160e-02 1.321247319318661316e-02 3.943046788698929828e-02 0.000000000000000000e+00 1.603625984372614166e-02
9.131237725096915184e-03 2.220889513299092316e-02 1.272433337284338377e-02 0.000000000000000000e+00 4.467830367569100916e-03
6.031432380664442441e-03 1.651140279472005853e-02 1.155682385605175284e-02 0.000000000000000000e+00 0.000000000000000000e+00
0.000000000000000000e+00 6.482571462715150390e-03 6.124396541517672550e-03 0.000000000000000000e+00 0.000000000000000000e+00
0.000000000000000000e+00 7.250810494802773301e-03 3.557164383569476340e-03 0.000000000000000000e+00 0.000000000000000000e+00
0.000000000000000000e+00 9.681711393328318663e-03 2.322183175770877687e-03 0.000000000000000000e+00 0.000000000000000000e+00
0.000000000000000000e+00 0.000000000000000000e+00 0.000000000000000000e+00 0.000000000000000000e+00 0.000000000000000000e+00
0.000000000000000000e+00 0.000000000000000000e+00 0.000000000000000000e+00 0.000000000000000000e+00 0.000000000000000000e+00
0.000000000000000000e+00 0.000000000000000000e+00 0.000000000000000000e+00 0.000000000000000000e+00 0.000000000000000000e+00
0.000000000000000000e+00 0.000000000000000000e+00 0.000000000000000000e+00 0.000000000000000000e+00 0.000000000000000000e+00
0.000000000000000000e+00 0.000000000000000000e+00 7.673792748888712137e-04 1.022862581606108387e-04 0.000000000000000000e+00
8.912994585650883730e-04 1.861116151541480001e-03 0.000000000000000000e+00 3.596955095817080928e-04 0.000000000000000000e+00
1.554911530784682449e-03 8.960472391525441116e-03 0.000000000000000000e+00 1.220456745454316302e-02 0.000000000000000000e+00
2.719214149017488633e-03 1.517599998402289520e-02 0.000000000000000000e+00 3.446210057121021353e-02 0.000000000000000000e+00
9.564671567136891553e-03 2.139957298986533418e-02 0.000000000000000000e+00 5.019798574372484612e-02 0.000000000000000000e+00
1.546797636473646806e-02 5.459685343985735267e-02 0.000000000000000000e+00 7.521219225132114161e-02 0.000000000000000000e+00
2.633992659906268102e-02 8.996467841797620157e-02 0.000000000000000000e+00 9.176246829145409678e-02 0.000000000000000000e+00
2.240582399220820628e-02 9.450040455332939238e-02 0.000000000000000000e+00 9.592331872190988651e-02 3.077898516456466574e-02
2.368804458485731027e-02 7.343104655144806758e-02 0.000000000000000000e+00 4.817311158867478710e-02 1.084512821167156055e-01
4.802045020753856891e-02 6.797902564126055702e-02 2.296915536774869846e-03 0.000000000000000000e+00 1.233965918680933055e-01
8.374220145280482364e-02 7.354093897756343312e-02 3.703621450064501636e-02 0.000000000000000000e+00 9.553830535431409587e-02
1.238129266734420836e-01 7.983007970748524917e-02 4.647083173650565224e-02 0.000000000000000000e+00 6.562184070840540451e-02
1.337286202592302131e-01 7.500444080708157379e-02 5.907645593786680499e-02 0.000000000000000000e+00 3.927376002484642831e-02
1.319173752002894828e-01 8.652904677200567995e-02 5.042733608646298576e-02 0.000000000000000000e+00 2.351316497948704315e-02
8.679722134623053809e-02 7.409281111488665028e-02 4.824993502399069906e-02 4.840051830977476661e-03 3.698398846595940537e-02
5.991188430019428468e-02 4.671797295200441624e-02 4.911931581621480775e-02 6.346322286090826104e-03 5.773438627249351945e-02
2.950484209883449255e-02 1.773813938660099773e-02 7.028199356941308706e-02 4.269128427701361812e-03 6.350167481375790235e-02
5.685286303071273271e-03 2.816555836951082758e-03 8.712189356269724183e-02 0.000000000000000000e+00 5.084889537327366010e-02
3.886801434993051620e-03 2.284691780539952269e-02 6.641277426159804265e-02 0.000000000000000000e+00 1.426013498193444071e-02
1.248018399678294671e-02 3.470753975593124374e-02 4.308611757384891300e-02 0.000000000000000000e+00 0.000000000000000000e+00
9.096779002437669140e-03 2.027415190428607031e-02 1.469324195964882840e-02 0.000000000000000000e+00 0.000000000000000000e+00
2.200194061470478381e-03 1.489682656504702843e-02 1.034663011789929352e-02 0.000000000000000000e+00 0.000000000000000000e+00
1.393103303769424248e-03 1.569149838790976498e-02 6.740599681605042269e-03 0.000000000000000000e+00 0.000000000000000000e+00
0.000000000000000000e+00 8.214677581535755405e-03 1.697913557999348663e-03 0.000000000000000000e+00 0.000000000000000000e+00
0.000000000000000000e+00 0.000000000000000000e+00 0.000000000000000000e+00 0.000000000000000000e+00 0.000000000000000000e+00
0.000000000000000000e+00 0.000000000000000000e+00 0.000000000000000000e+00 0.000000000000000000e+00 0.000000000000000000e+00
0.000000000000000000e+00 0.000000000000000000e+00 0.000000000000000000e+00 0.000000000000000000e+00 0.000000000000000000e+00
0.000000000000000000e+00 0.000000000000000000e+00 0.000000000000000000e+00 0.000000000000000000e+00 0.000000000000000000e+00
0.000000000000000000e+00 0.000000000000000000e+00 0.000000000000000000e+00 0.000000000000000000e+00 0.000000000000000000e+00
0.000000000000000000e+00 0.000000000000000000e+00 4.318265138043593651e-04 1.249823908710870866e-02 0.000000000000000000e+00
0.000000000000000000e+00 4.769501053210436700e-03 1.367346881365434435e-04 4.727069234915173140e-02 0.000000000000000000e+00
8.576879528742047468e-03 4.129883031768156326e-02 0.000000000000000000e+00 3.851898394484299520e-02 0.000000000000000000e+00
3.354532277884504643e-02 4.112483632814186579e-02 0.000000000000000000e+00 5.455873624551527135e-02 0.000000000000000000e+00
5.286657777988424539e-02 8.896629236782373218e-02 0.000000000000000000e+00 5.793692457885309122e-02 0.000000000000000000e+00
3.004289094165077736e-02 1.237892652267765931e-01 0.000000000000000000e+00 4.517424840219499971e-02 1.174621560110865499e-02
1.116225068073132404e-02 1.008547975665067264e-01 0.000000000000000000e+00 3.149859705693235090e-02 8.563657723483482365e-02
3.376407452738265647e-02 4.954599747477024529e-02 1.152106374195391303e-02 0.000000000000000000e+00 1.223862420715397942e-01
9.031195802809252604e-02 3.631476334123099475e-02 5.643630800356627675e-02 0.000000000000000000e+00 8.627704416666484577e-02
1.263834100480479838e-01 3.625512975288928269e-02 6.678981544641811319e-02 0.000000000000000000e+00 3.667859293648928487e-02
1.446364201725680865e-01 3.777254230208896418e-02 6.694374986437733044e-02 0.000000000000000000e+00 0.000000000000000000e+00
1.315864871466591590e-01 4.881325682043808484e-02 2.410415074789139592e-02 0.000000000000000000e+00 0.000000000000000000e+00
1.605849179077395716e-01 5.429037318563848663e-02 0.000000000000000000e+00 5.185970619634680187e-03 2.472761752101310453e-03
1.472869042875155632e-01 4.341368546435891984e-02 0.000000000000000000e+00 1.069776762255184206e-02 1.958760515114859463e-02
9.411422655922278835e-02 4.476000261425273213e-02 2.707714185615966995e-02 5.793034316552529706e-03 3.699591394320125154e-02
2.103457381498941015e-02 3.560997780941440455e-02 6.606679326548781095e-02 0.000000000000000000e+00 6.293648298184119361e-02
0.000000000000000000e+00 2.273360776844707970e-02 1.057669131216196490e-01 1.768390777174593887e-03 4.705202364016667499e-02
0.000000000000000000e+00 4.088987713502126309e-02 1.110132679541604162e-01 0.000000000000000000e+00 3.767826951190572649e-03
1.840357361775547818e-03 5.371460445252462107e-02 7.742386673489166926e-02 0.000000000000000000e+00 0.000000000000000000e+00
1.544084371831630845e-02 4.568475349032714156e-02 4.457115547661980731e-02 0.000000000000000000e+00 0.000000000000000000e+00
3.673928709490141466e-03 2.181861139191564047e-02 1.007920003602134906e-02 0.000000000000000000e+00 0.000000000000000000e+00
0.000000000000000000e+00 7.464109980904400261e-03 2.905709012158515757e-03 0.000000000000000000e+00 0.000000000000000000e+00
0.000000000000000000e+00 0.000000000000000000e+00 0.000000000000000000e+00 0.000000000000000000e+00 0.000000000000000000e+00
0.000000000000000000e+00 0.000000000000000000e+00 0.000000000000000000e+00 0.000000000000000000e+00 0.000000000000000000e+00
0.000000000000000000e+00 0.000000000000000000e+00 0.000000000000000000e+00 0.000000000000000000e+00 0.000000000000000000e+00
0.000000000000000000e+00 0.000000000000000000e+00 0.000000000000000000e+00 0.000000000000000000e+00 0.000000000000000000e+00
0.000000000000000000e+00 0.000000000000000000e+00 0.000000000000000000e+00 0.000000000000000000e+00 0.000000000000000000e+00
1.759183144652029605e-03 0.000000000000000000e+00 0.000000000000000000e+00 3.070187204949787873e-03 0.000000000000000000e+00
3.388062418644012964e-03 1.486728505579320257e-03 0.000000000000000000e+00 3.111673850268091221e-02 0.000000000000000000e+00
8.680672246833566127e-03 1.555692529839008097e-02 0.000000000000000000e+00 3.728913904061871565e-02 0.000000000000000000e+00
2.285021461560605982e-02 3.684771735212346438e-02 0.000000000000000000e+00 2.455037928399485953e-02 0.000000000000000000e+00
5.061274083416249236e-02 5.233594232749517322e-02 0.000000000000000000e+00 4.821289872102831053e-02 0.000000000000000000e+00
5.292126788961749179e-02 1.142993642388466929e-01 0.000000000000000000e+00 5.417044815494082011e-02 0.000000000000000000e+00
3.368214152779556297e-02 1.351209482194759282e-01 0.000000000000000000e+00 2.885075708175286260e-02 3.170514974763430360e-02
8.951408344258901875e-03 8.038463000952790483e-02 5.433256961213944400e-03 2.237455875290803031e-02 9.450547392684380266e-02
2.857156751991063448e-02 8.129507007084408807e-03 5.510038788768777812e-02 0.000000000000000000e+00 1.037210365163997311e-01
9.910009186152035632e-02 0.000000000000000000e+00 8.795561233195063611e-02 0.000000000000000000e+00 4.431269940381372258e-02
1.204978735349390984e-01 0.000000000000000000e+00 6.147969536132236873e-02 0.000000000000000000e+00 0.000000000000000000e+00
1.085129061642750581e-01 9.279870901555816939e-03 2.935189241227606841e-02 1.060609575533394584e-02 0.000000000000000000e+00
1.300180899269792467e-01 1.321664158508997766e-02 0.000000000000000000e+00 2.554831513358692130e-02 0.000000000000000000e+00
1.787636316147564464e-01 0.000000000000000000e+00 0.000000000000000000e+00 3.725287970362297502e-02 1.991782964514436649e-02
1.530436090788213077e-01 1.634131442665795117e-02 0.000000000000000000e+00 2.185749605438293275e-02 3.308604756944159148e-02
7.127053834935732912e-02 4.350878348273219676e-02 3.670483890234702007e-02 2.716484794174780018e-02 5.565576325860766699e-02
0.000000000000000000e+00 4.354942300770320296e-02 9.818493399345443184e-02 0.000000000000000000e+00 6.151826139789536019e-02
0.000000000000000000e+00 5.853233017387326348e-02 1.218441599952554549e-01 1.719928284684608477e-03 3.695008339488072696e-02
0.000000000000000000e+00 8.190290654054274699e-02 1.279972527036989660e-01 0.000000000000000000e+00 0.000000000000000000e+00
0.000000000000000000e+00 6.214913170996505531e-02 9.103619206426509514e-02 0.000000000000000000e+00 0.000000000000000000e+00
1.560442336784320910e-03 3.201598126454114485e-02 3.859126503205115299e-02 0.000000000000000000e+00 0.000000000000000000e+00
2.899923711742581102e-03 1.101688731387612079e-02 9.776512484490892940e-03 0.000000000000000000e+00 0.000000000000000000e+00
0.000000000000000000e+00 4.700248786605175388e-04 9.559048695675014884e-05 0.000000000000000000e+00 2.299832113885986930e-04
0.000000000000000000e+00 0.000000000000000000e+00 0.000000000000000000e+00 0.000000000000000000e+00 0.000000000000000000e+00
0.000000000000000000e+00 0.000000000000000000e+00 0.000000000000000000e+00 0.000000000000000000e+00 0.000000000000000000e+00
0.000000000000000000e+00 0.000000000000000000e+00 0.000000000000000000e+00 0.000000000000000000e+00 0.000000000000000000e+00
0.000000000000000000e+00 0.000000000000000000e+00 0.000000000000000000e+00 0.000000000000000000e+00 0.000000000000000000e+00
0.000000000000000000e+00 0.000000000000000000e+00 0.000000000000000000e+00 0.000000000000000000e+00 0.000000000000000000e+00
1.468920883297186730e-02 0.000000000000000000e+00 0.000000000000000000e+00 3.208684565651094816e-03 0.000000000000000000e+00
1.106861277895741270e-02 7.167288044682905770e-03 0.000000000000000000e+00 2.490562893564207680e-02 0.000000000000000000e+00
1.215908180997115305e-02 1.655351481333554309e-02 0.000000000000000000e+00 2.554225579988972372e-02 0.000000000000000000e+00
3.458664087113696994e-02 3.889776561034078567e-02 0.000000000000000000e+00 1.677362663738677512e-02 0.000000000000000000e+00
4.975157773029607183e-02 5.660689492623929842e-02 0.000000000000000000e+00 4.011537372531698287e-02 0.000000000000000000e+00
2.795132080901474927e-02 1.239191593797474567e-01 0.000000000000000000e+00 3.917781599387203800e-02 0.000000000000000000e+00
1.312789790366728458e-02 1.537679893244285334e-01 8.263210390763560398e-03 1.729001656854890073e-02 2.340766437908220476e-02
9.183283254227857934e-03 8.075725725561941348e-02 2.359835405128265021e-02 1.780613533430168080e-02 8.586679424967361141e-02
2.978139604403120047e-02 0.000000000000000000e+00 5.914066975190847286e-02 4.730066414715815987e-02 9.958173628864135096e-02
5.958501971841520528e-02 0.000000000000000000e+00 7.285283256682439923e-02 5.069204581863196585e-02 5.629599961320133628e-02
6.282503790469738669e-02 0.000000000000000000e+00 5.252207742654499412e-02 5.273105235417254594e-02 5.854596856215673988e-03
1.023360277477914221e-01 0.000000000000000000e+00 2.033940673228215590e-02 5.517281589731044128e-02 0.000000000000000000e+00
1.836613650437742273e-01 0.000000000000000000e+00 0.000000000000000000e+00 6.505022810705156366e-02 1.120617671705746894e-02
1.856649747222266222e-01 0.000000000000000000e+00 0.000000000000000000e+00 5.362316542124826585e-02 3.746174424473101144e-02
9.020450739879649904e-02 7.984537310190286535e-03 3.121454560344536291e-02 4.516778958311222503e-02 6.374803179329018021e-02
0.000000000000000000e+00 6.114854145445706990e-02 8.871832509692063884e-02 4.062419553739126526e-02 7.327662881316775179e-02
0.000000000000000000e+00 8.927389885654932189e-02 1.112633603487533235e-01 1.866675427819514468e-02 5.272948762941469247e-02
0.000000000000000000e+00 8.080184358921506382e-02 1.243426990491888762e-01 0.000000000000000000e+00 1.384222602799523028e-02
0.000000000000000000e+00 6.786546548121157041e-02 9.014532288415769146e-02 0.000000000000000000e+00 0.000000000000000000e+00
0.000000000000000000e+00 2.784108668409931292e-02 4.540673941815626807e-02 0.000000000000000000e+00 0.000000000000000000e+00
0.000000000000000000e+00 6.648989824776695839e-03 1.179156159183523435e-02 0.000000000000000000e+00 4.079581601851561302e-03
0.000000000000000000e+00 0.000000000000000000e+00 3.531378857150924188e-04 1.807755188755750262e-03 5.191746009146780243e-03
0.000000000000000000e+00 0.000000000000000000e+00 0.000000000000000000e+00 9.436622381924410913e-04 2.633046186760952621e-03
0.000000000000000000e+00 0.000000000000000000e+00 0.000000000000000000e+00 0.000000000000000000e+00 0.000000000000000000e+00
0.000000000000000000e+00 0.000000000000000000e+00 0.000000000000000000e+00 0.000000000000000000e+00 0.000000000000000000e+00
0.000000000000000000e+00 0.000000000000000000e+00 0.000000000000000000e+00 0.000000000000000000e+00 0.000000000000000000e+00
0.000000000000000000e+00 0.000000000000000000e+00 0.000000000000000000e+00 0.000000000000000000e+00 0.000000000000000000e+00
0.000000000000000000e+00 0.000000000000000000e+00 0.000000000000000000e+00 0.000000000000000000e+00 0.000000000000000000e+00
1.658953707307733727e-02 0.000000000000000000e+00 0.000000000000000000e+00 3.360164771147071232e-03 0.000000000000000000e+00
1.363214385913825988e-02 7.902516129528488684e-03 0.000000000000000000e+00 1.694561648415605568e-02 0.000000000000000000e+00
1.304628121480815375e-02 1.281663480749511454e-02 0.000000000000000000e+00 2.701521295982696816e-02 0.000000000000000000e+00
3.384584132589926048e-02 1.738255938777534190e-02 0.000000000000000000e+00 2.451974871800701936e-02 0.000000000000000000e+00
3.933697724137209806e-02 5.158676112821596049e-02 0.000000000000000000e+00 3.315242374901591210e-02 0.000000000000000000e+00
1.161180788180612641e-02 1.417437885238296280e-01 3.432198032680508059e-03 1.289085965633906920e-02 0.000000000000000000e+00
1.174122952075040520e-02 1.686897355124747921e-01 1.245442984424175933e-02 7.194702310927426903e-03 5.677403451025991865e-03
1.349568330299066171e-02 1.172358804191071524e-01 2.374347526850832668e-02 2.253474210220062293e-02 6.293321661853543136e-02
1.838650940794354233e-02 0.000000000000000000e+00 3.517704117331185709e-02 9.077825365869728047e-02 1.076768971666330760e-01
2.150481086953952639e-02 0.000000000000000000e+00 7.056952383052678135e-02 1.242148298576146587e-01 7.477644346246563323e-02
6.715029463477027727e-02 0.000000000000000000e+00 4.308344068592977888e-02 1.190026960834272979e-01 2.679533476187640623e-02
1.567626298728416745e-01 0.000000000000000000e+00 1.370037362206805165e-02 8.081310124921411986e-02 1.698596257189014663e-02
1.798202107014195139e-01 0.000000000000000000e+00 0.000000000000000000e+00 6.162211948997310673e-02 5.323493492781636305e-02
7.895388079714363294e-02 0.000000000000000000e+00 4.853636118741222472e-02 6.454195873333885836e-02 8.109577189257471952e-02
0.000000000000000000e+00 6.696691500966035770e-02 9.381644390081253504e-02 4.241131657843279917e-02 8.108063887263906866e-02
0.000000000000000000e+00 1.129663830803764035e-01 1.109698770181918037e-01 9.045467565349378167e-03 5.271941937541740203e-02
0.000000000000000000e+00 1.070154859411432263e-01 1.177414975439158989e-01 0.000000000000000000e+00 1.174119193821141459e-02
0.000000000000000000e+00 5.962233289958415033e-02 7.869134349547618479e-02 0.000000000000000000e+00 0.000000000000000000e+00
0.000000000000000000e+00 3.359654672258157587e-02 4.052048603934423759e-02 0.000000000000000000e+00 0.000000000000000000e+00
0.000000000000000000e+00 9.930790173822029790e-03 6.378393780028623720e-03 0.000000000000000000e+00 0.000000000000000000e+00
0.000000000000000000e+00 0.000000000000000000e+00 3.337807277365528150e-04 4.738328034045810751e-04 1.454921988447364836e-03
0.000000000000000000e+00 0.000000000000000000e+00 0.000000000000000000e+00 3.674437033669679257e-04 1.025256922278600710e-03
0.000000000000000000e+00 0.000000000000000000e+00 0.000000000000000000e+00 0.000000000000000000e+00 0.000000000000000000e+00
0.000000000000000000e+00 0.000000000000000000e+00 0.000000000000000000e+00 0.000000000000000000e+00 0.000000000000000000e+00
0.000000000000000000e+00 0.000000000000000000e+00 0.000000000000000000e+00 0.000000000000000000e+00 0.000000000000000000e+00
0.000000000000000000e+00 0.000000000000000000e+00 0.000000000000000000e+00 0.000000000000000000e+00 0.000000000000000000e+00
0.000000000000000000e+00 0.000000000000000000e+00 0.000000000000000000e+00 0.000000000000000000e+00 0.000000000000000000e+00
0.000000000000000000e+00 0.000000000000000000e+00 0.000000000000000000e+00 0.000000000000000000e+00 0.000000000000000000e+00
1.663767171844563256e-02 0.000000000000000000e+00 0.000000000000000000e+00 2.360312139188433175e-03 0.000000000000000000e+00
1.621946725242850995e-02 4.871437098731527674e-04 0.000000000000000000e+00 6.668745121608093615e-03 0.000000000000000000e+00
1.596150623373728331e-02 0.000000000000000000e+00 0.000000000000000000e+00 2.306620094274158123e-02 0.000000000000000000e+00
3.404949298369862321e-02 1.211455415689606172e-02 0.000000000000000000e+00 2.328829253730634388e-02 0.000000000000000000e+00
3.675232506748383338e-02 4.366436158407401708e-02 0.000000000000000000e+00 1.581305657033975354e-02 0.000000000000000000e+00
3.612256189156127367e-02 1.107642709342945980e-01 6.905530195249811112e-03 2.685214646346805508e-03 0.000000000000000000e+00
4.785600608242210341e-02 1.542960000810981447e-01 5.349487462510463080e-03 0.000000000000000000e+00 0.000000000000000000e+00
4.750350620219399855e-02 1.380339726626140795e-01 6.926827849371733521e-03 8.668391767688004429e-03 3.790101589276188843e-02
2.096373402990437187e-02 5.033877542821650619e-02 2.967172717577043484e-02 7.215568909749665860e-02 9.606105819722446371e-02
9.736497712479983205e-03 0.000000000000000000e+00 6.052720758200724055e-02 1.604960952045569877e-01 9.244651980850825124e-02
8.805492780419466037e-02 0.000000000000000000e+00 4.182807347431032052e-02 1.716741915225202531e-01 6.461028013627306832e-02
1.459484912647158461e-01 0.000000000000000000e+00 3.834736080070032249e-02 1.178222078808714435e-01 6.562775701236017722e-02
6.632961739016253466e-02 2.033148711756322877e-02 7.165914145989653317e-02 8.295263172295354315e-02 8.786523408471667851e-02
0.000000000000000000e+00 8.037664363534574585e-02 1.025066697369314411e-01 4.403195608914790143e-02 8.256700670672982578e-02
0.000000000000000000e+00 1.283033885306250343e-01 1.146709013957393913e-01 4.053258179581919335e-03 4.678578352673914975e-02
0.000000000000000000e+00 1.172545458094077370e-01 9.655178305268222183e-02 0.000000000000000000e+00 9.001923143063294067e-03
0.000000000000000000e+00 7.406650709877792005e-02 5.200025876513150735e-02 0.000000000000000000e+00 0.000000000000000000e+00
0.000000000000000000e+00 4.411903738184105861e-02 1.781239758908009785e-02 0.000000000000000000e+00 0.000000000000000000e+00
0.000000000000000000e+00 1.580550015091767083e-02 2.651785941387674230e-03 2.229249248453638293e-03 0.000000000000000000e+00
0.000000000000000000e+00 8.911207653598002959e-03 0.000000000000000000e+00 2.203080753749793539e-03 0.000000000000000000e+00
0.000000000000000000e+00 4.733007684534992938e-03 0.000000000000000000e+00 1.163123112085395284e-03 0.000000000000000000e+00
0.000000000000000000e+00 0.000000000000000000e+00 0.000000000000000000e+00 0.000000000000000000e+00 0.000000000000000000e+00
0.000000000000000000e+00 0.000000000000000000e+00 0.000000000000000000e+00 0.000000000000000000e+00 0.000000000000000000e+00
0.000000000000000000e+00 0.000000000000000000e+00 0.000000000000000000e+00 0.000000000000000000e+00 0.000000000000000000e+00
0.000000000000000000e+00 0.000000000000000000e+00 0.000000000000000000e+00 0.000000000000000000e+00 0.000000000000000000e+00
0.000000000000000000e+00 0.000000000000000000e+00 0.000000000000000000e+00 0.000000000000000000e+00 0.000000000000000000e+00
0.000000000000000000e+00 0.000000000000000000e+00 0.000000000000000000e+00 0.000000000000000000e+00 0.000000000000000000e+00
0.000000000000000000e+00 0.000000000000000000e+00 0.000000000000000000e+00 0.000000000000000000e+00 0.000000000000000000e+00
3.748408252772335129e-03 0.000000000000000000e+00 0.000000000000000000e+00 5.317699285918602763e-04 0.000000000000000000e+00
3.733082687525674393e-03 0.000000000000000000e+00 0.000000000000000000e+00 1.278153398208128552e-03 0.000000000000000000e+00
1.235175033126064727e-02 0.000000000000000000e+00 0.000000000000000000e+00 1.515827443302565636e-02 0.000000000000000000e+00
2.631762778924185558e-02 6.278142931082536168e-03 0.000000000000000000e+00 1.816796820183555483e-02 0.000000000000000000e+00
3.960903370920268451e-02 2.650495112843944887e-02 1.677552145337622702e-03 1.154371014530962067e-02 0.000000000000000000e+00
4.192130705310244398e-02 6.696985861617513192e-02 1.161524614043643426e-02 0.000000000000000000e+00 0.000000000000000000e+00
6.634263008522417460e-02 1.116573780174916208e-01 6.433491865044578886e-03 0.000000000000000000e+00 0.000000000000000000e+00
7.527069898109697843e-02 1.317271336859247577e-01 5.232082102581706029e-03 0.000000000000000000e+00 1.273913274101296129e-02
6.168319233830266840e-02 8.430540553561777228e-02 3.691306491034983261e-02 6.383970684316894739e-02 7.224736077444397775e-02
7.085427579289889366e-02 1.160105801748228388e-02 4.511812122547782106e-02 1.297241989255966954e-01 1.084662299312128403e-01
9.553121759201500807e-02 3.643755336218156438e-03 5.607372354537489001e-02 1.338058736472387267e-01 1.031198882646037346e-01
7.011798761248434764e-02 3.425788627991582791e-02 8.143590791683946728e-02 1.057753250403573875e-01 9.215154782864448668e-02
0.000000000000000000e+00 7.845622664999324369e-02 1.025012345246690271e-01 8.170685462470252125e-02 8.382336546891468176e-02
0.000000000000000000e+00 1.181286423633412103e-01 1.019990625039197407e-01 3.825250397006259295e-02 3.951856662744110404e-02
0.000000000000000000e+00 1.173082473539527604e-01 5.902895921825349057e-02 1.005896818857675941e-03 0.000000000000000000e+00
0.000000000000000000e+00 7.290960683151254118e-02 2.449904695644240793e-02 0.000000000000000000e+00 0.000000000000000000e+00
0.000000000000000000e+00 3.314780033852151447e-02 4.138880332715606965e-03 0.000000000000000000e+00 6.590078578376587103e-05
0.000000000000000000e+00 1.804398392775750579e-02 0.000000000000000000e+00 5.938977533884648094e-04 3.837603587639009262e-03
0.000000000000000000e+00 1.146875487958575086e-02 0.000000000000000000e+00 2.367100953303172967e-03 5.876998507129083983e-03
0.000000000000000000e+00 1.008123122021181185e-02 0.000000000000000000e+00 1.760600971393479512e-03 3.431190290777985218e-03
0.000000000000000000e+00 9.849655776851103106e-03 0.000000000000000000e+00 2.343168701510423609e-03 2.828431922843219985e-04
0.000000000000000000e+00 1.923986863632111063e-03 0.000000000000000000e+00 4.728142732054448701e-04 0.000000000000000000e+00
0.000000000000000000e+00 0.000000000000000000e+00 0.000000000000000000e+00 0.000000000000000000e+00 0.000000000000000000e+00
0.000000000000000000e+00 0.000000000000000000e+00 0.000000000000000000e+00 0.000000000000000000e+00 0.000000000000000000e+00
0.000000000000000000e+00 0.000000000000000000e+00 0.000000000000000000e+00 0.000000000000000000e+00 0.000000000000000000e+00
0.000000000000000000e+00 0.000000000000000000e+00 0.000000000000000000e+00 0.000000000000000000e+00 0.000000000000000000e+00
0.000000000000000000e+00 0.000000000000000000e+00 0.000000000000000000e+00 0.000000000000000000e+00 0.000000000000000000e+00
0.000000000000000000e+00 0.000000000000000000e+00 0.000000000000000000e+00 0.000000000000000000e+00 0.000000000000000000e+00
0.000000000000000000e+00 0.000000000000000000e+00 0.000000000000000000e+00 0.000000000000000000e+00 0.000000000000000000e+00
0.000000000000000000e+00 0.000000000000000000e+00 0.000000000000000000e+00 0.000000000000000000e+00 0.000000000000000000e+00
8.787248861448229698e-03 0.000000000000000000e+00 0.000000000000000000e+00 5.669902869038574711e-03 0.000000000000000000e+00
1.573735885156772249e-02 1.066930595411735763e-03 0.000000000000000000e+00 1.458147937705897047e-02 0.000000000000000000e+00
1.533977509603733254e-02 4.556414414722305926e-03 6.903274293087764820e-04 1.761972077534099124e-02 0.000000000000000000e+00
2.152371679071865551e-02 3.055633153933468363e-02 1.554313154262945695e-02 2.001197945037289788e-02 0.000000000000000000e+00
1.330676886166421054e-02 6.611503859477024792e-02 3.044885591755399495e-02 3.545456936558948058e-02 0.000000000000000000e+00
4.423837730509175281e-02 7.081712160694900171e-02 3.765882397664459258e-02 4.237056337608092332e-02 6.904828412775745015e-03
9.690316012411015478e-02 6.292958095198215862e-02 6.437286796592453508e-02 6.750107687191216066e-02 5.706460659682612707e-02
9.651352182554527592e-02 5.598538522424743175e-02 7.394846772298829807e-02 7.065138658391856286e-02 9.617021538335888964e-02
9.695466628099300155e-02 7.304139747675304772e-02 8.378878024141832304e-02 5.746464423668577737e-02 9.077426104694426290e-02
3.756773013627328489e-02 8.114743462764487103e-02 7.930208064240527877e-02 6.465260420128464414e-02 9.711348700273832180e-02
0.000000000000000000e+00 9.551862739274495639e-02 5.880180942092948226e-02 6.945013564327218170e-02 6.180365917144305110e-02
0.000000000000000000e+00 8.915467017695480334e-02 2.633776970807124793e-02 6.554555662904421043e-02 1.033643932413163928e-02
0.000000000000000000e+00 4.739719115926974841e-02 8.120804311362861405e-03 6.170259190248250647e-02 0.000000000000000000e+00
0.000000000000000000e+00 2.380898816633444590e-02 3.183396683369753809e-03 4.663951811429991462e-02 0.000000000000000000e+00
0.000000000000000000e+00 7.874590344589029942e-03 0.000000000000000000e+00 1.256650472372975585e-02 3.634442859553574899e-03
0.000000000000000000e+00 1.781414693278551148e-03 0.000000000000000000e+00 0.000000000000000000e+00 6.385174028407254385e-03
0.000000000000000000e+00 2.558473993196860603e-03 0.000000000000000000e+00 0.000000000000000000e+00 6.453645736995517607e-03
0.000000000000000000e+00 8.729986810819340831e-03 0.000000000000000000e+00 9.592431102184477898e-04 5.756850024033637048e-03
0.000000000000000000e+00 8.268341398905644860e-03 0.000000000000000000e+00 1.882366226302994040e-03 6.543417729364740636e-04
0.000000000000000000e+00 3.847973727264222452e-04 0.000000000000000000e+00 9.456285464108902551e-05 0.000000000000000000e+00
0.000000000000000000e+00 0.000000000000000000e+00 0.000000000000000000e+00 0.000000000000000000e+00 0.000000000000000000e+00
0.000000000000000000e+00 0.000000000000000000e+00 0.000000000000000000e+00 0.000000000000000000e+00 0.000000000000000000e+00
0.000000000000000000e+00 0.000000000000000000e+00 0.000000000000000000e+00 0.000000000000000000e+00 0.000000000000000000e+00
0.000000000000000000e+00 0.000000000000000000e+00 0.000000000000000000e+00 0.000000000000000000e+00 0.000000000000000000e+00
0.000000000000000000e+00 0.000000000000000000e+00 0.000000000000000000e+00 0.000000000000000000e+00 0.000000000000000000e+00
0.000000000000000000e+00 0.000000000000000000e+00 0.000000000000000000e+00 0.000000000000000000e+00 0.000000000000000000e+00
0.000000000000000000e+00 0.000000000000000000e+00 0.000000000000000000e+00 0.000000000000000000e+00 0.000000000000000000e+00
0.000000000000000000e+00 0.000000000000000000e+00 1.007378607150961279e-04 0.000000000000000000e+00 3.650016763899423169e-04
0.000000000000000000e+00 0.000000000000000000e+00 1.166438387227437779e-04 0.000000000000000000e+00 4.226335200304588030e-04
0.000000000000000000e+00 0.000000000000000000e+00 2.578940229473920278e-04 1.780776646755949984e-03 1.131396900141305902e-03
1.005115978876497439e-03 0.000000000000000000e+00 2.844139161165623250e-03 8.023059348864134549e-03 2.358460915569585148e-03
0.000000000000000000e+00 2.087884832366136440e-03 2.196897695790585650e-02 5.318483660207085767e-02 0.000000000000000000e+00
3.606403150453756546e-04 9.841355452624721972e-03 5.632628197322129410e-02 8.198672664935673093e-02 0.000000000000000000e+00
2.475868957828215866e-02 1.260932396251395436e-02 1.037755880737079306e-01 8.330443499170014920e-02 2.518148055832360177e-02
8.442954888360346133e-02 5.746805763877072676e-02 1.007968416375835535e-01 5.112532960195347725e-02 5.772094345052913855e-02
8.655544423616308436e-02 1.049743737890994066e-01 9.281936337130033965e-02 2.327944186120281533e-02 7.002828430495450229e-02
8.168923573883989098e-02 1.058594862515746943e-01 8.272826520394506444e-02 1.223694454864864348e-02 8.205081291922411424e-02
5.813016831598120243e-02 9.979009139836757247e-02 2.839584598090280285e-02 1.633441907453137693e-02 9.897460611954531084e-02
6.333911464271384240e-02 7.489818079983351362e-02 0.000000000000000000e+00 4.950551279364821117e-02 5.482374460565003771e-02
4.170246920856750250e-02 4.473025910219312340e-02 0.000000000000000000e+00 9.137775849824106289e-02 0.000000000000000000e+00
0.000000000000000000e+00 4.245545361751230408e-03 0.000000000000000000e+00 9.197481582008847079e-02 0.000000000000000000e+00
0.000000000000000000e+00 0.000000000000000000e+00 1.170598901629569307e-03 7.412546755728272041e-02 0.000000000000000000e+00
0.000000000000000000e+00 8.714153705746905667e-04 6.270779723019720897e-04 3.975087418310399578e-02 0.000000000000000000e+00
0.000000000000000000e+00 5.725157063208082681e-04 0.000000000000000000e+00 4.333409709321023665e-03 1.484983777217537774e-03
0.000000000000000000e+00 1.915902312803360018e-04 0.000000000000000000e+00 0.000000000000000000e+00 1.954545122607739306e-03
0.000000000000000000e+00 4.976369643645108855e-05 0.000000000000000000e+00 0.000000000000000000e+00 5.076740578201916192e-04
0.000000000000000000e+00 1.577669228178330690e-03 0.000000000000000000e+00 3.877077040284650222e-04 0.000000000000000000e+00
0.000000000000000000e+00 0.000000000000000000e+00 0.000000000000000000e+00 0.000000000000000000e+00 0.000000000000000000e+00
0.000000000000000000e+00 0.000000000000000000e+00 0.000000000000000000e+00 0.000000000000000000e+00 0.000000000000000000e+00
0.000000000000000000e+00 0.000000000000000000e+00 0.000000000000000000e+00 0.000000000000000000e+00 0.000000000000000000e+00
0.000000000000000000e+00 0.000000000000000000e+00 0.000000000000000000e+00 0.000000000000000000e+00 0.000000000000000000e+00
0.000000000000000000e+00 0.000000000000000000e+00 0.000000000000000000e+00 0.000000000000000000e+00 0.000000000000000000e+00
0.000000000000000000e+00 0.000000000000000000e+00 0.000000000000000000e+00 0.000000000000000000e+00 0.000000000000000000e+00
0.000000000000000000e+00 0.000000000000000000e+00 0.000000000000000000e+00 0.000000000000000000e+00 0.000000000000000000e+00
0.000000000000000000e+00 0.000000000000000000e+00 0.000000000000000000e+00 0.000000000000000000e+00 0.000000000000000000e+00
0.000000000000000000e+00 0.000000000000000000e+00 5.301992669215597624e-06 0.000000000000000000e+00 1.921061454683906699e-05
0.000000000000000000e+00 0.000000000000000000e+00 2.007087644382258174e-04 1.642881220671175242e-03 1.904038558619237714e-03
0.000000000000000000e+00 0.000000000000000000e+00 2.065398521991645628e-03 6.696856507274024164e-03 5.975306588664431977e-03
0.000000000000000000e+00 0.000000000000000000e+00 1.719617651660732688e-02 2.819906329754382976e-02 4.443935895527951693e-03
0.000000000000000000e+00 0.000000000000000000e+00 5.611353479877979195e-02 7.213165952173930529e-02 4.717959112438308532e-03
0.000000000000000000e+00 0.000000000000000000e+00 1.129792751636682219e-01 1.020881720572828916e-01 2.261423309210191038e-02
4.306955594178742130e-02 2.701352984286439773e-02 1.166314428839075601e-01 5.324012737034536369e-02 5.640065068087145306e-02
1.084455527758391713e-01 9.912968026914470432e-02 9.124643582675236175e-02 3.526073282951255102e-03 5.027256910697255887e-02
7.155499232528475528e-02 1.306702401302863026e-01 8.055876528682878734e-02 0.000000000000000000e+00 4.988350518429267300e-02
5.484172221766010075e-02 9.858680648326015317e-02 7.349896955458128101e-02 0.000000000000000000e+00 7.813880600423672718e-02
4.577964322705049827e-02 7.832745067365538827e-02 4.474412227551976054e-03 0.000000000000000000e+00 1.111080877767266634e-01
8.194252531702364561e-02 6.528027974187308735e-02 0.000000000000000000e+00 3.257763862847750519e-02 8.054094858152002767e-02
8.479950320633354577e-02 4.951596838193190325e-02 0.000000000000000000e+00 7.035180822813295876e-02 1.511649097306809464e-02
4.088431290195486401e-02 3.571788696469158607e-03 0.000000000000000000e+00 1.042725613028155085e-01 0.000000000000000000e+00
0.000000000000000000e+00 0.000000000000000000e+00 3.434995794554758833e-04 8.670254564033959277e-02 0.000000000000000000e+00
0.000000000000000000e+00 0.000000000000000000e+00 8.802071552611397034e-04 6.733021510786257879e-02 0.000000000000000000e+00
0.000000000000000000e+00 0.000000000000000000e+00 1.714782821416849885e-03 3.891573703623742164e-02 0.000000000000000000e+00
0.000000000000000000e+00 1.401121315697110886e-04 9.651769861752762232e-05 2.088080624301478540e-03 0.000000000000000000e+00
0.000000000000000000e+00 0.000000000000000000e+00 0.000000000000000000e+00 0.000000000000000000e+00 0.000000000000000000e+00
0.000000000000000000e+00 0.000000000000000000e+00 0.000000000000000000e+00 0.000000000000000000e+00 0.000000000000000000e+00
0.000000000000000000e+00 0.000000000000000000e+00 0.000000000000000000e+00 0.000000000000000000e+00 0.000000000000000000e+00
0.000000000000000000e+00 0.000000000000000000e+00 0.000000000000000000e+00 0.000000000000000000e+00 0.000000000000000000e+00
0.000000000000000000e+00 0.000000000000000000e+00 0.000000000000000000e+00 0.000000000000000000e+00 0.000000000000000000e+00
0.000000000000000000e+00 0.000000000000000000e+00 0.000000000000000000e+00 0.000000000000000000e+00 0.000000000000000000e+00
0.000000000000000000e+00 0.000000000000000000e+00 0.000000000000000000e+00 0.000000000000000000e+00 0.000000000000000000e+00
0.000000000000000000e+00 0.000000000000000000e+00 0.000000000000000000e+00 0.000000000000000000e+00 0.000000000000000000e+00
0.000000000000000000e+00 0.000000000000000000e+00 0.000000000000000000e+00 0.000000000000000000e+00 0.000000000000000000e+00
0.000000000000000000e+00 0.000000000000000000e+00 0.000000000000000000e+00 0.000000000000000000e+00 0.000000000000000000e+00
0.000000000000000000e+00 0.000000000000000000e+00 0.000000000000000000e+00 0.000000000000000000e+00 0.000000000000000000e+00
0.000000000000000000e+00 0.000000000000000000e+00 7.923028099530859828e-04 4.184496666012420783e-03 4.749061081050352795e-03
0.000000000000000000e+00 0.000000000000000000e+00 1.541755675159348082e-02 1.780797693280952027e-02 4.613370264300712710e-03
0.000000000000000000e+00 0.000000000000000000e+00 7.195673378758914163e-02 4.925987168738955868e-02 0.000000000000000000e+00
0.000000000000000000e+00 0.000000000000000000e+00 1.300900392438166520e-01 7.009171257386699605e-02 1.592509395915990555e-02
3.409582952891528139e-04 2.242003997156011633e-02 1.287104204457793777e-01 7.037437043268270076e-02 5.592909127606922326e-02
6.085723539393708692e-02 8.333845014750326796e-02 7.974086886352965697e-02 2.831444581917699418e-02 6.649588211922290160e-02
1.047358744571616068e-01 1.277278435094493236e-01 3.589959758561852426e-02 0.000000000000000000e+00 4.114009434581753638e-02
9.302762720188194334e-02 1.175934200845020206e-01 5.351919614605513131e-02 0.000000000000000000e+00 1.427739494596633185e-02
2.224183824970761558e-02 6.086328980883320972e-02 9.273635335439511795e-02 0.000000000000000000e+00 6.122039056704541016e-02
8.717643081522407278e-04 4.328031395488154270e-02 2.857169796292270691e-02 0.000000000000000000e+00 1.123570026990940579e-01
3.352457317621219263e-02 6.270951100138405510e-02 0.000000000000000000e+00 0.000000000000000000e+00 1.074149240577566139e-01
8.103529335054068805e-02 6.842868644143643153e-02 0.000000000000000000e+00 4.207345046017740148e-02 3.379013405380859592e-02
8.054668297486240747e-02 3.763798417735259028e-02 0.000000000000000000e+00 8.802881592210998196e-02 0.000000000000000000e+00
3.101505405986636904e-02 0.000000000000000000e+00 0.000000000000000000e+00 8.064957595262861600e-02 0.000000000000000000e+00
0.000000000000000000e+00 0.000000000000000000e+00 9.785587776872106138e-05 9.188740373062055655e-02 0.000000000000000000e+00
0.000000000000000000e+00 0.000000000000000000e+00 0.000000000000000000e+00 6.189637460947850639e-02 0.000000000000000000e+00
3.078424558963980314e-03 0.000000000000000000e+00 0.000000000000000000e+00 1.566224670191720611e-02 0.000000000000000000e+00
5.918539346482634472e-04 0.000000000000000000e+00 0.000000000000000000e+00 8.396367293555693709e-05 0.000000000000000000e+00
0.000000000000000000e+00 0.000000000000000000e+00 0.000000000000000000e+00 0.000000000000000000e+00 0.000000000000000000e+00
0.000000000000000000e+00 0.000000000000000000e+00 0.000000000000000000e+00 0.000000000000000000e+00 0.000000000000000000e+00
0.000000000000000000e+00 0.000000000000000000e+00 0.000000000000000000e+00 0.000000000000000000e+00 0.000000000000000000e+00
0.000000000000000000e+00 0.000000000000000000e+00 0.000000000000000000e+00 0.000000000000000000e+00 0.000000000000000000e+00
0.000000000000000000e+00 0.000000000000000000e+00 0.000000000000000000e+00 0.000000000000000000e+00 0.000000000000000000e+00
0.000000000000000000e+00 0.000000000000000000e+00 0.000000000000000000e+00 0.000000000000000000e+00 0.000000000000000000e+00
0.000000000000000000e+00 0.000000000000000000e+00 0.000000000000000000e+00 0.000000000000000000e+00 0.000000000000000000e+00
0.000000000000000000e+00 0.000000000000000000e+00 0.000000000000000000e+00 0.000000000000000000e+00 0.000000000000000000e+00
0.000000000000000000e+00 0.000000000000000000e+00 0.000000000000000000e+00 0.000000000000000000e+00 0.000000000000000000e+00
0.000000000000000000e+00 0.000000000000000000e+00 2.059846585039353385e-04 1.596977261944091276e-03 1.838202230019399296e-03
0.000000000000000000e+00 0.000000000000000000e+00 7.237098189188047141e-03 6.379056201622696105e-03 3.600578772721858833e-03
0.000000000000000000e+00 0.000000000000000000e+00 5.800134506898223935e-02 3.003572261914046193e-02 0.000000000000000000e+00
0.000000000000000000e+00 0.000000000000000000e+00 1.283310447345077931e-01 4.262138490660630219e-02 0.000000000000000000e+00
0.000000000000000000e+00 1.981669596416745990e-02 1.456249811702353403e-01 4.539122554175110263e-02 4.715314745943245678e-02
1.223188871109924698e-02 7.693144540687422983e-02 7.915997608349667480e-02 3.242925941368870330e-02 8.083062212305966443e-02
6.929639955803634788e-02 1.119467252242053873e-01 0.000000000000000000e+00 2.443948946251273341e-04 7.340436066998312636e-02
1.268395709908940738e-01 1.109039684035580953e-01 4.844297672898598833e-03 0.000000000000000000e+00 3.441141927197100773e-03
1.085926608557478967e-01 7.371183384004398320e-02 6.459514896845933163e-02 0.000000000000000000e+00 0.000000000000000000e+00
2.592247919915973906e-02 1.472025178387638758e-02 1.138775008726336940e-01 0.000000000000000000e+00 3.806927591425424140e-02
0.000000000000000000e+00 1.035686784913748652e-02 4.611698106031496269e-02 0.000000000000000000e+00 1.090886066210642463e-01
7.747317578510192967e-03 4.860328721660817086e-02 0.000000000000000000e+00 0.000000000000000000e+00 1.157547860218607061e-01
6.620645829608566568e-02 8.957758574629728909e-02 0.000000000000000000e+00 3.060697802786141626e-03 3.669869012636371025e-02
8.413720485120952663e-02 7.049032986594731820e-02 0.000000000000000000e+00 5.910045871406074958e-02 0.000000000000000000e+00
6.252962093503121321e-02 1.059728480728738299e-02 0.000000000000000000e+00 8.936746748294510656e-02 0.000000000000000000e+00
5.779113276102441042e-03 0.000000000000000000e+00 0.000000000000000000e+00 9.496471389927765849e-02 0.000000000000000000e+00
0.000000000000000000e+00 0.000000000000000000e+00 1.160433242640467391e-04 8.123099174971942782e-02 0.000000000000000000e+00
1.029556412177439449e-02 0.000000000000000000e+00 0.000000000000000000e+00 2.674251710971986204e-02 0.000000000000000000e+00
8.611976360138459338e-03 0.000000000000000000e+00 0.000000000000000000e+00 1.357843991446770456e-03 0.000000000000000000e+00
0.000000000000000000e+00 0.000000000000000000e+00 0.000000000000000000e+00 0.000000000000000000e+00 0.000000000000000000e+00
0.000000000000000000e+00 0.000000000000000000e+00 0.000000000000000000e+00 0.000000000000000000e+00 0.000000000000000000e+00
0.000000000000000000e+00 0.000000000000000000e+00 0.000000000000000000e+00 0.000000000000000000e+00 0.000000000000000000e+00
0.000000000000000000e+00 0.000000000000000000e+00 0.000000000000000000e+00 0.000000000000000000e+00 0.000000000000000000e+00
0.000000000000000000e+00 0.000000000000000000e+00 0.000000000000000000e+00 0.000000000000000000e+00 0.000000000000000000e+00
0.000000000000000000e+00 0.000000000000000000e+00 0.000000000000000000e+00 0.000000000000000000e+00 0.000000000000000000e+00
0.000000000000000000e+00 0.000000000000000000e+00 0.000000000000000000e+00 0.000000000000000000e+00 0.000000000000000000e+00
0.000000000000000000e+00 0.000000000000000000e+00 0.000000000000000000e+00 0.000000000000000000e+00 0.000000000000000000e+00
0.000000000000000000e+00 0.000000000000000000e+00 0.000000000000000000e+00 0.000000000000000000e+00 0.000000000000000000e+00
0.000000000000000000e+00 0.000000000000000000e+00 4.465235632341795803e-03 2.348725455623535720e-03 9.139020784829867848e-04
4.734429524752665000e-03 0.000000000000000000e+00 3.694030707109884765e-02 7.469525231484380572e-03 0.000000000000000000e+00
0.000000000000000000e+00 0.000000000000000000e+00 1.038239020832630588e-01 3.487336229801134974e-02 0.000000000000000000e+00
0.000000000000000000e+00 0.000000000000000000e+00 1.522017504839838775e-01 3.017861409416500856e-02 2.528222217636129018e-02
0.000000000000000000e+00 4.493433454290798879e-02 9.843616432049857867e-02 3.058483922374587854e-02 8.411249546891305662e-02
9.758677004708147390e-03 1.021073981652460827e-01 0.000000000000000000e+00 2.704947700917607889e-02 9.244369739921269591e-02
9.188949362481495242e-02 9.030843485331779830e-02 0.000000000000000000e+00 1.645969352877533001e-02 3.855318956036808686e-02
1.534748391994232020e-01 5.811575254348568670e-02 1.544926792947117454e-02 0.000000000000000000e+00 0.000000000000000000e+00
1.215813995996702923e-01 2.196437070383796403e-02 9.155366307369981749e-02 0.000000000000000000e+00 0.000000000000000000e+00
2.533371680678847895e-02 2.780350607643957295e-03 1.209747171583538672e-01 0.000000000000000000e+00 4.234689230856108350e-02
0.000000000000000000e+00 1.113537408563707899e-02 4.345899950706789278e-02 0.000000000000000000e+00 1.097785264979504738e-01
7.938690810675202297e-03 4.049084159386467235e-02 0.000000000000000000e+00 0.000000000000000000e+00 1.212973388908012567e-01
5.426373837750519957e-02 9.743260579871862448e-02 0.000000000000000000e+00 5.090186606611290729e-03 3.382671536849055083e-02
8.243774403593517874e-02 8.389571182926895687e-02 0.000000000000000000e+00 5.178343467306572440e-02 0.000000000000000000e+00
6.963325709217235704e-02 2.424819439447781916e-02 0.000000000000000000e+00 9.374225910134281747e-02 0.000000000000000000e+00
1.065213841687844172e-02 0.000000000000000000e+00 0.000000000000000000e+00 9.274510288135009994e-02 0.000000000000000000e+00
0.000000000000000000e+00 0.000000000000000000e+00 0.000000000000000000e+00 7.890434703498150348e-02 0.000000000000000000e+00
1.383974130895258316e-02 0.000000000000000000e+00 0.000000000000000000e+00 2.552052205109708871e-02 0.000000000000000000e+00
1.648246365738501376e-02 0.000000000000000000e+00 0.000000000000000000e+00 3.495155270973353354e-03 0.000000000000000000e+00
0.000000000000000000e+00 0.000000000000000000e+00 0.000000000000000000e+00 0.000000000000000000e+00 0.000000000000000000e+00
0.000000000000000000e+00 0.000000000000000000e+00 0.000000000000000000e+00 0.000000000000000000e+00 0.000000000000000000e+00
0.000000000000000000e+00 0.000000000000000000e+00 0.000000000000000000e+00 0.000000000000000000e+00 0.000000000000000000e+00
0.000000000000000000e+00 0.000000000000000000e+00 0.000000000000000000e+00 0.000000000000000000e+00 0.000000000000000000e+00
0.000000000000000000e+00 0.000000000000000000e+00 0.000000000000000000e+00 0.000000000000000000e+00 0.000000000000000000e+00
0.000000000000000000e+00 0.000000000000000000e+00 0.000000000000000000e+00 0.000000000000000000e+00 0.000000000000000000e+00
0.000000000000000000e+00 0.000000000000000000e+00 0.000000000000000000e+00 0.000000000000000000e+00 0.000000000000000000e+00
0.000000000000000000e+00 0.000000000000000000e+00 0.000000000000000000e+00 0.000000000000000000e+00 0.000000000000000000e+00
0.000000000000000000e+00 0.000000000000000000e+00 0.000000000000000000e+00 0.000000000000000000e+00 0.000000000000000000e+00
5.378071557221536167e-03 0.000000000000000000e+00 1.917909088465109824e-02 4.627622845528343918e-04 0.000000000000000000e+00
0.000000000000000000e+00 0.000000000000000000e+00 5.849386897440282673e-02 1.499172536454157489e-02 0.000000000000000000e+00
0.000000000000000000e+00 0.000000000000000000e+00 1.329469102035983064e-01 3.462735003594130667e-02 0.000000000000000000e+00
0.000000000000000000e+00 1.005290847544605508e-03 1.531536969554723182e-01 2.342738003030304592e-02 5.110605939909681344e-02
0.000000000000000000e+00 4.852181591045481857e-02 6.498901539925210080e-02 1.776828766935031889e-02 9.650328873787344941e-02
3.591023926981765091e-02 1.096915149447615923e-01 0.000000000000000000e+00 2.763759260878072277e-02 6.345065898778581848e-02
1.000199869626575561e-01 6.729309039138280102e-02 0.000000000000000000e+00 3.789819947796786714e-02 1.098442053211522683e-03
1.514420920631485978e-01 3.014087294200394271e-02 6.503163085155347356e-02 2.145238757588504089e-02 0.000000000000000000e+00
1.227242880233035544e-01 8.935148013512410337e-03 1.081259566161115321e-01 0.000000000000000000e+00 0.000000000000000000e+00
3.699263121200831173e-02 2.822552100999084403e-03 9.435198602862744643e-02 0.000000000000000000e+00 6.972002287647645347e-02
0.000000000000000000e+00 2.424346893070234571e-02 1.651148826959208255e-02 0.000000000000000000e+00 1.230151768222850078e-01
4.239001882572966153e-03 4.836960993079257587e-02 0.000000000000000000e+00 0.000000000000000000e+00 1.056155372275568022e-01
4.064557076463281432e-02 1.102610557559524085e-01 0.000000000000000000e+00 3.065679214237383710e-02 1.339026313339361333e-02
7.878114107058002691e-02 8.458494748054380674e-02 0.000000000000000000e+00 7.345342764833662219e-02 0.000000000000000000e+00
5.756668147634459026e-02 2.333246950696210922e-02 0.000000000000000000e+00 1.103970997925589476e-01 0.000000000000000000e+00
1.286100448013641380e-02 2.304293438393489272e-03 0.000000000000000000e+00 8.220387561659271702e-02 0.000000000000000000e+00
3.887634081437412424e-03 0.000000000000000000e+00 0.000000000000000000e+00 5.208750611190925833e-02 0.000000000000000000e+00
1.600187452391028942e-02 0.000000000000000000e+00 0.000000000000000000e+00 1.995463897363927361e-02 0.000000000000000000e+00
1.648246365738501376e-02 0.000000000000000000e+00 0.000000000000000000e+00 3.495155270973353354e-03 0.000000000000000000e+00
0.000000000000000000e+00 0.000000000000000000e+00 0.000000000000000000e+00 0.000000000000000000e+00 0.000000000000000000e+00
0.000000000000000000e+00 0.000000000000000000e+00 0.000000000000000000e+00 0.000000000000000000e+00 0.000000000000000000e+00
0.000000000000000000e+00 0.000000000000000000e+00 0.000000000000000000e+00 0.000000000000000000e+00 0.000000000000000000e+00
0.000000000000000000e+00 0.000000000000000000e+00 0.000000000000000000e+00 0.000000000000000000e+00 0.000000000000000000e+00
0.000000000000000000e+00 0.000000000000000000e+00 0.000000000000000000e+00 0.000000000000000000e+00 0.000000000000000000e+00
0.000000000000000000e+00 0.000000000000000000e+00 0.000000000000000000e+00 0.000000000000000000e+00 0.000000000000000000e+00
0.000000000000000000e+00 0.000000000000000000e+00 0.000000000000000000e+00 0.000000000000000000e+00 0.000000000000000000e+00
0.000000000000000000e+00 0.000000000000000000e+00 0.000000000000000000e+00 0.000000000000000000e+00 0.000000000000000000e+00
0.000000000000000000e+00 0.000000000000000000e+00 0.000000000000000000e+00 0.000000000000000000e+00 0.000000000000000000e+00
7.740367360264227038e-03 4.012334996898129363e-03 1.874938324340707022e-02 0.000000000000000000e+00 0.000000000000000000e+00
0.000000000000000000e+00 4.760024676585723931e-03 6.680057792683549711e-02 9.772172428136391767e-03 0.000000000000000000e+00
0.000000000000000000e+00 0.000000000000000000e+00 1.316288240485912198e-01 2.508258280167287649e-02 7.540977965769626520e-03
0.000000000000000000e+00 8.133480213078079710e-03 1.320855099496070495e-01 1.965188612028589965e-02 7.849048417802237387e-02
0.000000000000000000e+00 4.640474517022478290e-02 5.638169292318200021e-02 2.957316705643433727e-02 1.003082913562019091e-01
2.582651951673843940e-02 8.979700261701981101e-02 5.092041490708676225e-03 4.420551632432560135e-02 5.788853188984877107e-02
6.601076484669117506e-02 5.599898286703313549e-02 4.182316739605724393e-02 7.991333948665743647e-02 4.189912164565842354e-03
1.111185794894995055e-01 1.237900258905883649e-02 9.606789054330029665e-02 7.262732601229351936e-02 0.000000000000000000e+00
8.683567116289345189e-02 0.000000000000000000e+00 9.776138149019071577e-02 4.727359354671392677e-02 4.602895773617223657e-02
0.000000000000000000e+00 2.836568527927867036e-03 5.125196141090185287e-02 2.958177388964467955e-02 1.131836891671000461e-01
0.000000000000000000e+00 2.756579599292812918e-02 0.000000000000000000e+00 3.519596955112788000e-02 1.217470187389816799e-01
0.000000000000000000e+00 5.725874563785920968e-02 0.000000000000000000e+00 6.451253216235391941e-02 7.422207781932825543e-02
2.990342045166346011e-02 8.769178947624571563e-02 0.000000000000000000e+00 1.053627309895059233e-01 3.253201995398107092e-03
7.070256843025246596e-02 6.559061351169823140e-02 0.000000000000000000e+00 9.254428569921402392e-02 0.000000000000000000e+00
4.775335773601504380e-02 1.921904566340976520e-02 0.000000000000000000e+00 1.078928958091291274e-01 0.000000000000000000e+00
1.512038676557077126e-02 5.934911190164504115e-03 0.000000000000000000e+00 6.940652832826313401e-02 0.000000000000000000e+00
1.184575183804655388e-02 0.000000000000000000e+00 0.000000000000000000e+00 3.093189109774000661e-02 0.000000000000000000e+00
1.615226738797968797e-02 0.000000000000000000e+00 0.000000000000000000e+00 1.957632638906931996e-02 0.000000000000000000e+00
1.247100921143567097e-02 0.000000000000000000e+00 0.000000000000000000e+00 2.926068154410132668e-03 0.000000000000000000e+00
0.000000000000000000e+00 0.000000000000000000e+00 0.000000000000000000e+00 0.000000000000000000e+00 0.000000000000000000e+00
0.000000000000000000e+00 0.000000000000000000e+00 0.000000000000000000e+00 0.000000000000000000e+00 0.000000000000000000e+00
0.000000000000000000e+00 0.000000000000000000e+00 0.000000000000000000e+00 0.000000000000000000e+00 0.000000000000000000e+00
0.000000000000000000e+00 0.000000000000000000e+00 0.000000000000000000e+00 0.000000000000000000e+00 0.000000000000000000e+00
0.000000000000000000e+00 0.000000000000000000e+00 0.000000000000000000e+00 0.000000000000000000e+00 0.000000000000000000e+00
0.000000000000000000e+00 0.000000000000000000e+00 0.000000000000000000e+00 0.000000000000000000e+00 0.000000000000000000e+00
0.000000000000000000e+00 0.000000000000000000e+00 0.000000000000000000e+00 0.000000000000000000e+00 0.000000000000000000e+00
0.000000000000000000e+00 0.000000000000000000e+00 0.000000000000000000e+00 0.000000000000000000e+00 0.000000000000000000e+00
0.000000000000000000e+00 0.000000000000000000e+00 0.000000000000000000e+00 0.000000000000000000e+00 0.000000000000000000e+00
5.473202335028425937e-03 3.490739317428406992e-03 1.341031060817767656e-02 0.000000000000000000e+00 0.000000000000000000e+00
0.000000000000000000e+00 8.618757539025953540e-03 5.234115703478243314e-02 7.031074836599123749e-04 0.000000000000000000e+00
0.000000000000000000e+00 0.000000000000000000e+00 1.108026469613937331e-01 0.000000000000000000e+00 1.192238859145713231e-02
0.000000000000000000e+00 6.206856132962798069e-03 1.286316809601128208e-01 0.000000000000000000e+00 7.536073551918774649e-02
0.000000000000000000e+00 3.789512120763192937e-02 9.705399429325857474e-02 4.050072469017841972e-03 9.570897601311291469e-02
0.000000000000000000e+00 5.656368366480985649e-02 7.955622976736095864e-02 4.483495783168012228e-02 8.157200084009572083e-02
1.914188220635113305e-02 4.313916159302223774e-02 8.638138755589581941e-02 8.355071386189935612e-02 7.409698728443266103e-02
3.649128669332193931e-02 3.366299251576437834e-02 7.815666703584092656e-02 1.078821862061751097e-01 8.096731425224366896e-02
1.465686789068969785e-02 2.372039999926815398e-02 5.021526249585677587e-02 1.085756824880364929e-01 9.957093545128636869e-02
0.000000000000000000e+00 2.944896910876992555e-02 0.000000000000000000e+00 9.770308507080158189e-02 1.252128355587895647e-01
0.000000000000000000e+00 3.913883815829340140e-02 0.000000000000000000e+00 1.058673858757022551e-01 9.259286889055244607e-02
0.000000000000000000e+00 6.303221863553588877e-02 0.000000000000000000e+00 1.183856650676660960e-01 2.652454228445124892e-02
2.910517655217172497e-02 7.153535645298926549e-02 0.000000000000000000e+00 1.048124455637197000e-01 0.000000000000000000e+00
6.259006317083604110e-02 5.652720369821634394e-02 0.000000000000000000e+00 8.952367413215313319e-02 0.000000000000000000e+00
3.404047053554168367e-02 1.271442673044583492e-02 0.000000000000000000e+00 9.057069541867245055e-02 0.000000000000000000e+00
8.939843996279903462e-03 3.947069607470315468e-03 0.000000000000000000e+00 3.832270966027261083e-02 0.000000000000000000e+00
7.290474100731383217e-03 0.000000000000000000e+00 0.000000000000000000e+00 1.295423856047024300e-02 0.000000000000000000e+00
7.413502100985048214e-03 0.000000000000000000e+00 0.000000000000000000e+00 8.333144722262084136e-03 0.000000000000000000e+00
1.705620556037813372e-03 0.000000000000000000e+00 0.000000000000000000e+00 4.461208498909952991e-04 0.000000000000000000e+00
0.000000000000000000e+00 0.000000000000000000e+00 0.000000000000000000e+00 0.000000000000000000e+00 0.000000000000000000e+00
0.000000000000000000e+00 0.000000000000000000e+00 0.000000000000000000e+00 0.000000000000000000e+00 0.000000000000000000e+00
0.000000000000000000e+00 0.000000000000000000e+00 0.000000000000000000e+00 0.000000000000000000e+00 0.000000000000000000e+00
0.000000000000000000e+00 0.000000000000000000e+00 0.000000000000000000e+00 0.000000000000000000e+00 0.000000000000000000e+00
0.000000000000000000e+00 0.000000000000000000e+00 0.000000000000000000e+00 0.000000000000000000e+00 0.000000000000000000e+00
0.000000000000000000e+00 0.000000000000000000e+00 0.000000000000000000e+00 0.000000000000000000e+00 0.000000000000000000e+00
0.000000000000000000e+00 0.000000000000000000e+00 0.000000000000000000e+00 0.000000000000000000e+00 0.000000000000000000e+00
0.000000000000000000e+00 0.000000000000000000e+00 0.000000000000000000e+00 0.000000000000000000e+00 0.000000000000000000e+00
0.000000000000000000e+00 0.000000000000000000e+00 0.000000000000000000e+00 0.000000000000000000e+00 0.000000000000000000e+00
1.619520959619005296e-03 1.361691708026540985e-03 4.299233834989071336e-03 0.000000000000000000e+00 0.000000000000000000e+00
2.089149224073217660e-03 4.874797810582392164e-03 2.205665663886011152e-02 0.000000000000000000e+00 0.000000000000000000e+00
5.177163250465237343e-03 6.836021503324204648e-03 7.835032796855972981e-02 0.000000000000000000e+00 3.376335828566467880e-03
0.000000000000000000e+00 1.292353446080121183e-02 1.126829295790669483e-01 0.000000000000000000e+00 4.377202405588583728e-02
0.000000000000000000e+00 2.387090297806442746e-02 1.208745390668065495e-01 0.000000000000000000e+00 7.983368313713608277e-02
0.000000000000000000e+00 3.206368556342066578e-02 1.005963841879008447e-01 0.000000000000000000e+00 1.005660042717315128e-01
0.000000000000000000e+00 5.460387951565940506e-02 6.921061242277082304e-02 4.302457825360127275e-02 1.182923277463305695e-01
0.000000000000000000e+00 7.167824825399080058e-02 3.710209656066259382e-02 8.115148360486983126e-02 1.153460864916407980e-01
0.000000000000000000e+00 8.182083014516509933e-02 0.000000000000000000e+00 1.037025384441305209e-01 1.049531530051523859e-01
1.379887801970083178e-02 7.544938619624996790e-02 0.000000000000000000e+00 1.069276881109725574e-01 7.433102433167620982e-02
3.945269039693473367e-02 6.576930578007106343e-02 0.000000000000000000e+00 1.167985324958959042e-01 2.415354677229932315e-02
5.161772518097739598e-02 8.098532889962566095e-02 0.000000000000000000e+00 8.646127586326374237e-02 0.000000000000000000e+00
5.749009819427601531e-02 7.071958208383799516e-02 0.000000000000000000e+00 6.477725821436720877e-02 0.000000000000000000e+00
4.949680828413367123e-02 2.880372828485763120e-02 0.000000000000000000e+00 5.520005887603635780e-02 0.000000000000000000e+00
2.668057588178958731e-02 1.535389116221429727e-02 0.000000000000000000e+00 1.920158238918056107e-02 0.000000000000000000e+00
2.466010965333820075e-03 5.262262932435565581e-03 0.000000000000000000e+00 0.000000000000000000e+00 0.000000000000000000e+00
0.000000000000000000e+00 0.000000000000000000e+00 3.157510314293013455e-06 2.714121707695522088e-04 0.000000000000000000e+00
0.000000000000000000e+00 0.000000000000000000e+00 0.000000000000000000e+00 0.000000000000000000e+00 0.000000000000000000e+00
0.000000000000000000e+00 0.000000000000000000e+00 0.000000000000000000e+00 0.000000000000000000e+00 0.000000000000000000e+00
0.000000000000000000e+00 0.000000000000000000e+00 0.000000000000000000e+00 0.000000000000000000e+00 0.000000000000000000e+00
0.000000000000000000e+00 0.000000000000000000e+00 0.000000000000000000e+00 0.000000000000000000e+00 0.000000000000000000e+00
0.000000000000000000e+00 0.000000000000000000e+00 0.000000000000000000e+00 0.000000000000000000e+00 0.000000000000000000e+00
0.000000000000000000e+00 0.000000000000000000e+00 0.000000000000000000e+00 0.000000000000000000e+00 0.000000000000000000e+00
0.000000000000000000e+00 0.000000000000000000e+00 0.000000000000000000e+00 0.000000000000000000e+00 0.000000000000000000e+00
0.000000000000000000e+00 0.000000000000000000e+00 0.000000000000000000e+00 0.000000000000000000e+00 0.000000000000000000e+00
0.000000000000000000e+00 0.000000000000000000e+00 0.000000000000000000e+00 0.000000000000000000e+00 0.000000000000000000e+00
0.000000000000000000e+00 0.000000000000000000e+00 0.000000000000000000e+00 0.000000000000000000e+00 0.000000000000000000e+00
0.000000000000000000e+00 0.000000000000000000e+00 0.000000000000000000e+00 0.000000000000000000e+00 0.000000000000000000e+00
0.000000000000000000e+00 0.000000000000000000e+00 0.000000000000000000e+00 0.000000000000000000e+00 0.000000000000000000e+00
1.186348126398387029e-03 1.101450239560477439e-05 3.642288377738691924e-03 0.000000000000000000e+00 0.000000000000000000e+00
7.641137390702361191e-03 3.648823162168531899e-03 2.187216866095445869e-02 0.000000000000000000e+00 0.000000000000000000e+00
6.495257948437135193e-03 8.728920098898763566e-03 5.096674048241062877e-02 0.000000000000000000e+00 1.111684177178770723e-02
1.217922814928771788e-03 9.884608617351889684e-03 7.254476063464834756e-02 0.000000000000000000e+00 3.266010317676629887e-02
0.000000000000000000e+00 2.497700167430309121e-02 7.055668007916175710e-02 0.000000000000000000e+00 4.552059789554408625e-02
0.000000000000000000e+00 5.400903552873995150e-02 4.384969005028487021e-02 0.000000000000000000e+00 4.911827720233175043e-02
0.000000000000000000e+00 8.797393810584490381e-02 6.480960916552346192e-03 0.000000000000000000e+00 4.839857768553163658e-02
1.507370217340278651e-02 9.958592083235930092e-02 0.000000000000000000e+00 1.586154082259378859e-02 2.715816132099419661e-02
5.430201494522522709e-02 8.940772336222896355e-02 0.000000000000000000e+00 3.691225993937496952e-02 5.115479535414055139e-03
6.820559739453838088e-02 8.043535567024338861e-02 0.000000000000000000e+00 4.405732554566541004e-02 0.000000000000000000e+00
7.025655958462102835e-02 5.787379251119923601e-02 0.000000000000000000e+00 4.385717026536151836e-02 0.000000000000000000e+00
5.202761180734112589e-02 3.951511040875075459e-02 0.000000000000000000e+00 2.196220274723575255e-02 0.000000000000000000e+00
2.599955189765835659e-02 1.333457659566764965e-02 0.000000000000000000e+00 7.543139594003936237e-03 0.000000000000000000e+00
4.841562002525249750e-03 9.768332008292695753e-03 0.000000000000000000e+00 0.000000000000000000e+00 0.000000000000000000e+00
8.238067539334983751e-04 1.889851424459459452e-03 0.000000000000000000e+00 0.000000000000000000e+00 0.000000000000000000e+00
0.000000000000000000e+00 0.000000000000000000e+00 0.000000000000000000e+00 0.000000000000000000e+00 0.000000000000000000e+00
0.000000000000000000e+00 0.000000000000000000e+00 0.000000000000000000e+00 0.000000000000000000e+00 0.000000000000000000e+00
0.000000000000000000e+00 0.000000000000000000e+00 0.000000000000000000e+00 0.000000000000000000e+00 0.000000000000000000e+00
0.000000000000000000e+00 0.000000000000000000e+00 0.000000000000000000e+00 0.000000000000000000e+00 0.000000000000000000e+00
0.000000000000000000e+00 0.000000000000000000e+00 0.000000000000000000e+00 0.000000000000000000e+00 0.000000000000000000e+00
0.000000000000000000e+00 0.000000000000000000e+00 0.000000000000000000e+00 0.000000000000000000e+00 0.000000000000000000e+00
0.000000000000000000e+00 0.000000000000000000e+00 0.000000000000000000e+00 0.000000000000000000e+00 0.000000000000000000e+00
0.000000000000000000e+00 0.000000000000000000e+00 0.000000000000000000e+00 0.000000000000000000e+00 0.000000000000000000e+00
0.000000000000000000e+00 0.000000000000000000e+00 0.000000000000000000e+00 0.000000000000000000e+00 0.000000000000000000e+00
0.000000000000000000e+00 0.000000000000000000e+00 0.000000000000000000e+00 0.000000000000000000e+00 0.000000000000000000e+00
0.000000000000000000e+00 0.000000000000000000e+00 0.000000000000000000e+00 0.000000000000000000e+00 0.000000000000000000e+00
0.000000000000000000e+00 0.000000000000000000e+00 0.000000000000000000e+00 0.000000000000000000e+00 0.000000000000000000e+00
0.000000000000000000e+00 0.000000000000000000e+00 0.000000000000000000e+00 0.000000000000000000e+00 0.000000000000000000e+00
0.000000000000000000e+00 0.000000000000000000e+00 0.000000000000000000e+00 0.000000000000000000e+00 0.000000000000000000e+00
1.337296991539590584e-04 3.330190617417283115e-04 0.000000000000000000e+00 0.000000000000000000e+00 1.420371694186468045e-04
2.255574259063442780e-03 5.616921508043818366e-03 0.000000000000000000e+00 0.000000000000000000e+00 2.395693590861175913e-03
2.377654203267046736e-03 5.676095229424546994e-03 0.000000000000000000e+00 0.000000000000000000e+00 2.349226354860130261e-03
3.818197544869585385e-03 6.374345141717129362e-03 0.000000000000000000e+00 0.000000000000000000e+00 1.800912970047780816e-03
3.339673901901801106e-03 1.219559569479061398e-02 8.440093585038807458e-05 0.000000000000000000e+00 9.429199812550299918e-04
2.292707997158066786e-03 1.397349361296274656e-02 0.000000000000000000e+00 0.000000000000000000e+00 0.000000000000000000e+00
3.838998681732121426e-03 1.372389681264182294e-02 0.000000000000000000e+00 0.000000000000000000e+00 0.000000000000000000e+00
9.349917301073618417e-03 2.811460049309362497e-02 0.000000000000000000e+00 0.000000000000000000e+00 0.000000000000000000e+00
9.996675231365674888e-03 2.054425588912121153e-02 0.000000000000000000e+00 0.000000000000000000e+00 0.000000000000000000e+00
1.899783622076433795e-02 1.453621715241903631e-02 0.000000000000000000e+00 0.000000000000000000e+00 0.000000000000000000e+00
8.417037896705101274e-03 1.147006547772561405e-02 0.000000000000000000e+00 0.000000000000000000e+00 0.000000000000000000e+00
4.268816815837215423e-03 9.792866472199018499e-03 0.000000000000000000e+00 0.000000000000000000e+00 0.000000000000000000e+00
8.425296347047128969e-04 1.932802593197175799e-03 0.000000000000000000e+00 0.000000000000000000e+00 0.000000000000000000e+00
0.000000000000000000e+00 0.000000000000000000e+00 0.000000000000000000e+00 0.000000000000000000e+00 0.000000000000000000e+00
0.000000000000000000e+00 0.000000000000000000e+00 0.000000000000000000e+00 0.000000000000000000e+00 0.000000000000000000e+00
0.000000000000000000e+00 0.000000000000000000e+00 0.000000000000000000e+00 0.000000000000000000e+00 0.000000000000000000e+00
0.000000000000000000e+00 0.000000000000000000e+00 0.000000000000000000e+00 0.000000000000000000e+00 0.000000000000000000e+00
0.000000000000000000e+00 0.000000000000000000e+00 0.000000000000000000e+00 0.000000000000000000e+00 0.000000000000000000e+00
0.000000000000000000e+00 0.000000000000000000e+00 0.000000000000000000e+00 0.000000000000000000e+00 0.000000000000000000e+00
0.000000000000000000e+00 0.000000000000000000e+00 0.000000000000000000e+00 0.000000000000000000e+00 0.000000000000000000e+00
0.000000000000000000e+00 0.000000000000000000e+00 0.000000000000000000e+00 0.000000000000000000e+00 0.000000000000000000e+00
0.000000000000000000e+00 0.000000000000000000e+00 0.000000000000000000e+00 0.000000000000000000e+00 0.000000000000000000e+00
0.000000000000000000e+00 0.000000000000000000e+00 0.000000000000000000e+00 0.000000000000000000e+00 0.000000000000000000e+00
0.000000000000000000e+00 0.000000000000000000e+00 0.000000000000000000e+00 0.000000000000000000e+00 0.000000000000000000e+00
0.000000000000000000e+00 0.000000000000000000e+00 0.000000000000000000e+00 0.000000000000000000e+00 0.000000000000000000e+00
0.000000000000000000e+00 0.000000000000000000e+00 0.000000000000000000e+00 0.000000000000000000e+00 0.000000000000000000e+00
0.000000000000000000e+00 0.000000000000000000e+00 0.000000000000000000e+00 0.000000000000000000e+00 0.000000000000000000e+00
0.000000000000000000e+00 0.000000000000000000e+00 0.000000000000000000e+00 0.000000000000000000e+00 0.000000000000000000e+00
0.000000000000000000e+00 0.000000000000000000e+00 0.000000000000000000e+00 0.000000000000000000e+00 0.000000000000000000e+00
0.000000000000000000e+00 0.000000000000000000e+00 0.000000000000000000e+00 0.000000000000000000e+00 0.000000000000000000e+00
0.000000000000000000e+00 0.000000000000000000e+00 0.000000000000000000e+00 0.000000000000000000e+00 0.000000000000000000e+00
0.000000000000000000e+00 0.000000000000000000e+00 0.000000000000000000e+00 0.000000000000000000e+00 0.000000000000000000e+00
0.000000000000000000e+00 0.000000000000000000e+00 0.000000000000000000e+00 0.000000000000000000e+00 0.000000000000000000e+00
0.000000000000000000e+00 0.000000000000000000e+00 0.000000000000000000e+00 0.000000000000000000e+00 0.000000000000000000e+00
0.000000000000000000e+00 0.000000000000000000e+00 0.000000000000000000e+00 0.000000000000000000e+00 0.000000000000000000e+00
0.000000000000000000e+00 0.000000000000000000e+00 0.000000000000000000e+00 0.000000000000000000e+00 0.000000000000000000e+00
0.000000000000000000e+00 0.000000000000000000e+00 0.000000000000000000e+00 0.000000000000000000e+00 0.000000000000000000e+00
0.000000000000000000e+00 0.000000000000000000e+00 0.000000000000000000e+00 0.000000000000000000e+00 0.000000000000000000e+00
0.000000000000000000e+00 0.000000000000000000e+00 0.000000000000000000e+00 0.000000000000000000e+00 0.000000000000000000e+00
0.000000000000000000e+00 0.000000000000000000e+00 0.000000000000000000e+00 0.000000000000000000e+00 0.000000000000000000e+00
0.000000000000000000e+00 0.000000000000000000e+00 0.000000000000000000e+00 0.000000000000000000e+00 0.000000000000000000e+00
0.000000000000000000e+00 0.000000000000000000e+00 0.000000000000000000e+00 0.000000000000000000e+00 0.000000000000000000e+00
0.000000000000000000e+00 0.000000000000000000e+00 0.000000000000000000e+00 0.000000000000000000e+00 0.000000000000000000e+00
0.000000000000000000e+00 0.000000000000000000e+00 0.000000000000000000e+00 0.000000000000000000e+00 0.000000000000000000e+00
0.000000000000000000e+00 0.000000000000000000e+00 0.000000000000000000e+00 0.000000000000000000e+00 0.000000000000000000e+00
0.000000000000000000e+00 0.000000000000000000e+00 0.000000000000000000e+00 0.000000000000000000e+00 0.000000000000000000e+00
0.000000000000000000e+00 0.000000000000000000e+00 0.000000000000000000e+00 0.000000000000000000e+00 0.000000000000000000e+00
0.000000000000000000e+00 0.000000000000000000e+00 0.000000000000000000e+00 0.000000000000000000e+00 0.000000000000000000e+00
0.000000000000000000e+00 0.000000000000000000e+00 0.000000000000000000e+00 0.000000000000000000e+00 0.000000000000000000e+00
0.000000000000000000e+00 0.000000000000000000e+00 0.000000000000000000e+00 0.000000000000000000e+00 0.000000000000000000e+00
0.000000000000000000e+00 0.000000000000000000e+00 0.000000000000000000e+00 0.000000000000000000e+00 0.000000000000000000e+00
0.000000000000000000e+00 0.000000000000000000e+00 0.000000000000000000e+00 0.000000000000000000e+00 0.000000000000000000e+00
0.000000000000000000e+00 0.000000000000000000e+00 0.000000000000000000e+00 0.000000000000000000e+00 0.000000000000000000e+00
0.000000000000000000e+00 0.000000000000000000e+00 0.000000000000000000e+00 0.000000000000000000e+00 0.000000000000000000e+00
0.000000000000000000e+00 0.000000000000000000e+00 0.000000000000000000e+00 0.000000000000000000e+00 0.000000000000000000e+00
0.000000000000000000e+00 0.000000000000000000e+00 0.000000000000000000e+00 0.000000000000000000e+00 0.000000000000000000e+00
0.000000000000000000e+00 0.000000000000000000e+00 0.000000000000000000e+00 0.000000000000000000e+00 0.000000000000000000e+00
0.000000000000000000e+00 0.000000000000000000e+00 0.000000000000000000e+00 0.000000000000000000e+00 0.000000000000000000e+00
0.000000000000000000e+00 0.000000000000000000e+00 0.000000000000000000e+00 0.000000000000000000e+00 0.000000000000000000e+00
0.000000000000000000e+00 0.000000000000000000e+00 0.000000000000000000e+00 0.000000000000000000e+00 0.000000000000000000e+00
0.000000000000000000e+00 0.000000000000000000e+00 0.000000000000000000e+00 0.000000000000000000e+00 0.000000000000000000e+00
0.000000000000000000e+00 0.000000000000000000e+00 0.000000000000000000e+00 0.000000000000000000e+00 0.000000000000000000e+00
0.000000000000000000e+00 0.000000000000000000e+00 0.000000000000000000e+00 0.000000000000000000e+00 0.000000000000000000e+00
0.000000000000000000e+00 0.000000000000000000e+00 0.000000000000000000e+00 0.000000000000000000e+00 0.000000000000000000e+00
0.000000000000000000e+00 0.000000000000000000e+00 0.000000000000000000e+00 0.000000000000000000e+00 0.000000000000000000e+00
0.000000000000000000e+00 0.000000000000000000e+00 0.000000000000000000e+00 0.000000000000000000e+00 0.000000000000000000e+00
0.000000000000000000e+00 0.000000000000000000e+00 0.000000000000000000e+00 0.000000000000000000e+00 0.000000000000000000e+00
0.000000000000000000e+00 0.000000000000000000e+00 0.000000000000000000e+00 0.000000000000000000e+00 0.000000000000000000e+00
0.000000000000000000e+00 0.000000000000000000e+00 0.000000000000000000e+00 0.000000000000000000e+00 0.000000000000000000e+00
0.000000000000000000e+00 0.000000000000000000e+00 0.000000000000000000e+00 0.000000000000000000e+00 0.000000000000000000e+00
0.000000000000000000e+00 0.000000000000000000e+00 0.000000000000000000e+00 0.000000000000000000e+00 0.000000000000000000e+00
0.000000000000000000e+00 0.000000000000000000e+00 0.000000000000000000e+00 0.000000000000000000e+00 0.000000000000000000e+00
0.000000000000000000e+00 0.000000000000000000e+00 0.000000000000000000e+00 0.000000000000000000e+00 0.000000000000000000e+00
0.000000000000000000e+00 0.000000000000000000e+00 0.000000000000000000e+00 0.000000000000000000e+00 0.000000000000000000e+00
0.000000000000000000e+00 0.000000000000000000e+00 0.000000000000000000e+00 0.000000000000000000e+00 0.000000000000000000e+00
0.000000000000000000e+00 0.000000000000000000e+00 0.000000000000000000e+00 0.000000000000000000e+00 0.000000000000000000e+00
0.000000000000000000e+00 0.000000000000000000e+00 0.000000000000000000e+00 0.000000000000000000e+00 0.000000000000000000e+00
