25.108850955963135
0.000000000000000000e+00 0.000000000000000000e+00 0.000000000000000000e+00 0.000000000000000000e+00 0.000000000000000000e+00
0.000000000000000000e+00 0.000000000000000000e+00 0.000000000000000000e+00 0.000000000000000000e+00 0.000000000000000000e+00
0.000000000000000000e+00 0.000000000000000000e+00 0.000000000000000000e+00 0.000000000000000000e+00 0.000000000000000000e+00
0.000000000000000000e+00 0.000000000000000000e+00 0.000000000000000000e+00 0.000000000000000000e+00 0.000000000000000000e+00
0.000000000000000000e+00 0.000000000000000000e+00 0.000000000000000000e+00 0.000000000000000000e+00 0.000000000000000000e+00
0.000000000000000000e+00 0.000000000000000000e+00 0.000000000000000000e+00 0.000000000000000000e+00 0.000000000000000000e+00
0.000000000000000000e+00 0.000000000000000000e+00 0.000000000000000000e+00 0.000000000000000000e+00 0.000000000000000000e+00
0.000000000000000000e+00 0.000000000000000000e+00 0.000000000000000000e+00 0.000000000000000000e+00 0.000000000000000000e+00
0.000000000000000000e+00 0.000000000000000000e+00 0.000000000000000000e+00 0.000000000000000000e+00 0.000000000000000000e+00
0.000000000000000000e+00 0.000000000000000000e+00 0.000000000000000000e+00 0.000000000000000000e+00 0.000000000000000000e+00
0.000000000000000000e+00 0.000000000000000000e+00 0.000000000000000000e+00 0.000000000000000000e+00 0.000000000000000000e+00
0.000000000000000000e+00 0.000000000000000000e+00 0.000000000000000000e+00 0.000000000000000000e+00 0.000000000000000000e+00
0.000000000000000000e+00 0.000000000000000000e+00 0.000000000000000000e+00 0.000000000000000000e+00 0.000000000000000000e+00
0.000000000000000000e+00 0.000000000000000000e+00 0.000000000000000000e+00 0.000000000000000000e+00 0.000000000000000000e+00
0.000000000000000000e+00 0.000000000000000000e+00 0.000000000000000000e+00 0.000000000000000000e+00 0.000000000000000000e+00
0.000000000000000000e+00 0.000000000000000000e+00 0.000000000000000000e+00 0.000000000000000000e+00 0.000000000000000000e+00
0.000000000000000000e+00 0.000000000000000000e+00 0.000000000000000000e+00 0.000000000000000000e+00 0.000000000000000000e+00
0.000000000000000000e+00 0.000000000000000000e+00 0.000000000000000000e+00 0.000000000000000000e+00 0.000000000000000000e+00
0.000000000000000000e+00 0.000000000000000000e+00 0.000000000000000000e+00 0.000000000000000000e+00 0.000000000000000000e+00
0.000000000000000000e+00 0.000000000000000000e+00 0.000000000000000000e+00 0.000000000000000000e+00 0.000000000000000000e+00
0.000000000000000000e+00 0.000000000000000000e+00 0.000000000000000000e+00 0.000000000000000000e+00 0.000000000000000000e+00
0.000000000000000000e+00 0.000000000000000000e+00 0.000000000000000000e+00 0.000000000000000000e+00 0.000000000000000000e+00
0.000000000000000000e+00 0.000000000000000000e+00 0.000000000000000000e+00 0.000000000000000000e+00 0.000000000000000000e+00
0.000000000000000000e+00 0.000000000000000000e+00 0.000000000000000000e+00 0.000000000000000000e+00 0.000000000000000000e+00
0.000000000000000000e+00 0.000000000000000000e+00 0.000000000000000000e+00 0.000000000000000000e+00 0.000000000000000000e+00
0.000000000000000000e+00 0.000000000000000000e+00 0.000000000000000000e+00 0.000000000000000000e+00 0.000000000000000000e+00
0.000000000000000000e+00 0.000000000000000000e+00 0.000000000000000000e+00 0.000000000000000000e+00 0.000000000000000000e+00
0.000000000000000000e+00 0.000000000000000000e+00 0.000000000000000000e+00 0.000000000000000000e+00 0.000000000000000000e+00
0.000000000000000000e+00 0.000000000000000000e+00 0.000000000000000000e+00 0.000000000000000000e+00 0.000000000000000000e+00
0.000000000000000000e+00 0.000000000000000000e+00 0.000000000000000000e+00 0.000000000000000000e+00 0.000000000000000000e+00
0.000000000000000000e+00 0.000000000000000000e+00 0.000000000000000000e+00 0.000000000000000000e+00 0.000000000000000000e+00
0.000000000000000000e+00 0.000000000000000000e+00 0.000000000000000000e+00 0.000000000000000000e+00 0.000000000000000000e+00
0.000000000000000000e+00 0.000000000000000000e+00 0.000000000000000000e+00 0.000000000000000000e+00 0.000000000000000000e+00
0.000000000000000000e+00 0.000000000000000000e+00 0.000000000000000000e+00 0.000000000000000000e+00 0.000000000000000000e+00
0.000000000000000000e+00 0.000000000000000000e+00 0.000000000000000000e+00 0.000000000000000000e+00 0.000000000000000000e+00
0.000000000000000000e+00 0.000000000000000000e+00 0.000000000000000000e+00 0.000000000000000000e+00 0.000000000000000000e+00
0.000000000000000000e+00 0.000000000000000000e+00 0.000000000000000000e+00 0.000000000000000000e+00 0.000000000000000000e+00
0.000000000000000000e+00 0.000000000000000000e+00 0.000000000000000000e+00 0.000000000000000000e+00 0.000000000000000000e+00
0.000000000000000000e+00 0.000000000000000000e+00 0.000000000000000000e+00 0.000000000000000000e+00 0.000000000000000000e+00
0.000000000000000000e+00 0.000000000000000000e+00 0.000000000000000000e+00 0.000000000000000000e+00 0.000000000000000000e+00
0.000000000000000000e+00 0.000000000000000000e+00 0.000000000000000000e+00 0.000000000000000000e+00 0.000000000000000000e+00
0.000000000000000000e+00 0.000000000000000000e+00 0.000000000000000000e+00 0.000000000000000000e+00 0.000000000000000000e+00
0.000000000000000000e+00 0.000000000000000000e+00 0.000000000000000000e+00 0.000000000000000000e+00 0.000000000000000000e+00
0.000000000000000000e+00 0.000000000000000000e+00 0.000000000000000000e+00 0.000000000000000000e+00 0.000000000000000000e+00
0.000000000000000000e+00 0.000000000000000000e+00 0.000000000000000000e+00 0.000000000000000000e+00 0.000000000000000000e+00
0.000000000000000000e+00 0.000000000000000000e+00 0.000000000000000000e+00 0.000000000000000000e+00 0.000000000000000000e+00
0.000000000000000000e+00 0.000000000000000000e+00 0.000000000000000000e+00 0.000000000000000000e+00 0.000000000000000000e+00
0.000000000000000000e+00 0.000000000000000000e+00 0.000000000000000000e+00 0.000000000000000000e+00 0.000000000000000000e+00
0.000000000000000000e+00 0.000000000000000000e+00 0.000000000000000000e+00 0.000000000000000000e+00 0.000000000000000000e+00
0.000000000000000000e+00 0.000000000000000000e+00 0.000000000000000000e+00 0.000000000000000000e+00 0.000000000000000000e+00
0.000000000000000000e+00 0.000000000000000000e+00 0.000000000000000000e+00 0.000000000000000000e+00 0.000000000000000000e+00
0.000000000000000000e+00 0.000000000000000000e+00 0.000000000000000000e+00 0.000000000000000000e+00 0.000000000000000000e+00
0.000000000000000000e+00 0.000000000000000000e+00 0.000000000000000000e+00 0.000000000000000000e+00 0.000000000000000000e+00
0.000000000000000000e+00 0.000000000000000000e+00 0.000000000000000000e+00 0.000000000000000000e+00 0.000000000000000000e+00
0.000000000000000000e+00 0.000000000000000000e+00 0.000000000000000000e+00 0.000000000000000000e+00 0.000000000000000000e+00
0.000000000000000000e+00 0.000000000000000000e+00 0.000000000000000000e+00 0.000000000000000000e+00 0.000000000000000000e+00
0.000000000000000000e+00 0.000000000000000000e+00 0.000000000000000000e+00 0.000000000000000000e+00 0.000000000000000000e+00
0.000000000000000000e+00 0.000000000000000000e+00 0.000000000000000000e+00 0.000000000000000000e+00 0.000000000000000000e+00
0.000000000000000000e+00 0.000000000000000000e+00 0.000000000000000000e+00 0.000000000000000000e+00 0.000000000000000000e+00
0.000000000000000000e+00 0.000000000000000000e+00 0.000000000000000000e+00 0.000000000000000000e+00 0.000000000000000000e+00
0.000000000000000000e+00 0.000000000000000000e+00 0.000000000000000000e+00 0.000000000000000000e+00 0.000000000000000000e+00
0.000000000000000000e+00 0.000000000000000000e+00 0.000000000000000000e+00 0.000000000000000000e+00 0.000000000000000000e+00
0.000000000000000000e+00 0.000000000000000000e+00 0.000000000000000000e+00 0.000000000000000000e+00 0.000000000000000000e+00
0.000000000000000000e+00 0.000000000000000000e+00 0.000000000000000000e+00 0.000000000000000000e+00 0.000000000000000000e+00
0.000000000000000000e+00 0.000000000000000000e+00 0.000000000000000000e+00 0.000000000000000000e+00 0.000000000000000000e+00
0.000000000000000000e+00 0.000000000000000000e+00 0.000000000000000000e+00 0.000000000000000000e+00 0.000000000000000000e+00
0.000000000000000000e+00 0.000000000000000000e+00 0.000000000000000000e+00 0.000000000000000000e+00 0.000000000000000000e+00
0.000000000000000000e+00 0.000000000000000000e+00 0.000000000000000000e+00 0.000000000000000000e+00 0.000000000000000000e+00
0.000000000000000000e+00 0.000000000000000000e+00 0.000000000000000000e+00 0.000000000000000000e+00 0.000000000000000000e+00
0.000000000000000000e+00 0.000000000000000000e+00 0.000000000000000000e+00 0.000000000000000000e+00 0.000000000000000000e+00
0.000000000000000000e+00 0.000000000000000000e+00 0.000000000000000000e+00 0.000000000000000000e+00 0.000000000000000000e+00
0.000000000000000000e+00 0.000000000000000000e+00 0.000000000000000000e+00 0.000000000000000000e+00 0.000000000000000000e+00
0.000000000000000000e+00 0.000000000000000000e+00 0.000000000000000000e+00 0.000000000000000000e+00 0.000000000000000000e+00
0.000000000000000000e+00 0.000000000000000000e+00 0.000000000000000000e+00 0.000000000000000000e+00 0.000000000000000000e+00
0.000000000000000000e+00 0.000000000000000000e+00 0.000000000000000000e+00 0.000000000000000000e+00 0.000000000000000000e+00
0.000000000000000000e+00 0.000000000000000000e+00 0.000000000000000000e+00 0.000000000000000000e+00 0.000000000000000000e+00
0.000000000000000000e+00 0.000000000000000000e+00 0.000000000000000000e+00 0.000000000000000000e+00 0.000000000000000000e+00
0.000000000000000000e+00 0.000000000000000000e+00 0.000000000000000000e+00 0.000000000000000000e+00 0.000000000000000000e+00
0.000000000000000000e+00 0.000000000000000000e+00 0.000000000000000000e+00 0.000000000000000000e+00 0.000000000000000000e+00
0.000000000000000000e+00 0.000000000000000000e+00 0.000000000000000000e+00 0.000000000000000000e+00 0.000000000000000000e+00
0.000000000000000000e+00 0.000000000000000000e+00 0.000000000000000000e+00 0.000000000000000000e+00 0.000000000000000000e+00
0.000000000000000000e+00 0.000000000000000000e+00 0.000000000000000000e+00 0.000000000000000000e+00 0.000000000000000000e+00
0.000000000000000000e+00 0.000000000000000000e+00 0.000000000000000000e+00 0.000000000000000000e+00 0.000000000000000000e+00
0.000000000000000000e+00 0.000000000000000000e+00 0.000000000000000000e+00 0.000000000000000000e+00 0.000000000000000000e+00
0.000000000000000000e+00 0.000000000000000000e+00 0.000000000000000000e+00 0.000000000000000000e+00 0.000000000000000000e+00
0.000000000000000000e+00 0.000000000000000000e+00 0.000000000000000000e+00 0.000000000000000000e+00 0.000000000000000000e+00
0.000000000000000000e+00 0.000000000000000000e+00 0.000000000000000000e+00 0.000000000000000000e+00 0.000000000000000000e+00
0.000000000000000000e+00 0.000000000000000000e+00 0.000000000000000000e+00 0.000000000000000000e+00 0.000000000000000000e+00
0.000000000000000000e+00 0.000000000000000000e+00 0.000000000000000000e+00 0.000000000000000000e+00 0.000000000000000000e+00
0.000000000000000000e+00 0.000000000000000000e+00 0.000000000000000000e+00 0.000000000000000000e+00 0.000000000000000000e+00
0.000000000000000000e+00 0.000000000000000000e+00 0.000000000000000000e+00 0.000000000000000000e+00 0.000000000000000000e+00
0.000000000000000000e+00 0.000000000000000000e+00 0.000000000000000000e+00 0.000000000000000000e+00 0.000000000000000000e+00
0.000000000000000000e+00 0.000000000000000000e+00 0.000000000000000000e+00 0.000000000000000000e+00 0.000000000000000000e+00
0.000000000000000000e+00 0.000000000000000000e+00 0.000000000000000000e+00 0.000000000000000000e+00 0.000000000000000000e+00
0.000000000000000000e+00 0.000000000000000000e+00 0.000000000000000000e+00 0.000000000000000000e+00 0.000000000000000000e+00
0.000000000000000000e+00 0.000000000000000000e+00 0.000000000000000000e+00 0.000000000000000000e+00 0.000000000000000000e+00
0.000000000000000000e+00 0.000000000000000000e+00 0.000000000000000000e+00 0.000000000000000000e+00 0.000000000000000000e+00
0.000000000000000000e+00 0.000000000000000000e+00 0.000000000000000000e+00 0.000000000000000000e+00 0.000000000000000000e+00
0.000000000000000000e+00 0.000000000000000000e+00 0.000000000000000000e+00 0.000000000000000000e+00 0.000000000000000000e+00
0.000000000000000000e+00 0.000000000000000000e+00 0.000000000000000000e+00 0.000000000000000000e+00 0.000000000000000000e+00
0.000000000000000000e+00 0.000000000000000000e+00 0.000000000000000000e+00 0.000000000000000000e+00 0.000000000000000000e+00
0.000000000000000000e+00 0.000000000000000000e+00 0.000000000000000000e+00 0.000000000000000000e+00 0.000000000000000000e+00
0.000000000000000000e+00 0.000000000000000000e+00 0.000000000000000000e+00 0.000000000000000000e+00 0.000000000000000000e+00
0.000000000000000000e+00 0.000000000000000000e+00 0.000000000000000000e+00 0.000000000000000000e+00 0.000000000000000000e+00
0.000000000000000000e+00 0.000000000000000000e+00 0.000000000000000000e+00 0.000000000000000000e+00 0.000000000000000000e+00
0.000000000000000000e+00 0.000000000000000000e+00 0.000000000000000000e+00 0.000000000000000000e+00 0.000000000000000000e+00
0.000000000000000000e+00 0.000000000000000000e+00 0.000000000000000000e+00 0.000000000000000000e+00 0.000000000000000000e+00
0.000000000000000000e+00 0.000000000000000000e+00 0.000000000000000000e+00 0.000000000000000000e+00 0.000000000000000000e+00
0.000000000000000000e+00 0.000000000000000000e+00 0.000000000000000000e+00 0.000000000000000000e+00 0.000000000000000000e+00
0.000000000000000000e+00 0.000000000000000000e+00 0.000000000000000000e+00 0.000000000000000000e+00 0.000000000000000000e+00
0.000000000000000000e+00 0.000000000000000000e+00 0.000000000000000000e+00 0.000000000000000000e+00 0.000000000000000000e+00
0.000000000000000000e+00 0.000000000000000000e+00 0.000000000000000000e+00 0.000000000000000000e+00 0.000000000000000000e+00
0.000000000000000000e+00 0.000000000000000000e+00 0.000000000000000000e+00 0.000000000000000000e+00 0.000000000000000000e+00
0.000000000000000000e+00 0.000000000000000000e+00 0.000000000000000000e+00 0.000000000000000000e+00 0.000000000000000000e+00
0.000000000000000000e+00 0.000000000000000000e+00 0.000000000000000000e+00 0.000000000000000000e+00 0.000000000000000000e+00
0.000000000000000000e+00 0.000000000000000000e+00 0.000000000000000000e+00 0.000000000000000000e+00 0.000000000000000000e+00
0.000000000000000000e+00 0.000000000000000000e+00 0.000000000000000000e+00 0.000000000000000000e+00 0.000000000000000000e+00
0.000000000000000000e+00 0.000000000000000000e+00 0.000000000000000000e+00 0.000000000000000000e+00 0.000000000000000000e+00
0.000000000000000000e+00 0.000000000000000000e+00 0.000000000000000000e+00 0.000000000000000000e+00 0.000000000000000000e+00
0.000000000000000000e+00 0.000000000000000000e+00 0.000000000000000000e+00 0.000000000000000000e+00 0.000000000000000000e+00
0.000000000000000000e+00 0.000000000000000000e+00 0.000000000000000000e+00 0.000000000000000000e+00 0.000000000000000000e+00
0.000000000000000000e+00 0.000000000000000000e+00 0.000000000000000000e+00 0.000000000000000000e+00 0.000000000000000000e+00
0.000000000000000000e+00 0.000000000000000000e+00 0.000000000000000000e+00 0.000000000000000000e+00 0.000000000000000000e+00
0.000000000000000000e+00 0.000000000000000000e+00 6.030976210104968538e-04 1.173746321442872787e-04 0.000000000000000000e+00
0.000000000000000000e+00 0.000000000000000000e+00 5.548498113296568973e-03 1.079846615727442748e-03 0.000000000000000000e+00
0.000000000000000000e+00 0.000000000000000000e+00 8.081508121540655412e-03 1.572820070733449861e-03 0.000000000000000000e+00
0.000000000000000000e+00 0.000000000000000000e+00 1.017224654104371094e-02 1.979718795500312427e-03 0.000000000000000000e+00
0.000000000000000000e+00 0.000000000000000000e+00 1.025265955717843958e-02 1.995368746452883847e-03 0.000000000000000000e+00
0.000000000000000000e+00 0.000000000000000000e+00 9.327909871629012570e-03 1.815394310498309911e-03 0.000000000000000000e+00
0.000000000000000000e+00 0.000000000000000000e+00 4.302096363208209213e-03 8.372723759625822632e-04 0.000000000000000000e+00
0.000000000000000000e+00 0.000000000000000000e+00 2.010325403368322123e-04 3.912487738142908614e-05 0.000000000000000000e+00
0.000000000000000000e+00 0.000000000000000000e+00 0.000000000000000000e+00 0.000000000000000000e+00 0.000000000000000000e+00
0.000000000000000000e+00 0.000000000000000000e+00 0.000000000000000000e+00 0.000000000000000000e+00 0.000000000000000000e+00
0.000000000000000000e+00 0.000000000000000000e+00 0.000000000000000000e+00 0.000000000000000000e+00 0.000000000000000000e+00
0.000000000000000000e+00 0.000000000000000000e+00 0.000000000000000000e+00 0.000000000000000000e+00 0.000000000000000000e+00
0.000000000000000000e+00 0.000000000000000000e+00 0.000000000000000000e+00 0.000000000000000000e+00 0.000000000000000000e+00
0.000000000000000000e+00 0.000000000000000000e+00 0.000000000000000000e+00 0.000000000000000000e+00 0.000000000000000000e+00
0.000000000000000000e+00 0.000000000000000000e+00 0.000000000000000000e+00 0.000000000000000000e+00 0.000000000000000000e+00
0.000000000000000000e+00 0.000000000000000000e+00 0.000000000000000000e+00 0.000000000000000000e+00 0.000000000000000000e+00
0.000000000000000000e+00 0.000000000000000000e+00 0.000000000000000000e+00 0.000000000000000000e+00 0.000000000000000000e+00
0.000000000000000000e+00 0.000000000000000000e+00 0.000000000000000000e+00 0.000000000000000000e+00 0.000000000000000000e+00
0.000000000000000000e+00 0.000000000000000000e+00 0.000000000000000000e+00 0.000000000000000000e+00 0.000000000000000000e+00
0.000000000000000000e+00 0.000000000000000000e+00 0.000000000000000000e+00 0.000000000000000000e+00 0.000000000000000000e+00
0.000000000000000000e+00 0.000000000000000000e+00 0.000000000000000000e+00 0.000000000000000000e+00 0.000000000000000000e+00
0.000000000000000000e+00 0.000000000000000000e+00 0.000000000000000000e+00 0.000000000000000000e+00 0.000000000000000000e+00
0.000000000000000000e+00 0.000000000000000000e+00 0.000000000000000000e+00 0.000000000000000000e+00 0.000000000000000000e+00
0.000000000000000000e+00 0.000000000000000000e+00 0.000000000000000000e+00 0.000000000000000000e+00 0.000000000000000000e+00
0.000000000000000000e+00 0.000000000000000000e+00 0.000000000000000000e+00 0.000000000000000000e+00 0.000000000000000000e+00
0.000000000000000000e+00 0.000000000000000000e+00 0.000000000000000000e+00 0.000000000000000000e+00 0.000000000000000000e+00
0.000000000000000000e+00 0.000000000000000000e+00 0.000000000000000000e+00 0.000000000000000000e+00 0.000000000000000000e+00
6.113860764979671446e-04 3.661964736502425373e-05 1.147428860329283975e-03 2.097997330098283876e-04 0.000000000000000000e+00
4.472592094991411499e-03 0.000000000000000000e+00 1.339415326757339639e-02 2.572451323384507878e-03 0.000000000000000000e+00
6.585387996986582539e-03 1.315308240954285012e-03 3.242502598248508949e-02 3.095183332573465344e-03 0.000000000000000000e+00
7.366089024186403891e-03 1.100042674147640783e-03 3.832899832372609061e-02 3.370746306671802521e-03 0.000000000000000000e+00
6.424405725901626354e-03 0.000000000000000000e+00 4.249235697703902109e-02 3.562842722389036269e-03 0.000000000000000000e+00
5.320628688050307691e-03 0.000000000000000000e+00 2.957419832634505807e-02 5.824953675469547384e-03 0.000000000000000000e+00
3.518845086050605055e-03 0.000000000000000000e+00 1.674368663154842535e-02 5.868628753118780746e-03 1.539014151583526554e-03
2.757323189777927640e-03 0.000000000000000000e+00 1.553233260350229787e-02 5.548271642500909699e-03 1.920697421900866312e-03
6.541212298997244956e-04 0.000000000000000000e+00 1.295094777197208259e-02 2.288768903297392639e-05 3.178420375658318631e-03
4.597127061621007781e-04 0.000000000000000000e+00 6.881393314360289941e-03 0.000000000000000000e+00 2.929673791514336538e-03
1.501102713998690610e-04 0.000000000000000000e+00 2.246985572036016166e-03 0.000000000000000000e+00 9.566281768210066786e-04
0.000000000000000000e+00 0.000000000000000000e+00 0.000000000000000000e+00 0.000000000000000000e+00 0.000000000000000000e+00
0.000000000000000000e+00 0.000000000000000000e+00 0.000000000000000000e+00 0.000000000000000000e+00 0.000000000000000000e+00
0.000000000000000000e+00 0.000000000000000000e+00 0.000000000000000000e+00 0.000000000000000000e+00 0.000000000000000000e+00
0.000000000000000000e+00 0.000000000000000000e+00 0.000000000000000000e+00 0.000000000000000000e+00 0.000000000000000000e+00
0.000000000000000000e+00 0.000000000000000000e+00 0.000000000000000000e+00 0.000000000000000000e+00 0.000000000000000000e+00
0.000000000000000000e+00 0.000000000000000000e+00 0.000000000000000000e+00 0.000000000000000000e+00 0.000000000000000000e+00
0.000000000000000000e+00 0.000000000000000000e+00 0.000000000000000000e+00 0.000000000000000000e+00 0.000000000000000000e+00
0.000000000000000000e+00 0.000000000000000000e+00 0.000000000000000000e+00 0.000000000000000000e+00 0.000000000000000000e+00
0.000000000000000000e+00 0.000000000000000000e+00 0.000000000000000000e+00 0.000000000000000000e+00 0.000000000000000000e+00
0.000000000000000000e+00 0.000000000000000000e+00 0.000000000000000000e+00 0.000000000000000000e+00 0.000000000000000000e+00
0.000000000000000000e+00 0.000000000000000000e+00 0.000000000000000000e+00 0.000000000000000000e+00 0.000000000000000000e+00
0.000000000000000000e+00 0.000000000000000000e+00 0.000000000000000000e+00 0.000000000000000000e+00 0.000000000000000000e+00
0.000000000000000000e+00 0.000000000000000000e+00 0.000000000000000000e+00 0.000000000000000000e+00 0.000000000000000000e+00
0.000000000000000000e+00 0.000000000000000000e+00 0.000000000000000000e+00 0.000000000000000000e+00 0.000000000000000000e+00
0.000000000000000000e+00 0.000000000000000000e+00 0.000000000000000000e+00 0.000000000000000000e+00 0.000000000000000000e+00
1.062346703562493512e-04 0.000000000000000000e+00 3.026337475685184964e-04 7.166161620796016366e-05 0.000000000000000000e+00
2.599724592224344523e-03 0.000000000000000000e+00 3.888969655119893162e-03 9.910869531942262042e-04 0.000000000000000000e+00
1.068594995952022730e-02 0.000000000000000000e+00 2.781412123506770209e-02 4.133936555764302148e-03 0.000000000000000000e+00
2.475745438680465940e-02 0.000000000000000000e+00 5.837807874098205341e-02 5.068116848477920849e-03 0.000000000000000000e+00
4.379789009851992737e-02 4.073186207269266328e-03 7.473651506393756694e-02 2.283504431050500350e-05 0.000000000000000000e+00
6.834487593322592647e-02 2.351181749664091325e-02 6.135102138882930767e-02 0.000000000000000000e+00 0.000000000000000000e+00
7.838811402215213608e-02 5.683678881800340033e-02 5.171615107600625871e-02 0.000000000000000000e+00 1.161270821836000305e-02
6.510962419658643252e-02 8.457387924282472325e-02 3.470752837198685936e-02 0.000000000000000000e+00 4.386626499691584358e-02
4.188654020077228063e-02 8.826024595171953757e-02 0.000000000000000000e+00 1.073413869217382417e-02 7.753140412879400145e-02
9.632340087920295696e-03 5.214211566374766377e-02 0.000000000000000000e+00 4.787215987208606749e-02 9.788937068853752199e-02
3.546680171914010776e-03 5.166363374029986875e-03 0.000000000000000000e+00 6.073528109154520405e-02 9.337598165233461367e-02
1.450240452417491483e-03 0.000000000000000000e+00 0.000000000000000000e+00 5.461174552582978570e-02 6.467662599784836097e-02
0.000000000000000000e+00 0.000000000000000000e+00 8.986786697241469501e-03 1.634302332664287760e-02 3.284362126117198327e-02
0.000000000000000000e+00 0.000000000000000000e+00 7.844024846709414175e-03 0.000000000000000000e+00 1.055019705885244449e-02
0.000000000000000000e+00 2.651712343330289598e-05 3.091925256999832148e-03 0.000000000000000000e+00 3.117765367824520181e-03
0.000000000000000000e+00 0.000000000000000000e+00 0.000000000000000000e+00 0.000000000000000000e+00 0.000000000000000000e+00
0.000000000000000000e+00 1.839602131186964310e-04 0.000000000000000000e+00 0.000000000000000000e+00 0.000000000000000000e+00
0.000000000000000000e+00 0.000000000000000000e+00 0.000000000000000000e+00 0.000000000000000000e+00 0.000000000000000000e+00
0.000000000000000000e+00 0.000000000000000000e+00 0.000000000000000000e+00 0.000000000000000000e+00 0.000000000000000000e+00
0.000000000000000000e+00 0.000000000000000000e+00 0.000000000000000000e+00 0.000000000000000000e+00 0.000000000000000000e+00
0.000000000000000000e+00 0.000000000000000000e+00 0.000000000000000000e+00 0.000000000000000000e+00 0.000000000000000000e+00
0.000000000000000000e+00 0.000000000000000000e+00 0.000000000000000000e+00 0.000000000000000000e+00 0.000000000000000000e+00
0.000000000000000000e+00 0.000000000000000000e+00 0.000000000000000000e+00 0.000000000000000000e+00 0.000000000000000000e+00
0.000000000000000000e+00 0.000000000000000000e+00 0.000000000000000000e+00 0.000000000000000000e+00 0.000000000000000000e+00
0.000000000000000000e+00 0.000000000000000000e+00 0.000000000000000000e+00 0.000000000000000000e+00 0.000000000000000000e+00
0.000000000000000000e+00 0.000000000000000000e+00 0.000000000000000000e+00 0.000000000000000000e+00 0.000000000000000000e+00
0.000000000000000000e+00 0.000000000000000000e+00 0.000000000000000000e+00 0.000000000000000000e+00 0.000000000000000000e+00
1.748172011632685415e-04 0.000000000000000000e+00 4.484431664535879977e-03 4.595788861476795780e-04 0.000000000000000000e+00
0.000000000000000000e+00 0.000000000000000000e+00 2.551326163453612045e-02 1.476081758764879017e-03 0.000000000000000000e+00
1.055228733997935070e-02 0.000000000000000000e+00 5.599911362624560712e-02 2.838520965228831950e-03 0.000000000000000000e+00
2.923372364567794479e-02 7.097029486935668360e-04 9.461938383203456759e-02 6.621121713868658191e-05 0.000000000000000000e+00
6.025262833696559683e-02 1.934264530383706521e-02 1.068653245444848576e-01 0.000000000000000000e+00 0.000000000000000000e+00
8.621073277649475564e-02 6.816761284436409496e-02 8.444944403574325409e-02 0.000000000000000000e+00 1.066903602853212785e-02
1.028072826694833436e-01 1.074989146504428117e-01 6.130512356526209017e-02 0.000000000000000000e+00 5.059844778997196063e-02
9.578841310857727498e-02 1.254898862544588378e-01 3.791292947274561842e-02 1.470375630112820409e-02 8.179966981299817419e-02
9.167945096015261974e-02 1.052066096309845072e-01 3.595211060637432815e-02 7.876024131595533995e-02 8.687839856604211153e-02
6.787648192257995927e-02 9.912722053095766872e-02 3.527182757253714829e-02 1.089013544321496690e-01 8.569411130748089134e-02
3.274589226545057685e-02 9.828421481077329047e-02 0.000000000000000000e+00 1.139149481382607104e-01 9.774645309926334458e-02
9.176532782985727735e-03 3.145395830789197295e-02 0.000000000000000000e+00 1.185718870536118796e-01 1.194168394862044486e-01
0.000000000000000000e+00 0.000000000000000000e+00 0.000000000000000000e+00 1.065048686423542973e-01 1.166970694775401468e-01
0.000000000000000000e+00 0.000000000000000000e+00 1.467090528371230119e-03 5.783554054240485492e-02 7.641565658399139538e-02
0.000000000000000000e+00 0.000000000000000000e+00 1.292367794636945649e-02 2.456769660558184680e-03 3.765460472406113868e-02
0.000000000000000000e+00 6.910784351679664234e-03 7.803908647239271752e-03 0.000000000000000000e+00 5.933735081727397297e-03
0.000000000000000000e+00 9.461136217576877070e-04 1.080439288629555031e-03 0.000000000000000000e+00 2.771777433407028807e-04
0.000000000000000000e+00 3.740524333413492841e-03 0.000000000000000000e+00 0.000000000000000000e+00 0.000000000000000000e+00
0.000000000000000000e+00 0.000000000000000000e+00 0.000000000000000000e+00 0.000000000000000000e+00 0.000000000000000000e+00
0.000000000000000000e+00 0.000000000000000000e+00 0.000000000000000000e+00 0.000000000000000000e+00 0.000000000000000000e+00
0.000000000000000000e+00 0.000000000000000000e+00 0.000000000000000000e+00 0.000000000000000000e+00 0.000000000000000000e+00
0.000000000000000000e+00 0.000000000000000000e+00 0.000000000000000000e+00 0.000000000000000000e+00 0.000000000000000000e+00
0.000000000000000000e+00 0.000000000000000000e+00 0.000000000000000000e+00 0.000000000000000000e+00 0.000000000000000000e+00
0.000000000000000000e+00 0.000000000000000000e+00 0.000000000000000000e+00 0.000000000000000000e+00 0.000000000000000000e+00
0.000000000000000000e+00 0.000000000000000000e+00 0.000000000000000000e+00 0.000000000000000000e+00 0.000000000000000000e+00
0.000000000000000000e+00 0.000000000000000000e+00 0.000000000000000000e+00 0.000000000000000000e+00 0.000000000000000000e+00
0.000000000000000000e+00 0.000000000000000000e+00 0.000000000000000000e+00 0.000000000000000000e+00 0.000000000000000000e+00
0.000000000000000000e+00 2.242560786633838142e-03 1.718061337004490527e-02 0.000000000000000000e+00 0.000000000000000000e+00
0.000000000000000000e+00 1.259765427187446805e-03 4.083090027655921633e-02 1.102044136856694320e-03 0.000000000000000000e+00
3.040859678039017650e-03 3.476159918158748183e-03 8.155598745687894779e-02 2.027533487561553044e-05 0.000000000000000000e+00
2.525210620577011608e-02 6.505414845825535641e-03 1.224785146679592956e-01 0.000000000000000000e+00 0.000000000000000000e+00
6.814726124490744219e-02 3.031328893626207555e-02 1.343219517656432660e-01 0.000000000000000000e+00 2.209105870912401494e-04
9.941809516138250258e-02 7.402207388043229030e-02 1.137723699867098648e-01 0.000000000000000000e+00 2.695283394060358703e-02
8.203892014591532278e-02 1.205895234320738807e-01 7.188348739788366637e-02 0.000000000000000000e+00 7.545728795253429932e-02
5.729216011753111848e-02 1.123226476982982086e-01 3.964812777056941212e-02 5.473729865852172000e-02 9.449622004497172656e-02
3.950689378592518036e-02 7.677553468878065002e-02 4.649724115953073750e-02 1.238996476747249026e-01 8.167097378978234457e-02
4.074248677884602376e-02 5.466106267133157698e-02 6.344930724171150838e-02 1.275278029181970696e-01 6.203243755753951039e-02
6.381008278830975489e-02 6.427718719699859751e-02 7.312105111200022101e-02 1.050546425518400634e-01 3.627370268591363633e-02
6.012655736997503386e-02 1.117865880510155729e-01 3.590690495331400750e-02 7.513502801894274274e-02 4.193050011042565028e-02
4.508028224790940064e-02 7.169379304967213318e-02 0.000000000000000000e+00 9.102269699012117965e-02 8.834404685531198342e-02
5.986709964951922834e-03 1.741150879542329930e-02 0.000000000000000000e+00 9.999518354288122746e-02 1.235892722449959125e-01
0.000000000000000000e+00 0.000000000000000000e+00 7.797774586001407493e-03 7.852038242104134036e-02 9.746177098573798048e-02
0.000000000000000000e+00 0.000000000000000000e+00 2.206391448452758169e-02 1.041093759370825995e-02 6.304621751606555302e-02
0.000000000000000000e+00 3.409335124453732684e-04 1.288141061752209535e-02 0.000000000000000000e+00 1.936965152965640022e-02
0.000000000000000000e+00 1.663765630266005827e-03 3.018652644264442284e-03 0.000000000000000000e+00 1.441317845872748700e-03
0.000000000000000000e+00 1.410361633910006468e-03 0.000000000000000000e+00 0.000000000000000000e+00 0.000000000000000000e+00
0.000000000000000000e+00 0.000000000000000000e+00 0.000000000000000000e+00 0.000000000000000000e+00 0.000000000000000000e+00
0.000000000000000000e+00 0.000000000000000000e+00 0.000000000000000000e+00 0.000000000000000000e+00 0.000000000000000000e+00
0.000000000000000000e+00 0.000000000000000000e+00 0.000000000000000000e+00 0.000000000000000000e+00 0.000000000000000000e+00
0.000000000000000000e+00 0.000000000000000000e+00 0.000000000000000000e+00 0.000000000000000000e+00 0.000000000000000000e+00
0.000000000000000000e+00 0.000000000000000000e+00 0.000000000000000000e+00 0.000000000000000000e+00 0.000000000000000000e+00
0.000000000000000000e+00 0.000000000000000000e+00 0.000000000000000000e+00 0.000000000000000000e+00 0.000000000000000000e+00
0.000000000000000000e+00 2.038716960799754445e-07 0.000000000000000000e+00 2.629691919291672503e-05 3.184040543845880698e-05
0.000000000000000000e+00 2.446460352959650170e-06 0.000000000000000000e+00 3.155630303150010391e-04 3.820848652615057650e-04
0.000000000000000000e+00 1.005741382869385385e-03 7.403392498702225308e-03 0.000000000000000000e+00 0.000000000000000000e+00
0.000000000000000000e+00 3.388707124477599152e-03 5.393140975886934890e-02 4.596405761681043672e-04 0.000000000000000000e+00
0.000000000000000000e+00 6.107888759364519735e-03 9.398949861850468268e-02 0.000000000000000000e+00 0.000000000000000000e+00
1.385562207012569144e-02 5.886616295067130349e-03 1.277915541967243052e-01 0.000000000000000000e+00 0.000000000000000000e+00
6.669421559069825534e-02 1.242941166784217351e-02 1.401348401668486010e-01 0.000000000000000000e+00 1.250496031766238324e-02
1.028678562577222677e-01 5.391153701778421403e-02 1.150322595249144014e-01 0.000000000000000000e+00 4.882182420228431408e-02
8.348441231051326183e-02 1.075095630713286121e-01 5.537602619851406810e-02 0.000000000000000000e+00 8.630980931556453406e-02
4.076640239364700408e-02 9.399477943479132847e-02 1.504386775946870911e-03 7.945079906671374814e-02 1.094457955717479114e-01
5.034304101871622979e-03 3.602701860268196082e-02 5.651547041707442008e-03 1.415874479221919946e-01 1.005490024368157209e-01
6.789431595979073669e-03 1.326410811344322892e-02 3.610049982461009666e-02 1.209885664257937393e-01 5.693122759070563810e-02
2.232189729180377238e-02 9.352491378003056910e-03 6.697526341840161213e-02 6.836078519284002897e-02 2.054069736377902092e-02
4.166377154634350738e-02 5.305144904441543019e-02 9.456177919247714392e-02 1.738512138504404864e-02 0.000000000000000000e+00
8.270155711813818866e-02 9.903079561772282213e-02 7.286567705952212703e-02 1.119664513770626986e-02 0.000000000000000000e+00
7.415226460388373020e-02 9.443254607410309087e-02 2.495957399349934408e-02 5.460917262925373689e-02 3.642868789519693867e-02
3.436272618802351658e-02 2.497251862865890182e-02 1.735629493014587132e-02 8.778125950848038317e-02 9.049822215636994793e-02
6.241847661528840407e-04 0.000000000000000000e+00 3.980527721033206429e-02 6.585617999983703341e-02 7.753860978332584308e-02
0.000000000000000000e+00 0.000000000000000000e+00 4.076314492767907360e-02 3.039597541980498460e-02 5.672707503539347468e-02
0.000000000000000000e+00 0.000000000000000000e+00 2.685659337500899413e-02 6.601810132409172876e-04 2.132468969255447294e-02
0.000000000000000000e+00 0.000000000000000000e+00 6.553037535390104050e-03 0.000000000000000000e+00 7.043064022120616025e-03
0.000000000000000000e+00 0.000000000000000000e+00 0.000000000000000000e+00 0.000000000000000000e+00 0.000000000000000000e+00
0.000000000000000000e+00 0.000000000000000000e+00 0.000000000000000000e+00 0.000000000000000000e+00 0.000000000000000000e+00
0.000000000000000000e+00 0.000000000000000000e+00 0.000000000000000000e+00 0.000000000000000000e+00 0.000000000000000000e+00
0.000000000000000000e+00 0.000000000000000000e+00 0.000000000000000000e+00 0.000000000000000000e+00 0.000000000000000000e+00
0.000000000000000000e+00 0.000000000000000000e+00 0.000000000000000000e+00 0.000000000000000000e+00 0.000000000000000000e+00
0.000000000000000000e+00 0.000000000000000000e+00 0.000000000000000000e+00 0.000000000000000000e+00 0.000000000000000000e+00
0.000000000000000000e+00 0.000000000000000000e+00 0.000000000000000000e+00 0.000000000000000000e+00 0.000000000000000000e+00
0.000000000000000000e+00 1.121294328439786845e-06 0.000000000000000000e+00 1.446330555610420097e-04 1.751222299115234621e-04
0.000000000000000000e+00 1.086118574263363707e-03 6.531015882930445160e-03 2.765732279975523147e-03 2.220759678520093511e-03
0.000000000000000000e+00 4.567666811386832462e-03 4.191374637933291403e-02 2.739316896558098482e-03 0.000000000000000000e+00
0.000000000000000000e+00 6.262632684479092944e-03 8.364075965059170059e-02 0.000000000000000000e+00 0.000000000000000000e+00
1.037305720208008550e-03 6.486921298090956092e-03 1.244795860153237038e-01 0.000000000000000000e+00 0.000000000000000000e+00
4.350347221386644675e-02 3.443362987594697912e-04 1.371564105114795318e-01 0.000000000000000000e+00 1.220809891363825242e-02
1.035990245281790123e-01 1.563296188920034260e-02 9.309795986085520059e-02 0.000000000000000000e+00 5.712426311021523428e-02
9.394148337540071669e-02 8.503783151753598057e-02 3.424339188955313057e-02 0.000000000000000000e+00 1.002134604103290666e-01
5.264385252318311281e-02 1.086059442415877596e-01 0.000000000000000000e+00 6.664450546498297545e-02 1.026661294043976214e-01
1.076519543822066112e-02 4.075085728505627863e-02 0.000000000000000000e+00 1.443155230119602395e-01 8.320634026287644647e-02
0.000000000000000000e+00 0.000000000000000000e+00 0.000000000000000000e+00 1.185972756636411024e-01 4.166490812036100638e-02
2.326815513810757702e-03 0.000000000000000000e+00 3.401879368354802924e-02 3.585355036489909497e-02 7.707097700650294286e-03
1.551791085647578373e-02 2.005241519668641420e-02 4.929554349445360723e-02 3.331160239180920839e-03 0.000000000000000000e+00
3.011950257953353513e-02 6.092372868167284655e-02 9.425395245445182535e-02 3.793536154423722637e-03 0.000000000000000000e+00
7.955993084708930241e-02 1.137339193224195105e-01 6.914520465825051143e-02 1.147796525855142129e-02 0.000000000000000000e+00
8.339000456372006043e-02 9.335055145297721513e-02 3.686600387785883559e-02 6.622601251680262924e-02 1.662051596464557759e-02
5.101819191068439341e-02 2.643002132001455104e-02 3.155104015726453021e-02 8.431071245372193101e-02 7.647546201716587388e-02
0.000000000000000000e+00 0.000000000000000000e+00 7.298172567754290796e-02 7.803238916736088271e-02 7.360523541009977855e-02
0.000000000000000000e+00 0.000000000000000000e+00 4.849001833315232102e-02 4.819401603494519182e-02 5.157695267672775252e-02
0.000000000000000000e+00 0.000000000000000000e+00 2.751614396379470015e-02 1.191862949661986332e-02 1.751096770873488556e-02
0.000000000000000000e+00 0.000000000000000000e+00 8.105197473834428040e-03 0.000000000000000000e+00 8.828425455931763685e-03
0.000000000000000000e+00 0.000000000000000000e+00 0.000000000000000000e+00 0.000000000000000000e+00 0.000000000000000000e+00
0.000000000000000000e+00 0.000000000000000000e+00 0.000000000000000000e+00 0.000000000000000000e+00 0.000000000000000000e+00
0.000000000000000000e+00 0.000000000000000000e+00 0.000000000000000000e+00 0.000000000000000000e+00 0.000000000000000000e+00
0.000000000000000000e+00 0.000000000000000000e+00 0.000000000000000000e+00 0.000000000000000000e+00 0.000000000000000000e+00
0.000000000000000000e+00 0.000000000000000000e+00 0.000000000000000000e+00 0.000000000000000000e+00 0.000000000000000000e+00
0.000000000000000000e+00 0.000000000000000000e+00 0.000000000000000000e+00 0.000000000000000000e+00 0.000000000000000000e+00
0.000000000000000000e+00 0.000000000000000000e+00 0.000000000000000000e+00 0.000000000000000000e+00 0.000000000000000000e+00
0.000000000000000000e+00 0.000000000000000000e+00 0.000000000000000000e+00 0.000000000000000000e+00 0.000000000000000000e+00
0.000000000000000000e+00 2.352695134463481282e-03 1.988378350227205243e-02 0.000000000000000000e+00 0.000000000000000000e+00
0.000000000000000000e+00 4.289990791842250226e-03 7.358555918884866764e-02 2.934196008901106874e-03 0.000000000000000000e+00
0.000000000000000000e+00 5.776657295040668258e-03 1.111275224364469960e-01 0.000000000000000000e+00 0.000000000000000000e+00
4.017230834069289436e-03 5.590983821598686978e-04 1.434696226184058732e-01 0.000000000000000000e+00 1.580538333069778437e-02
7.387565857566437411e-02 0.000000000000000000e+00 1.250180231338931247e-01 0.000000000000000000e+00 5.042158468132586918e-02
1.231482397862696393e-01 3.463627258443739004e-02 3.171115031806556045e-02 0.000000000000000000e+00 9.422549716210867898e-02
8.390055244325120287e-02 9.779997244744517704e-02 0.000000000000000000e+00 2.800874948089725203e-02 1.002392547848903886e-01
1.773454325171941806e-02 8.376630906078520733e-02 0.000000000000000000e+00 1.295612203268384222e-01 7.619993830680672764e-02
0.000000000000000000e+00 1.910666316197969297e-02 0.000000000000000000e+00 1.313781262761260782e-01 2.650598111638548943e-02
1.898094358310076181e-03 1.512753447095426147e-03 1.743021402582832155e-02 4.922579961072586635e-02 0.000000000000000000e+00
8.470629792282949669e-03 1.768794059277427333e-02 5.201168080525041953e-02 0.000000000000000000e+00 0.000000000000000000e+00
2.133592895343896720e-02 3.338060255132195564e-02 7.445654560373417274e-02 6.449754600849713117e-03 0.000000000000000000e+00
3.915506049263472316e-02 9.986253117413161629e-02 8.686657776185666147e-02 6.420266767248355121e-03 0.000000000000000000e+00
8.563079225909239756e-02 1.307251899204160683e-01 3.278242992818029139e-02 3.315811986249571353e-02 0.000000000000000000e+00
9.633055962543052297e-02 8.657825572409010018e-02 0.000000000000000000e+00 7.789983627426522172e-02 5.440052039625666719e-02
6.251678175045632946e-02 2.271370468103207604e-04 3.609569249888182341e-02 1.023871295039433388e-01 9.698246580934533068e-02
0.000000000000000000e+00 0.000000000000000000e+00 6.130322676226479528e-02 8.242347317086670677e-02 9.607273701016685874e-02
0.000000000000000000e+00 0.000000000000000000e+00 5.024318829313104140e-02 4.152687608216970583e-02 5.951648105688810142e-02
0.000000000000000000e+00 0.000000000000000000e+00 2.703372341276131033e-02 3.831468275834977021e-03 1.288480380092121846e-02
0.000000000000000000e+00 0.000000000000000000e+00 8.105197473834428040e-03 0.000000000000000000e+00 8.828425455931763685e-03
0.000000000000000000e+00 0.000000000000000000e+00 0.000000000000000000e+00 0.000000000000000000e+00 0.000000000000000000e+00
0.000000000000000000e+00 0.000000000000000000e+00 0.000000000000000000e+00 0.000000000000000000e+00 0.000000000000000000e+00
0.000000000000000000e+00 0.000000000000000000e+00 0.000000000000000000e+00 0.000000000000000000e+00 0.000000000000000000e+00
0.000000000000000000e+00 0.000000000000000000e+00 0.000000000000000000e+00 0.000000000000000000e+00 0.000000000000000000e+00
0.000000000000000000e+00 0.000000000000000000e+00 0.000000000000000000e+00 0.000000000000000000e+00 0.000000000000000000e+00
0.000000000000000000e+00 0.000000000000000000e+00 0.000000000000000000e+00 0.000000000000000000e+00 0.000000000000000000e+00
0.000000000000000000e+00 0.000000000000000000e+00 0.000000000000000000e+00 0.000000000000000000e+00 0.000000000000000000e+00
0.000000000000000000e+00 0.000000000000000000e+00 0.000000000000000000e+00 0.000000000000000000e+00 0.000000000000000000e+00
0.000000000000000000e+00 2.688331662678761658e-03 2.568040294387970504e-02 0.000000000000000000e+00 0.000000000000000000e+00
0.000000000000000000e+00 3.974767073748859160e-03 7.495511760027154247e-02 0.000000000000000000e+00 0.000000000000000000e+00
0.000000000000000000e+00 1.397937324695936508e-03 1.263654042720356585e-01 0.000000000000000000e+00 1.345352894214882182e-02
2.009172078192291225e-02 0.000000000000000000e+00 1.498213388651259137e-01 0.000000000000000000e+00 3.630139845134973398e-02
9.950754566720168559e-02 0.000000000000000000e+00 9.579514205098210722e-02 0.000000000000000000e+00 8.019911280485350624e-02
1.258767905770462048e-01 4.210344258476000218e-02 5.253950532327119737e-04 8.480554450404323603e-04 9.187110321793517942e-02
5.408180816716498529e-02 9.985612319813685911e-02 0.000000000000000000e+00 8.338040676637929749e-02 6.947866559720233814e-02
0.000000000000000000e+00 8.180973958493922837e-02 0.000000000000000000e+00 1.342177272849172653e-01 2.243726819125481386e-02
0.000000000000000000e+00 2.886742643067316191e-02 2.042697346971409159e-02 8.395874043727363789e-02 0.000000000000000000e+00
0.000000000000000000e+00 2.650535295242969006e-02 4.220069042877575699e-02 1.746263410621935741e-02 0.000000000000000000e+00
7.988041960922752371e-03 4.694239593454371806e-02 5.860534648172135985e-02 1.666908466931860122e-02 0.000000000000000000e+00
3.075431132541735918e-02 8.758864290585771650e-02 6.862218010802909052e-02 1.539929048773865800e-02 0.000000000000000000e+00
6.180420315184558672e-02 1.437028304815505808e-01 4.183508494177679005e-02 4.097334727022008960e-02 0.000000000000000000e+00
9.095903149339094884e-02 1.296948849977354046e-01 3.704742810285113763e-03 8.279672235837977345e-02 4.484206607722272808e-02
9.978983445706085531e-02 3.830425824698439896e-02 0.000000000000000000e+00 1.238115479759595433e-01 9.099354135486874273e-02
6.192989026188853996e-02 0.000000000000000000e+00 2.305375223863806097e-02 1.084226347634407728e-01 1.070747587934105238e-01
9.368217924209150263e-04 0.000000000000000000e+00 3.725478521774747837e-02 5.184786935556767729e-02 9.371772622959975707e-02
0.000000000000000000e+00 0.000000000000000000e+00 4.029749717213142179e-02 7.548983525003547142e-03 4.428556824809971870e-02
0.000000000000000000e+00 0.000000000000000000e+00 2.396607500284925890e-02 0.000000000000000000e+00 9.272446344753253883e-03
0.000000000000000000e+00 0.000000000000000000e+00 8.105197473834428040e-03 0.000000000000000000e+00 8.828425455931763685e-03
0.000000000000000000e+00 0.000000000000000000e+00 0.000000000000000000e+00 0.000000000000000000e+00 0.000000000000000000e+00
0.000000000000000000e+00 0.000000000000000000e+00 0.000000000000000000e+00 0.000000000000000000e+00 0.000000000000000000e+00
0.000000000000000000e+00 0.000000000000000000e+00 0.000000000000000000e+00 0.000000000000000000e+00 0.000000000000000000e+00
0.000000000000000000e+00 0.000000000000000000e+00 0.000000000000000000e+00 0.000000000000000000e+00 0.000000000000000000e+00
0.000000000000000000e+00 0.000000000000000000e+00 0.000000000000000000e+00 0.000000000000000000e+00 0.000000000000000000e+00
0.000000000000000000e+00 0.000000000000000000e+00 0.000000000000000000e+00 0.000000000000000000e+00 0.000000000000000000e+00
0.000000000000000000e+00 0.000000000000000000e+00 0.000000000000000000e+00 0.000000000000000000e+00 0.000000000000000000e+00
0.000000000000000000e+00 0.000000000000000000e+00 0.000000000000000000e+00 0.000000000000000000e+00 0.000000000000000000e+00
0.000000000000000000e+00 3.658357261932938223e-04 2.445736355977553428e-02 4.551160112477520628e-03 0.000000000000000000e+00
0.000000000000000000e+00 0.000000000000000000e+00 7.904632535695041429e-02 0.000000000000000000e+00 8.452771748231949905e-03
0.000000000000000000e+00 0.000000000000000000e+00 1.204842799462649827e-01 0.000000000000000000e+00 2.599373154042966538e-02
2.131079844128046241e-02 0.000000000000000000e+00 1.464174442041494273e-01 0.000000000000000000e+00 4.801399229287246079e-02
1.154069937907834659e-01 0.000000000000000000e+00 7.453986493796069257e-02 0.000000000000000000e+00 8.418128317290038409e-02
1.271951324896825608e-01 4.665777390501670008e-02 0.000000000000000000e+00 7.983132169976498577e-03 7.820967855253839474e-02
3.686676378558075701e-02 1.060843579541566606e-01 0.000000000000000000e+00 9.647702522879698928e-02 4.296497027954986059e-02
0.000000000000000000e+00 1.096117782572014338e-01 4.674795965370751906e-03 1.141294656442506245e-01 0.000000000000000000e+00
0.000000000000000000e+00 8.459358214733439518e-02 3.281786310985858324e-02 6.127966929802314278e-02 0.000000000000000000e+00
0.000000000000000000e+00 8.881689678294361900e-02 3.883930199893226992e-02 4.340236591484939593e-02 0.000000000000000000e+00
1.495002874646541614e-02 1.189659383705659046e-01 4.461262502720556716e-02 4.674383958473437434e-02 0.000000000000000000e+00
5.097991551515868025e-02 1.442278006755154385e-01 2.486089847193665575e-02 5.898066627457379529e-02 1.409113794602491650e-02
8.049894962627410222e-02 1.507901862832993489e-01 1.883519472370407885e-02 8.689329456597069679e-02 4.366922890029911047e-02
1.078188693222706801e-01 9.711037639186080594e-02 4.933721456019118587e-03 1.155011790168978814e-01 8.184655137062143981e-02
9.591881074557759290e-02 7.207564926216240495e-03 5.338707226985872634e-03 1.252807620616444018e-01 1.093989623713188808e-01
4.908109163950293702e-02 0.000000000000000000e+00 2.901219773756415210e-02 6.604208095091620989e-02 1.043042608143358307e-01
2.728257970457450068e-03 0.000000000000000000e+00 3.631531795826530018e-02 9.925752888781488870e-03 6.617326582991601980e-02
0.000000000000000000e+00 0.000000000000000000e+00 3.056441618364890908e-02 0.000000000000000000e+00 2.850029735503110603e-02
0.000000000000000000e+00 0.000000000000000000e+00 1.463949807954905216e-02 0.000000000000000000e+00 9.786546779454625977e-03
0.000000000000000000e+00 0.000000000000000000e+00 8.105197473834428040e-03 0.000000000000000000e+00 8.828425455931763685e-03
0.000000000000000000e+00 0.000000000000000000e+00 0.000000000000000000e+00 0.000000000000000000e+00 0.000000000000000000e+00
0.000000000000000000e+00 0.000000000000000000e+00 0.000000000000000000e+00 0.000000000000000000e+00 0.000000000000000000e+00
0.000000000000000000e+00 0.000000000000000000e+00 0.000000000000000000e+00 0.000000000000000000e+00 0.000000000000000000e+00
0.000000000000000000e+00 0.000000000000000000e+00 0.000000000000000000e+00 0.000000000000000000e+00 0.000000000000000000e+00
0.000000000000000000e+00 0.000000000000000000e+00 0.000000000000000000e+00 0.000000000000000000e+00 0.000000000000000000e+00
0.000000000000000000e+00 0.000000000000000000e+00 0.000000000000000000e+00 0.000000000000000000e+00 0.000000000000000000e+00
0.000000000000000000e+00 0.000000000000000000e+00 0.000000000000000000e+00 0.000000000000000000e+00 0.000000000000000000e+00
0.000000000000000000e+00 0.000000000000000000e+00 0.000000000000000000e+00 0.000000000000000000e+00 0.000000000000000000e+00
0.000000000000000000e+00 0.000000000000000000e+00 1.656665250788956142e-02 0.000000000000000000e+00 5.197063176024705258e-03
0.000000000000000000e+00 0.000000000000000000e+00 8.081931850723760025e-02 0.000000000000000000e+00 1.698881289412598750e-02
0.000000000000000000e+00 0.000000000000000000e+00 1.006904592879707128e-01 0.000000000000000000e+00 3.527059983561819934e-02
1.988437183702923550e-02 0.000000000000000000e+00 1.304542273441977873e-01 0.000000000000000000e+00 5.322613143463160446e-02
1.078073812930236824e-01 0.000000000000000000e+00 5.848705192943720599e-02 0.000000000000000000e+00 8.431983210665260076e-02
1.200930721551221741e-01 1.135870001664783524e-02 2.231417154989383603e-02 1.190830544806102502e-02 8.399590318119926069e-02
6.517694154176065235e-02 8.042616777901079317e-02 0.000000000000000000e+00 7.886612038914787848e-02 5.917675247436456759e-02
3.126085163383719723e-02 1.157124854419427362e-01 3.652306871903944138e-03 9.436439384947814535e-02 3.010118441391223393e-02
1.920171142365905900e-02 1.300608792995393559e-01 1.523301359581216881e-02 6.421519304219669433e-02 3.157995403742291235e-02
4.062531544719229920e-02 1.343912970179288735e-01 1.112454097661297369e-03 5.772920902109811292e-02 3.992226310283544799e-02
6.090187278191813713e-02 1.142153522352896272e-01 0.000000000000000000e+00 6.425845919506120718e-02 5.675832285016921969e-02
6.503594658937904283e-02 1.163872537483160441e-01 5.773796166939812111e-03 8.649424195541235982e-02 7.118754719872015524e-02
8.112329609191978874e-02 1.289522738604621799e-01 1.145217288369249770e-02 1.148699707638676654e-01 7.908337810747222141e-02
1.169174404481738289e-01 6.740381593449341902e-02 9.099843965642636853e-03 1.107248195575180894e-01 9.657299285219635154e-02
9.052097882170961896e-02 0.000000000000000000e+00 2.569913127311848622e-02 6.989633024641615788e-02 1.203423977435533060e-01
3.761930476128474976e-02 0.000000000000000000e+00 3.905980819019739397e-02 8.716787165318793523e-03 9.183355508736743000e-02
0.000000000000000000e+00 0.000000000000000000e+00 4.367650571830222761e-02 0.000000000000000000e+00 3.983437703079177605e-02
0.000000000000000000e+00 0.000000000000000000e+00 2.679933925197952593e-02 0.000000000000000000e+00 1.572963654994937593e-02
0.000000000000000000e+00 0.000000000000000000e+00 8.105197473834428040e-03 0.000000000000000000e+00 8.828425455931763685e-03
0.000000000000000000e+00 0.000000000000000000e+00 6.407270730303898584e-03 0.000000000000000000e+00 6.978992455282028058e-03
0.000000000000000000e+00 0.000000000000000000e+00 0.000000000000000000e+00 0.000000000000000000e+00 0.000000000000000000e+00
0.000000000000000000e+00 0.000000000000000000e+00 0.000000000000000000e+00 0.000000000000000000e+00 0.000000000000000000e+00
0.000000000000000000e+00 0.000000000000000000e+00 0.000000000000000000e+00 0.000000000000000000e+00 0.000000000000000000e+00
0.000000000000000000e+00 0.000000000000000000e+00 0.000000000000000000e+00 0.000000000000000000e+00 0.000000000000000000e+00
0.000000000000000000e+00 0.000000000000000000e+00 0.000000000000000000e+00 0.000000000000000000e+00 0.000000000000000000e+00
0.000000000000000000e+00 0.000000000000000000e+00 0.000000000000000000e+00 0.000000000000000000e+00 0.000000000000000000e+00
0.000000000000000000e+00 0.000000000000000000e+00 0.000000000000000000e+00 0.000000000000000000e+00 0.000000000000000000e+00
0.000000000000000000e+00 0.000000000000000000e+00 0.000000000000000000e+00 0.000000000000000000e+00 0.000000000000000000e+00
0.000000000000000000e+00 0.000000000000000000e+00 1.488845521540455193e-02 4.367729357778470144e-04 3.264473245836270552e-03
0.000000000000000000e+00 0.000000000000000000e+00 6.510170393548225798e-02 0.000000000000000000e+00 2.220464960865026205e-02
0.000000000000000000e+00 0.000000000000000000e+00 9.120295083950745452e-02 0.000000000000000000e+00 3.760057724290772480e-02
1.249543986069853382e-02 0.000000000000000000e+00 9.606057678436673297e-02 0.000000000000000000e+00 4.102765990364463933e-02
7.802813831170538061e-02 0.000000000000000000e+00 6.402295150188887229e-02 0.000000000000000000e+00 7.840002936895680563e-02
1.219976008878780882e-01 0.000000000000000000e+00 1.688299100287495372e-02 1.074606058728346143e-02 9.474497487595573419e-02
1.130310589976943197e-01 6.845453111678275609e-03 0.000000000000000000e+00 4.813564823573925067e-02 1.009295036372770404e-01
9.434526108115202925e-02 4.076925818497628695e-02 0.000000000000000000e+00 5.544054984483644949e-02 9.555822132983023132e-02
8.923169594915651703e-02 4.967444740262332015e-02 0.000000000000000000e+00 4.770489872175607410e-02 9.755275606439892111e-02
8.387294375958090353e-02 3.382478328236604437e-02 0.000000000000000000e+00 5.379235187819504660e-02 1.003041924734827672e-01
7.238147511858332439e-02 2.052249493071301237e-02 2.502906905359072488e-03 7.863757658673005413e-02 9.674003132500851032e-02
4.743625151219353631e-02 9.553051968738758559e-02 1.503629489045046203e-02 1.071140762047361750e-01 7.378788683149323235e-02
8.579081153200762699e-02 1.194460338591162574e-01 7.059949486222916355e-03 1.077152960354411104e-01 8.535017659414302627e-02
1.254052547035416909e-01 3.836454438477251982e-02 1.529245889703346670e-02 6.664825985683869858e-02 1.144639162475069166e-01
8.069504356141450618e-02 0.000000000000000000e+00 6.847630856700721858e-02 1.173519391245755709e-02 1.048711077644657319e-01
1.112254622845446246e-02 0.000000000000000000e+00 8.401390092132837717e-02 0.000000000000000000e+00 5.264080771422340044e-02
0.000000000000000000e+00 0.000000000000000000e+00 5.628147103176041333e-02 0.000000000000000000e+00 2.093394226699128030e-02
0.000000000000000000e+00 0.000000000000000000e+00 2.014666302731634925e-02 0.000000000000000000e+00 8.349518622245567789e-03
0.000000000000000000e+00 0.000000000000000000e+00 3.011417243242833601e-03 0.000000000000000000e+00 3.280126453982552034e-03
0.000000000000000000e+00 0.000000000000000000e+00 7.688724876364678605e-04 0.000000000000000000e+00 8.374790946338437530e-04
0.000000000000000000e+00 0.000000000000000000e+00 0.000000000000000000e+00 0.000000000000000000e+00 0.000000000000000000e+00
0.000000000000000000e+00 0.000000000000000000e+00 0.000000000000000000e+00 0.000000000000000000e+00 0.000000000000000000e+00
1.275683455799341308e-04 0.000000000000000000e+00 0.000000000000000000e+00 2.150726264857840461e-03 0.000000000000000000e+00
0.000000000000000000e+00 0.000000000000000000e+00 0.000000000000000000e+00 0.000000000000000000e+00 0.000000000000000000e+00
0.000000000000000000e+00 0.000000000000000000e+00 0.000000000000000000e+00 0.000000000000000000e+00 0.000000000000000000e+00
0.000000000000000000e+00 0.000000000000000000e+00 0.000000000000000000e+00 0.000000000000000000e+00 0.000000000000000000e+00
0.000000000000000000e+00 0.000000000000000000e+00 0.000000000000000000e+00 0.000000000000000000e+00 0.000000000000000000e+00
0.000000000000000000e+00 0.000000000000000000e+00 1.641168900444683583e-03 2.472316850108836742e-04 0.000000000000000000e+00
0.000000000000000000e+00 0.000000000000000000e+00 1.764654187229306587e-02 2.062432885163412513e-03 1.377309723009481884e-03
0.000000000000000000e+00 0.000000000000000000e+00 2.777144691032886956e-02 0.000000000000000000e+00 1.216581264986540782e-02
0.000000000000000000e+00 0.000000000000000000e+00 6.191211178648681202e-02 0.000000000000000000e+00 3.276137898077603750e-02
0.000000000000000000e+00 0.000000000000000000e+00 7.465156818972104591e-02 0.000000000000000000e+00 3.582290835058209166e-02
3.701860200488752556e-02 0.000000000000000000e+00 7.921761674629744510e-02 0.000000000000000000e+00 4.807359295338949762e-02
8.514996307379682494e-02 0.000000000000000000e+00 7.304666165454351545e-02 6.936232416173878854e-03 5.626753202259505982e-02
1.046909139053663340e-01 0.000000000000000000e+00 4.155408490578942071e-02 3.009042002823543449e-02 6.582170280643441507e-02
1.014969713309701871e-01 0.000000000000000000e+00 9.522692408319181553e-03 3.447025663928255518e-02 8.487065474310565016e-02
8.671938042023215332e-02 0.000000000000000000e+00 1.541831620238198405e-02 4.095938559178518429e-02 8.820082704907208915e-02
7.249640779111543587e-02 0.000000000000000000e+00 2.040821981881977762e-02 7.317292949448084283e-02 6.880173798388086737e-02
3.819829663640388756e-02 2.000931020115467862e-02 3.242999309403753194e-02 1.175086726850042146e-01 4.840649236551217843e-02
2.116046531919866386e-02 1.233493774483566258e-01 2.034266062872972652e-02 1.198645133373937993e-01 6.072443374475201827e-02
8.933438151900474633e-02 1.079756100789468765e-01 5.509172535130396273e-03 6.214460229482869635e-02 1.053777100073052947e-01
1.285598570015050457e-01 1.308123115355224950e-02 6.789812368342289239e-02 1.229672850713994965e-02 1.138889774159969337e-01
6.603616519827111564e-02 0.000000000000000000e+00 1.217083945135400136e-01 0.000000000000000000e+00 6.623514931155337349e-02
3.390691792022743328e-03 0.000000000000000000e+00 9.863613363823221791e-02 0.000000000000000000e+00 2.892113993039532177e-02
0.000000000000000000e+00 0.000000000000000000e+00 6.538160063888891205e-02 1.449341723521940534e-03 1.118596843163793646e-02
0.000000000000000000e+00 0.000000000000000000e+00 2.026883377570072239e-02 2.669989831987160263e-04 1.846532958212574729e-03
0.000000000000000000e+00 0.000000000000000000e+00 0.000000000000000000e+00 0.000000000000000000e+00 0.000000000000000000e+00
0.000000000000000000e+00 0.000000000000000000e+00 0.000000000000000000e+00 0.000000000000000000e+00 0.000000000000000000e+00
0.000000000000000000e+00 0.000000000000000000e+00 0.000000000000000000e+00 0.000000000000000000e+00 0.000000000000000000e+00
0.000000000000000000e+00 0.000000000000000000e+00 0.000000000000000000e+00 0.000000000000000000e+00 0.000000000000000000e+00
0.000000000000000000e+00 0.000000000000000000e+00 0.000000000000000000e+00 0.000000000000000000e+00 0.000000000000000000e+00
0.000000000000000000e+00 0.000000000000000000e+00 0.000000000000000000e+00 0.000000000000000000e+00 0.000000000000000000e+00
0.000000000000000000e+00 0.000000000000000000e+00 0.000000000000000000e+00 0.000000000000000000e+00 0.000000000000000000e+00
0.000000000000000000e+00 0.000000000000000000e+00 0.000000000000000000e+00 0.000000000000000000e+00 0.000000000000000000e+00
0.000000000000000000e+00 0.000000000000000000e+00 0.000000000000000000e+00 9.609248025002124858e-04 5.552415431623300467e-04
0.000000000000000000e+00 0.000000000000000000e+00 1.003631775250274014e-02 1.585523161335511064e-03 0.000000000000000000e+00
0.000000000000000000e+00 0.000000000000000000e+00 1.812421307447604699e-02 2.730297738815846195e-03 0.000000000000000000e+00
0.000000000000000000e+00 0.000000000000000000e+00 1.709901114481726311e-02 2.342363772723227015e-04 6.701015040049540343e-03
0.000000000000000000e+00 0.000000000000000000e+00 1.766937160864141820e-02 0.000000000000000000e+00 1.580897219042836851e-02
0.000000000000000000e+00 0.000000000000000000e+00 3.364079108181351752e-02 0.000000000000000000e+00 2.439752810932712193e-02
8.269182034823540674e-04 0.000000000000000000e+00 6.445184216558320911e-02 0.000000000000000000e+00 2.513058302373291641e-02
3.555691416696776103e-02 0.000000000000000000e+00 8.063484646693673541e-02 5.079754601284840188e-03 2.665368956782519436e-02
5.384958602915051323e-02 0.000000000000000000e+00 6.861488385345494712e-02 8.625449631127305242e-03 2.636514611552113682e-02
5.298608490185590519e-02 0.000000000000000000e+00 6.790030894146424634e-02 1.155204893578624069e-02 2.806421343602013424e-02
4.470673223267273427e-02 0.000000000000000000e+00 5.710014346701220572e-02 4.428257345116718563e-02 1.864130536400877142e-02
3.308019460972782405e-02 0.000000000000000000e+00 4.388590037517933057e-02 9.716860456261398882e-02 7.101736383232400661e-03
1.156760820581096728e-03 7.532476592455858433e-02 1.003175409675861364e-02 1.372931293822359788e-01 3.170880382444329904e-02
2.325124803859639211e-02 1.400533386057732366e-01 0.000000000000000000e+00 7.128337137472492979e-02 9.137889969214883779e-02
1.088899858907292906e-01 7.306835711727666105e-02 0.000000000000000000e+00 1.395924403911292036e-02 1.219676714638324722e-01
1.304026911437189407e-01 0.000000000000000000e+00 7.197929995296764583e-02 0.000000000000000000e+00 8.641922535154158980e-02
4.899104717631896228e-02 0.000000000000000000e+00 1.595360389879343643e-01 0.000000000000000000e+00 2.978141324566978623e-02
0.000000000000000000e+00 0.000000000000000000e+00 1.293077511743363217e-01 0.000000000000000000e+00 7.763877455322817402e-03
0.000000000000000000e+00 0.000000000000000000e+00 5.853078167134176391e-02 3.059062908725295078e-03 1.010953808015474607e-03
0.000000000000000000e+00 0.000000000000000000e+00 1.934685916396235508e-02 5.854794986236673895e-04 0.000000000000000000e+00
0.000000000000000000e+00 0.000000000000000000e+00 0.000000000000000000e+00 0.000000000000000000e+00 0.000000000000000000e+00
0.000000000000000000e+00 0.000000000000000000e+00 0.000000000000000000e+00 0.000000000000000000e+00 0.000000000000000000e+00
0.000000000000000000e+00 0.000000000000000000e+00 0.000000000000000000e+00 0.000000000000000000e+00 0.000000000000000000e+00
0.000000000000000000e+00 0.000000000000000000e+00 0.000000000000000000e+00 0.000000000000000000e+00 0.000000000000000000e+00
0.000000000000000000e+00 0.000000000000000000e+00 0.000000000000000000e+00 0.000000000000000000e+00 0.000000000000000000e+00
0.000000000000000000e+00 0.000000000000000000e+00 0.000000000000000000e+00 0.000000000000000000e+00 0.000000000000000000e+00
0.000000000000000000e+00 0.000000000000000000e+00 0.000000000000000000e+00 0.000000000000000000e+00 0.000000000000000000e+00
0.000000000000000000e+00 0.000000000000000000e+00 0.000000000000000000e+00 0.000000000000000000e+00 0.000000000000000000e+00
0.000000000000000000e+00 0.000000000000000000e+00 0.000000000000000000e+00 2.218862725773217831e-03 1.282103199665746325e-03
0.000000000000000000e+00 0.000000000000000000e+00 1.813985563649283400e-02 2.898289182921095445e-03 0.000000000000000000e+00
0.000000000000000000e+00 0.000000000000000000e+00 1.805285790489151443e-02 2.719548535119714183e-03 0.000000000000000000e+00
0.000000000000000000e+00 0.000000000000000000e+00 8.640782710635629832e-03 3.379550894357879033e-04 1.901097088975020307e-03
0.000000000000000000e+00 0.000000000000000000e+00 1.123834349640155834e-02 0.000000000000000000e+00 1.117396134107433332e-02
0.000000000000000000e+00 0.000000000000000000e+00 1.171876364442897903e-02 0.000000000000000000e+00 1.192659491614775705e-02
0.000000000000000000e+00 0.000000000000000000e+00 2.077584759788098437e-02 6.121062935545323099e-04 8.315243866306791867e-03
5.088588297586244501e-03 0.000000000000000000e+00 4.514489583420345370e-02 9.316411993947545933e-03 6.100246269320703900e-03
1.694371618606386326e-02 0.000000000000000000e+00 6.987302150861197936e-02 1.100903620348435245e-02 4.465198016656188665e-03
1.468226589526063289e-02 0.000000000000000000e+00 6.520753020382347165e-02 3.600480527626252064e-02 1.204492267358716695e-03
1.461665406430173210e-02 0.000000000000000000e+00 4.427764876794249016e-02 9.102147642072452860e-02 0.000000000000000000e+00
0.000000000000000000e+00 1.355606834835159508e-02 1.678478771040904302e-02 1.330063765990714408e-01 9.175921631053140376e-03
0.000000000000000000e+00 1.138229047420091650e-01 0.000000000000000000e+00 9.182778753769210711e-02 6.347834510203757830e-02
2.963760887415636119e-02 1.316131938992677053e-01 0.000000000000000000e+00 1.419305547274828279e-02 1.249041244828041491e-01
1.254578995699698329e-01 3.810186838138420601e-02 0.000000000000000000e+00 0.000000000000000000e+00 1.101234002798355677e-01
1.262481902628081187e-01 0.000000000000000000e+00 7.094123846459012006e-02 0.000000000000000000e+00 4.474298276249102230e-02
3.823477195632615788e-02 0.000000000000000000e+00 1.450977250272937336e-01 0.000000000000000000e+00 9.722397747308954979e-03
0.000000000000000000e+00 2.143977812599149029e-03 1.423326807059258070e-01 2.951442915012933346e-03 0.000000000000000000e+00
0.000000000000000000e+00 0.000000000000000000e+00 5.849022115166516156e-02 4.282985296904054731e-03 0.000000000000000000e+00
0.000000000000000000e+00 0.000000000000000000e+00 2.054744959891162751e-02 7.858416333373761551e-04 0.000000000000000000e+00
0.000000000000000000e+00 0.000000000000000000e+00 2.931415998976509953e-04 7.106621709845162425e-06 0.000000000000000000e+00
0.000000000000000000e+00 0.000000000000000000e+00 0.000000000000000000e+00 0.000000000000000000e+00 0.000000000000000000e+00
0.000000000000000000e+00 0.000000000000000000e+00 0.000000000000000000e+00 0.000000000000000000e+00 0.000000000000000000e+00
0.000000000000000000e+00 0.000000000000000000e+00 0.000000000000000000e+00 0.000000000000000000e+00 0.000000000000000000e+00
0.000000000000000000e+00 0.000000000000000000e+00 0.000000000000000000e+00 0.000000000000000000e+00 0.000000000000000000e+00
0.000000000000000000e+00 0.000000000000000000e+00 0.000000000000000000e+00 0.000000000000000000e+00 0.000000000000000000e+00
0.000000000000000000e+00 0.000000000000000000e+00 0.000000000000000000e+00 0.000000000000000000e+00 0.000000000000000000e+00
0.000000000000000000e+00 0.000000000000000000e+00 0.000000000000000000e+00 0.000000000000000000e+00 0.000000000000000000e+00
0.000000000000000000e+00 0.000000000000000000e+00 0.000000000000000000e+00 0.000000000000000000e+00 0.000000000000000000e+00
0.000000000000000000e+00 0.000000000000000000e+00 1.812421307447604699e-02 2.730297738815846195e-03 0.000000000000000000e+00
0.000000000000000000e+00 0.000000000000000000e+00 1.805285790489151443e-02 2.719548535119714183e-03 0.000000000000000000e+00
0.000000000000000000e+00 0.000000000000000000e+00 1.613068197329418571e-02 1.799463598538461042e-03 7.145955091031196312e-04
0.000000000000000000e+00 0.000000000000000000e+00 2.115291461197472619e-02 9.015273653077641850e-05 4.353356693199614096e-03
0.000000000000000000e+00 0.000000000000000000e+00 2.534837242406708449e-02 5.638902221512011315e-04 4.976570740262840215e-03
0.000000000000000000e+00 0.000000000000000000e+00 2.484589513210278336e-02 3.622642587776919720e-03 1.867566379849942056e-03
1.921476269378937592e-04 0.000000000000000000e+00 2.610587601397439117e-02 1.298115246986923828e-02 0.000000000000000000e+00
0.000000000000000000e+00 0.000000000000000000e+00 2.780064861175188945e-02 4.728254844581136068e-02 0.000000000000000000e+00
0.000000000000000000e+00 0.000000000000000000e+00 2.654353983846868131e-02 8.277418435054881285e-02 0.000000000000000000e+00
0.000000000000000000e+00 0.000000000000000000e+00 1.722877369489512339e-02 1.206301079985789698e-01 0.000000000000000000e+00
0.000000000000000000e+00 6.684176534474123299e-02 0.000000000000000000e+00 1.004460996501850001e-01 4.686319060325191965e-02
0.000000000000000000e+00 1.361051393455331715e-01 0.000000000000000000e+00 2.284251035729000304e-02 1.212899309345975007e-01
5.488076298534159958e-02 1.096241407144466079e-01 0.000000000000000000e+00 0.000000000000000000e+00 1.291545975157166182e-01
1.353483101884495610e-01 7.900362498250297974e-03 0.000000000000000000e+00 0.000000000000000000e+00 7.480004456936006907e-02
1.177825693282711639e-01 0.000000000000000000e+00 5.068586960501491462e-02 4.781054970792972020e-05 1.713759005379847725e-02
2.565826797304062573e-02 0.000000000000000000e+00 1.478288085264619633e-01 3.053716808741589912e-03 0.000000000000000000e+00
0.000000000000000000e+00 5.004537046406461014e-03 1.478719866778595571e-01 4.204469863583581123e-03 0.000000000000000000e+00
0.000000000000000000e+00 0.000000000000000000e+00 5.963481131397883189e-02 3.436061561637789464e-03 0.000000000000000000e+00
0.000000000000000000e+00 0.000000000000000000e+00 2.472160825803523809e-02 5.993250975302753586e-04 0.000000000000000000e+00
0.000000000000000000e+00 0.000000000000000000e+00 7.328539997441275641e-03 1.776655427461286939e-04 0.000000000000000000e+00
0.000000000000000000e+00 0.000000000000000000e+00 0.000000000000000000e+00 0.000000000000000000e+00 0.000000000000000000e+00
0.000000000000000000e+00 0.000000000000000000e+00 0.000000000000000000e+00 0.000000000000000000e+00 0.000000000000000000e+00
0.000000000000000000e+00 0.000000000000000000e+00 0.000000000000000000e+00 0.000000000000000000e+00 0.000000000000000000e+00
0.000000000000000000e+00 0.000000000000000000e+00 0.000000000000000000e+00 0.000000000000000000e+00 0.000000000000000000e+00
0.000000000000000000e+00 0.000000000000000000e+00 0.000000000000000000e+00 0.000000000000000000e+00 0.000000000000000000e+00
0.000000000000000000e+00 0.000000000000000000e+00 0.000000000000000000e+00 0.000000000000000000e+00 0.000000000000000000e+00
0.000000000000000000e+00 0.000000000000000000e+00 0.000000000000000000e+00 0.000000000000000000e+00 0.000000000000000000e+00
0.000000000000000000e+00 0.000000000000000000e+00 0.000000000000000000e+00 0.000000000000000000e+00 0.000000000000000000e+00
0.000000000000000000e+00 0.000000000000000000e+00 1.391425806898753843e-02 2.096094720744446065e-03 0.000000000000000000e+00
0.000000000000000000e+00 0.000000000000000000e+00 1.812421307447604699e-02 2.730297738815846195e-03 0.000000000000000000e+00
0.000000000000000000e+00 0.000000000000000000e+00 1.765991638208182571e-02 2.647710368862004043e-03 0.000000000000000000e+00
0.000000000000000000e+00 0.000000000000000000e+00 2.429535112264576482e-02 1.443330259287514466e-03 2.845876904027524502e-03
0.000000000000000000e+00 0.000000000000000000e+00 2.699269347490674056e-02 1.153074908749512515e-03 3.669182069132033430e-03
0.000000000000000000e+00 0.000000000000000000e+00 2.455506955437299424e-02 2.345843358299190030e-03 2.885685457593462934e-03
2.248427978431784052e-04 0.000000000000000000e+00 1.740959162114866579e-02 3.949260620195189225e-02 0.000000000000000000e+00
0.000000000000000000e+00 0.000000000000000000e+00 3.565400029550412284e-03 8.920569669501511589e-02 0.000000000000000000e+00
0.000000000000000000e+00 0.000000000000000000e+00 0.000000000000000000e+00 1.181309773953399117e-01 0.000000000000000000e+00
0.000000000000000000e+00 2.832393950700129448e-02 0.000000000000000000e+00 1.057469643916413848e-01 2.785486519025225441e-02
0.000000000000000000e+00 9.288086062631960294e-02 0.000000000000000000e+00 4.094478300709741836e-02 1.003621227175729436e-01
0.000000000000000000e+00 1.353357820034742642e-01 0.000000000000000000e+00 0.000000000000000000e+00 1.344449793806015980e-01
8.131322211260115507e-02 8.129969287522560706e-02 0.000000000000000000e+00 0.000000000000000000e+00 1.008927904650343127e-01
1.374374166190109048e-01 0.000000000000000000e+00 0.000000000000000000e+00 0.000000000000000000e+00 3.418885081594416619e-02
1.050585826945368284e-01 0.000000000000000000e+00 5.102663733156449083e-02 7.556677095601835835e-03 0.000000000000000000e+00
1.691475764710083374e-02 0.000000000000000000e+00 1.450687532253802647e-01 3.754814489518987827e-03 0.000000000000000000e+00
0.000000000000000000e+00 6.265022535438485515e-03 1.406812168677423203e-01 3.821716437910207403e-03 0.000000000000000000e+00
0.000000000000000000e+00 4.150333446740441488e-03 7.255450903237334326e-02 1.073840313847555968e-03 0.000000000000000000e+00
0.000000000000000000e+00 0.000000000000000000e+00 2.575362134395555586e-02 5.977272797062966898e-04 0.000000000000000000e+00
0.000000000000000000e+00 0.000000000000000000e+00 1.270280266223153785e-02 3.079536074266242692e-04 0.000000000000000000e+00
0.000000000000000000e+00 0.000000000000000000e+00 0.000000000000000000e+00 0.000000000000000000e+00 0.000000000000000000e+00
0.000000000000000000e+00 0.000000000000000000e+00 0.000000000000000000e+00 0.000000000000000000e+00 0.000000000000000000e+00
0.000000000000000000e+00 0.000000000000000000e+00 0.000000000000000000e+00 0.000000000000000000e+00 0.000000000000000000e+00
0.000000000000000000e+00 0.000000000000000000e+00 0.000000000000000000e+00 0.000000000000000000e+00 0.000000000000000000e+00
0.000000000000000000e+00 0.000000000000000000e+00 0.000000000000000000e+00 0.000000000000000000e+00 0.000000000000000000e+00
0.000000000000000000e+00 0.000000000000000000e+00 0.000000000000000000e+00 0.000000000000000000e+00 0.000000000000000000e+00
0.000000000000000000e+00 0.000000000000000000e+00 0.000000000000000000e+00 0.000000000000000000e+00 0.000000000000000000e+00
0.000000000000000000e+00 0.000000000000000000e+00 0.000000000000000000e+00 0.000000000000000000e+00 0.000000000000000000e+00
0.000000000000000000e+00 0.000000000000000000e+00 1.213037882937374181e-03 1.827364628341313112e-04 0.000000000000000000e+00
0.000000000000000000e+00 0.000000000000000000e+00 1.084598577685181101e-02 1.633878961811054912e-03 0.000000000000000000e+00
0.000000000000000000e+00 1.639273250639438793e-03 4.415002349794854876e-03 6.415282476902072536e-04 1.319373274071965088e-04
0.000000000000000000e+00 3.412103709511183410e-03 5.431481787714091160e-03 1.392282183663937631e-04 1.135738174360179141e-03
0.000000000000000000e+00 4.970759512307157575e-04 1.080382599866206751e-02 1.149290406185082391e-03 3.184514040271807424e-03
0.000000000000000000e+00 0.000000000000000000e+00 6.701105832057589230e-03 3.064949218340369194e-02 0.000000000000000000e+00
0.000000000000000000e+00 0.000000000000000000e+00 5.547939403854171454e-03 7.828665398501488681e-02 0.000000000000000000e+00
0.000000000000000000e+00 0.000000000000000000e+00 6.561687499093448069e-03 1.086135536683396213e-01 0.000000000000000000e+00
0.000000000000000000e+00 4.969665045852834397e-03 3.704449926225840666e-03 9.473884298566102868e-02 1.860242039427454155e-02
0.000000000000000000e+00 5.438204436177285911e-02 0.000000000000000000e+00 5.289728873292025985e-02 9.183611258953480738e-02
0.000000000000000000e+00 1.025236284554123939e-01 0.000000000000000000e+00 4.352294056398948487e-03 1.319695718556353758e-01
7.600039841462631618e-03 1.162472757876352597e-01 0.000000000000000000e+00 0.000000000000000000e+00 1.218233735261738809e-01
1.036984019557451453e-01 4.784662752140616399e-02 0.000000000000000000e+00 0.000000000000000000e+00 5.857630794012962105e-02
1.356531204050893391e-01 0.000000000000000000e+00 0.000000000000000000e+00 0.000000000000000000e+00 0.000000000000000000e+00
9.406104011374596952e-02 0.000000000000000000e+00 7.737132854438137641e-02 1.140787793448771840e-02 0.000000000000000000e+00
1.279307991548489509e-02 1.314407402991883212e-03 1.369023175909673540e-01 3.423631580943335001e-03 0.000000000000000000e+00
0.000000000000000000e+00 5.646891785236409986e-03 1.210752820580558442e-01 3.478929623234152616e-03 0.000000000000000000e+00
0.000000000000000000e+00 8.074224196214323940e-03 9.230921846489661964e-02 3.371459663365470889e-04 0.000000000000000000e+00
0.000000000000000000e+00 8.845209670651195746e-04 4.066182376215203564e-02 3.683401360845809281e-04 0.000000000000000000e+00
0.000000000000000000e+00 0.000000000000000000e+00 2.071533972610068927e-02 5.022012674957245437e-04 0.000000000000000000e+00
0.000000000000000000e+00 0.000000000000000000e+00 0.000000000000000000e+00 0.000000000000000000e+00 0.000000000000000000e+00
0.000000000000000000e+00 0.000000000000000000e+00 0.000000000000000000e+00 0.000000000000000000e+00 0.000000000000000000e+00
0.000000000000000000e+00 0.000000000000000000e+00 0.000000000000000000e+00 0.000000000000000000e+00 0.000000000000000000e+00
0.000000000000000000e+00 0.000000000000000000e+00 0.000000000000000000e+00 0.000000000000000000e+00 0.000000000000000000e+00
0.000000000000000000e+00 0.000000000000000000e+00 0.000000000000000000e+00 0.000000000000000000e+00 0.000000000000000000e+00
0.000000000000000000e+00 0.000000000000000000e+00 0.000000000000000000e+00 0.000000000000000000e+00 0.000000000000000000e+00
0.000000000000000000e+00 0.000000000000000000e+00 0.000000000000000000e+00 0.000000000000000000e+00 0.000000000000000000e+00
0.000000000000000000e+00 0.000000000000000000e+00 0.000000000000000000e+00 0.000000000000000000e+00 0.000000000000000000e+00
0.000000000000000000e+00 0.000000000000000000e+00 0.000000000000000000e+00 0.000000000000000000e+00 0.000000000000000000e+00
0.000000000000000000e+00 0.000000000000000000e+00 0.000000000000000000e+00 0.000000000000000000e+00 0.000000000000000000e+00
0.000000000000000000e+00 0.000000000000000000e+00 0.000000000000000000e+00 0.000000000000000000e+00 0.000000000000000000e+00
0.000000000000000000e+00 2.026704297533210141e-03 0.000000000000000000e+00 2.153617552336701147e-03 2.856907766930195282e-05
0.000000000000000000e+00 0.000000000000000000e+00 0.000000000000000000e+00 2.366975492990394322e-02 0.000000000000000000e+00
0.000000000000000000e+00 0.000000000000000000e+00 0.000000000000000000e+00 7.009415239786054297e-02 0.000000000000000000e+00
0.000000000000000000e+00 0.000000000000000000e+00 0.000000000000000000e+00 9.665632634804974255e-02 0.000000000000000000e+00
0.000000000000000000e+00 9.864822063932511282e-04 0.000000000000000000e+00 7.959871762072061319e-02 9.774176226850622359e-03
0.000000000000000000e+00 2.903173017648795137e-02 0.000000000000000000e+00 5.935599006720849308e-02 6.926613580479223931e-02
0.000000000000000000e+00 7.191732140646241167e-02 0.000000000000000000e+00 1.728868513373864324e-02 1.178553521736256521e-01
0.000000000000000000e+00 1.016718522985901318e-01 0.000000000000000000e+00 0.000000000000000000e+00 1.270698230815285601e-01
2.460200850635214237e-02 9.246466753232066016e-02 0.000000000000000000e+00 0.000000000000000000e+00 8.329177579837337975e-02
1.016861620526353510e-01 3.166486648134985565e-02 0.000000000000000000e+00 0.000000000000000000e+00 2.285629515777785892e-02
1.323681968207328086e-01 0.000000000000000000e+00 0.000000000000000000e+00 5.678904545451153455e-04 0.000000000000000000e+00
8.382317851389727015e-02 0.000000000000000000e+00 7.781918737464511848e-02 1.391929277085340519e-02 0.000000000000000000e+00
1.242797670010398897e-02 2.762712365171336379e-03 1.232406520093990293e-01 3.770910619606941856e-03 0.000000000000000000e+00
1.361704097466026392e-03 6.184273790432870746e-03 1.054473792328429332e-01 1.922138648116946281e-03 0.000000000000000000e+00
0.000000000000000000e+00 8.904374822548218396e-03 9.104481391714615290e-02 0.000000000000000000e+00 0.000000000000000000e+00
0.000000000000000000e+00 4.820803267657442458e-03 5.679783545194794919e-02 0.000000000000000000e+00 0.000000000000000000e+00
0.000000000000000000e+00 0.000000000000000000e+00 2.384218345834229758e-02 5.780052324007396367e-04 0.000000000000000000e+00
0.000000000000000000e+00 0.000000000000000000e+00 1.837020692691947177e-02 4.453482938169633595e-04 0.000000000000000000e+00
0.000000000000000000e+00 0.000000000000000000e+00 2.833702132343960452e-03 6.869734319516977554e-05 0.000000000000000000e+00
0.000000000000000000e+00 0.000000000000000000e+00 0.000000000000000000e+00 0.000000000000000000e+00 0.000000000000000000e+00
0.000000000000000000e+00 0.000000000000000000e+00 0.000000000000000000e+00 0.000000000000000000e+00 0.000000000000000000e+00
0.000000000000000000e+00 0.000000000000000000e+00 0.000000000000000000e+00 0.000000000000000000e+00 0.000000000000000000e+00
0.000000000000000000e+00 0.000000000000000000e+00 0.000000000000000000e+00 0.000000000000000000e+00 0.000000000000000000e+00
0.000000000000000000e+00 0.000000000000000000e+00 0.000000000000000000e+00 0.000000000000000000e+00 0.000000000000000000e+00
0.000000000000000000e+00 0.000000000000000000e+00 0.000000000000000000e+00 0.000000000000000000e+00 0.000000000000000000e+00
0.000000000000000000e+00 0.000000000000000000e+00 0.000000000000000000e+00 0.000000000000000000e+00 0.000000000000000000e+00
0.000000000000000000e+00 0.000000000000000000e+00 0.000000000000000000e+00 0.000000000000000000e+00 0.000000000000000000e+00
0.000000000000000000e+00 0.000000000000000000e+00 0.000000000000000000e+00 7.185975385187892044e-04 0.000000000000000000e+00
0.000000000000000000e+00 0.000000000000000000e+00 0.000000000000000000e+00 1.530867924551845664e-02 0.000000000000000000e+00
0.000000000000000000e+00 0.000000000000000000e+00 0.000000000000000000e+00 6.408564073812066109e-02 0.000000000000000000e+00
0.000000000000000000e+00 0.000000000000000000e+00 0.000000000000000000e+00 8.736536226327541732e-02 0.000000000000000000e+00
0.000000000000000000e+00 4.441359530939569845e-03 0.000000000000000000e+00 8.269225058298394770e-02 1.327996951654974566e-03
0.000000000000000000e+00 1.675854798138519744e-02 0.000000000000000000e+00 5.934809924523214847e-02 4.953964763511264219e-02
0.000000000000000000e+00 5.121434517783227114e-02 0.000000000000000000e+00 3.040716952042310170e-02 1.031583324993931988e-01
0.000000000000000000e+00 7.917352144438993822e-02 0.000000000000000000e+00 0.000000000000000000e+00 1.321482996273763422e-01
0.000000000000000000e+00 9.159475399476986468e-02 0.000000000000000000e+00 0.000000000000000000e+00 1.013201471320625963e-01
3.868626129289046145e-02 7.649036269251341391e-02 0.000000000000000000e+00 0.000000000000000000e+00 4.633310938336390045e-02
1.036474132993219915e-01 1.903954386895989614e-02 0.000000000000000000e+00 0.000000000000000000e+00 6.714288709892877668e-03
1.345453039480019874e-01 0.000000000000000000e+00 0.000000000000000000e+00 8.020428691964329171e-04 0.000000000000000000e+00
8.913746913046749487e-02 0.000000000000000000e+00 4.248784987786273504e-02 1.267796777630955316e-02 0.000000000000000000e+00
2.368937224204206715e-02 0.000000000000000000e+00 1.084768151392568741e-01 6.725519174614673530e-03 0.000000000000000000e+00
0.000000000000000000e+00 7.000493142895304090e-03 1.033468536528028420e-01 1.436745286474321167e-03 0.000000000000000000e+00
0.000000000000000000e+00 9.708203038275848087e-03 8.013195013401928912e-02 0.000000000000000000e+00 0.000000000000000000e+00
0.000000000000000000e+00 7.999176181067024424e-03 6.376237009361773733e-02 0.000000000000000000e+00 0.000000000000000000e+00
0.000000000000000000e+00 6.430046030311431125e-04 3.602597499131625358e-02 2.879008956364235918e-04 0.000000000000000000e+00
0.000000000000000000e+00 0.000000000000000000e+00 2.472160825803523809e-02 5.993250975302753586e-04 0.000000000000000000e+00
0.000000000000000000e+00 0.000000000000000000e+00 1.133480852937584181e-02 2.747893727806791021e-04 0.000000000000000000e+00
0.000000000000000000e+00 0.000000000000000000e+00 0.000000000000000000e+00 0.000000000000000000e+00 0.000000000000000000e+00
0.000000000000000000e+00 0.000000000000000000e+00 0.000000000000000000e+00 0.000000000000000000e+00 0.000000000000000000e+00
0.000000000000000000e+00 0.000000000000000000e+00 0.000000000000000000e+00 0.000000000000000000e+00 0.000000000000000000e+00
0.000000000000000000e+00 0.000000000000000000e+00 0.000000000000000000e+00 0.000000000000000000e+00 0.000000000000000000e+00
0.000000000000000000e+00 0.000000000000000000e+00 0.000000000000000000e+00 0.000000000000000000e+00 0.000000000000000000e+00
0.000000000000000000e+00 0.000000000000000000e+00 0.000000000000000000e+00 0.000000000000000000e+00 0.000000000000000000e+00
0.000000000000000000e+00 0.000000000000000000e+00 0.000000000000000000e+00 0.000000000000000000e+00 0.000000000000000000e+00
0.000000000000000000e+00 0.000000000000000000e+00 2.612624045031211113e-06 2.696985870559665747e-04 0.000000000000000000e+00
0.000000000000000000e+00 0.000000000000000000e+00 0.000000000000000000e+00 6.867066185563466298e-03 0.000000000000000000e+00
0.000000000000000000e+00 0.000000000000000000e+00 0.000000000000000000e+00 4.134138442887395209e-02 0.000000000000000000e+00
0.000000000000000000e+00 0.000000000000000000e+00 0.000000000000000000e+00 7.912179842811960240e-02 0.000000000000000000e+00
0.000000000000000000e+00 2.433349876365622935e-04 0.000000000000000000e+00 6.985615789735714898e-02 0.000000000000000000e+00
0.000000000000000000e+00 6.317025094661476124e-03 0.000000000000000000e+00 5.232881716504296510e-02 2.284271388310916626e-02
0.000000000000000000e+00 2.804273159104476304e-02 0.000000000000000000e+00 4.170940894078058181e-02 8.605529100994255276e-02
0.000000000000000000e+00 5.556151151819636175e-02 0.000000000000000000e+00 1.605021479484980461e-05 1.211154990391995201e-01
0.000000000000000000e+00 7.204982642253150715e-02 0.000000000000000000e+00 0.000000000000000000e+00 1.154725149948240964e-01
0.000000000000000000e+00 7.586190796305498918e-02 0.000000000000000000e+00 0.000000000000000000e+00 6.784666028973161678e-02
4.851666052006053942e-02 4.936810359692230671e-02 0.000000000000000000e+00 0.000000000000000000e+00 3.008098902416526943e-02
1.039029959000605935e-01 1.462442545995065908e-02 0.000000000000000000e+00 0.000000000000000000e+00 0.000000000000000000e+00
1.244839352157746104e-01 0.000000000000000000e+00 0.000000000000000000e+00 0.000000000000000000e+00 0.000000000000000000e+00
8.955132784465380524e-02 0.000000000000000000e+00 1.333758873473547650e-02 1.043307966268744967e-02 0.000000000000000000e+00
2.361974349804300821e-02 0.000000000000000000e+00 8.780666897281683148e-02 6.118686312183786551e-03 0.000000000000000000e+00
4.023865929217301796e-04 4.812993674268432540e-03 9.477304800802180407e-02 1.604683284311229918e-03 0.000000000000000000e+00
0.000000000000000000e+00 9.244637984167932906e-03 7.800168086618493313e-02 0.000000000000000000e+00 0.000000000000000000e+00
0.000000000000000000e+00 5.735976230662196210e-03 4.140877806518763332e-02 0.000000000000000000e+00 0.000000000000000000e+00
0.000000000000000000e+00 9.583221416945722580e-04 3.179816941125709895e-02 1.715762188753741494e-04 0.000000000000000000e+00
0.000000000000000000e+00 0.000000000000000000e+00 2.472160825803523809e-02 5.993250975302753586e-04 0.000000000000000000e+00
0.000000000000000000e+00 0.000000000000000000e+00 1.133480852937584181e-02 2.747893727806791021e-04 0.000000000000000000e+00
0.000000000000000000e+00 0.000000000000000000e+00 0.000000000000000000e+00 0.000000000000000000e+00 0.000000000000000000e+00
0.000000000000000000e+00 0.000000000000000000e+00 0.000000000000000000e+00 0.000000000000000000e+00 0.000000000000000000e+00
0.000000000000000000e+00 0.000000000000000000e+00 0.000000000000000000e+00 0.000000000000000000e+00 0.000000000000000000e+00
0.000000000000000000e+00 0.000000000000000000e+00 0.000000000000000000e+00 0.000000000000000000e+00 0.000000000000000000e+00
0.000000000000000000e+00 0.000000000000000000e+00 0.000000000000000000e+00 0.000000000000000000e+00 0.000000000000000000e+00
0.000000000000000000e+00 0.000000000000000000e+00 0.000000000000000000e+00 0.000000000000000000e+00 0.000000000000000000e+00
0.000000000000000000e+00 0.000000000000000000e+00 0.000000000000000000e+00 0.000000000000000000e+00 0.000000000000000000e+00
0.000000000000000000e+00 0.000000000000000000e+00 1.799331293403327216e-05 3.368392349729275922e-03 0.000000000000000000e+00
0.000000000000000000e+00 0.000000000000000000e+00 0.000000000000000000e+00 2.816374681098053612e-02 0.000000000000000000e+00
0.000000000000000000e+00 0.000000000000000000e+00 0.000000000000000000e+00 4.944048604201314173e-02 0.000000000000000000e+00
0.000000000000000000e+00 0.000000000000000000e+00 0.000000000000000000e+00 5.729683004040525551e-02 0.000000000000000000e+00
0.000000000000000000e+00 3.220776791409085682e-03 0.000000000000000000e+00 4.985494244128176045e-02 0.000000000000000000e+00
0.000000000000000000e+00 1.108893045338672778e-02 0.000000000000000000e+00 4.002591299117530532e-02 2.557596018243264713e-02
0.000000000000000000e+00 2.459589524970392030e-02 0.000000000000000000e+00 1.704008683219183917e-02 8.688981429257543188e-02
0.000000000000000000e+00 4.198545925125309747e-02 0.000000000000000000e+00 0.000000000000000000e+00 1.003250257740014584e-01
0.000000000000000000e+00 5.661194780217251171e-02 0.000000000000000000e+00 0.000000000000000000e+00 7.964848039686213410e-02
0.000000000000000000e+00 6.770572002874583606e-02 0.000000000000000000e+00 0.000000000000000000e+00 4.227656944672215228e-02
2.943432163509083696e-02 3.529357341452118296e-02 0.000000000000000000e+00 0.000000000000000000e+00 1.552583083591780981e-02
7.507422797457442842e-02 2.010076949653189990e-02 0.000000000000000000e+00 0.000000000000000000e+00 0.000000000000000000e+00
9.116102920248972397e-02 0.000000000000000000e+00 0.000000000000000000e+00 0.000000000000000000e+00 0.000000000000000000e+00
5.420159624154566314e-02 0.000000000000000000e+00 1.032197466590316186e-02 2.138300814010644143e-03 0.000000000000000000e+00
1.647339544240606843e-02 8.137985276900760057e-04 4.631563688958603708e-02 7.959041725488267367e-04 0.000000000000000000e+00
9.505590924843551528e-04 2.624050271774151961e-03 5.255536266997444528e-02 3.661295205432719838e-04 0.000000000000000000e+00
0.000000000000000000e+00 4.528149128503869414e-03 5.674343027757154656e-02 1.002775632107658554e-04 0.000000000000000000e+00
0.000000000000000000e+00 1.531906246260427611e-03 1.433969584464914009e-02 7.762300875938591544e-05 0.000000000000000000e+00
0.000000000000000000e+00 0.000000000000000000e+00 2.051714802432535664e-02 3.406550203063969011e-04 0.000000000000000000e+00
0.000000000000000000e+00 0.000000000000000000e+00 2.364675572507716692e-02 5.732674845941765525e-04 0.000000000000000000e+00
0.000000000000000000e+00 0.000000000000000000e+00 5.178834931525172318e-03 1.255503168739311359e-04 0.000000000000000000e+00
0.000000000000000000e+00 0.000000000000000000e+00 0.000000000000000000e+00 0.000000000000000000e+00 0.000000000000000000e+00
0.000000000000000000e+00 0.000000000000000000e+00 0.000000000000000000e+00 0.000000000000000000e+00 0.000000000000000000e+00
0.000000000000000000e+00 0.000000000000000000e+00 0.000000000000000000e+00 0.000000000000000000e+00 0.000000000000000000e+00
0.000000000000000000e+00 0.000000000000000000e+00 0.000000000000000000e+00 0.000000000000000000e+00 0.000000000000000000e+00
0.000000000000000000e+00 0.000000000000000000e+00 0.000000000000000000e+00 0.000000000000000000e+00 0.000000000000000000e+00
0.000000000000000000e+00 0.000000000000000000e+00 0.000000000000000000e+00 0.000000000000000000e+00 0.000000000000000000e+00
0.000000000000000000e+00 0.000000000000000000e+00 1.654661895186431404e-05 1.708091051354454666e-03 0.000000000000000000e+00
0.000000000000000000e+00 0.000000000000000000e+00 0.000000000000000000e+00 1.518730698800435479e-02 0.000000000000000000e+00
0.000000000000000000e+00 0.000000000000000000e+00 0.000000000000000000e+00 1.655917640428263699e-02 0.000000000000000000e+00
0.000000000000000000e+00 2.143364981293667884e-03 0.000000000000000000e+00 2.007392128307182097e-02 0.000000000000000000e+00
0.000000000000000000e+00 1.913322989872238500e-03 0.000000000000000000e+00 1.909722754151303367e-02 0.000000000000000000e+00
0.000000000000000000e+00 5.739089132790511395e-03 0.000000000000000000e+00 1.417571113407736436e-02 2.496513238884338643e-03
0.000000000000000000e+00 4.966461624977959281e-03 0.000000000000000000e+00 5.371833250389320726e-03 1.443737683532345627e-02
7.662180774808105468e-04 3.196416756610278870e-03 0.000000000000000000e+00 1.092679842201618387e-03 1.856041172724904459e-02
0.000000000000000000e+00 1.255615943382333392e-02 0.000000000000000000e+00 0.000000000000000000e+00 8.228048960175293400e-03
0.000000000000000000e+00 1.137568365029762579e-02 0.000000000000000000e+00 0.000000000000000000e+00 2.778013652159488922e-03
0.000000000000000000e+00 1.025696377349988656e-02 3.154429156854658862e-03 0.000000000000000000e+00 0.000000000000000000e+00
6.295727584255467885e-03 3.205307361758822238e-03 6.508259302262066684e-03 0.000000000000000000e+00 2.737946895263652491e-03
1.731799008191709302e-02 3.450926462067006179e-03 0.000000000000000000e+00 0.000000000000000000e+00 0.000000000000000000e+00
2.826425086186398414e-02 7.661186569765943144e-03 0.000000000000000000e+00 0.000000000000000000e+00 0.000000000000000000e+00
1.942783912584951714e-02 4.104764080920893579e-03 0.000000000000000000e+00 1.515199872255320766e-03 0.000000000000000000e+00
5.255294994749973130e-03 1.814166356063360089e-03 2.056251086486956745e-02 0.000000000000000000e+00 0.000000000000000000e+00
0.000000000000000000e+00 2.021542135766840782e-03 2.564327691580304408e-02 0.000000000000000000e+00 0.000000000000000000e+00
0.000000000000000000e+00 1.075024740201699792e-03 1.204128103211821350e-02 4.662165445675246290e-05 0.000000000000000000e+00
0.000000000000000000e+00 2.820986906912262130e-04 3.159768781477830229e-03 1.223405116950246979e-05 0.000000000000000000e+00
0.000000000000000000e+00 0.000000000000000000e+00 0.000000000000000000e+00 0.000000000000000000e+00 0.000000000000000000e+00
0.000000000000000000e+00 0.000000000000000000e+00 0.000000000000000000e+00 0.000000000000000000e+00 0.000000000000000000e+00
0.000000000000000000e+00 0.000000000000000000e+00 0.000000000000000000e+00 0.000000000000000000e+00 0.000000000000000000e+00
0.000000000000000000e+00 0.000000000000000000e+00 0.000000000000000000e+00 0.000000000000000000e+00 0.000000000000000000e+00
0.000000000000000000e+00 0.000000000000000000e+00 0.000000000000000000e+00 0.000000000000000000e+00 0.000000000000000000e+00
0.000000000000000000e+00 0.000000000000000000e+00 0.000000000000000000e+00 0.000000000000000000e+00 0.000000000000000000e+00
0.000000000000000000e+00 0.000000000000000000e+00 0.000000000000000000e+00 0.000000000000000000e+00 0.000000000000000000e+00
0.000000000000000000e+00 0.000000000000000000e+00 0.000000000000000000e+00 0.000000000000000000e+00 0.000000000000000000e+00
0.000000000000000000e+00 0.000000000000000000e+00 0.000000000000000000e+00 0.000000000000000000e+00 0.000000000000000000e+00
0.000000000000000000e+00 0.000000000000000000e+00 0.000000000000000000e+00 0.000000000000000000e+00 0.000000000000000000e+00
0.000000000000000000e+00 0.000000000000000000e+00 0.000000000000000000e+00 0.000000000000000000e+00 0.000000000000000000e+00
0.000000000000000000e+00 0.000000000000000000e+00 0.000000000000000000e+00 0.000000000000000000e+00 0.000000000000000000e+00
0.000000000000000000e+00 0.000000000000000000e+00 0.000000000000000000e+00 0.000000000000000000e+00 0.000000000000000000e+00
0.000000000000000000e+00 0.000000000000000000e+00 0.000000000000000000e+00 0.000000000000000000e+00 0.000000000000000000e+00
0.000000000000000000e+00 0.000000000000000000e+00 0.000000000000000000e+00 0.000000000000000000e+00 0.000000000000000000e+00
0.000000000000000000e+00 0.000000000000000000e+00 0.000000000000000000e+00 0.000000000000000000e+00 0.000000000000000000e+00
0.000000000000000000e+00 0.000000000000000000e+00 0.000000000000000000e+00 0.000000000000000000e+00 0.000000000000000000e+00
0.000000000000000000e+00 0.000000000000000000e+00 0.000000000000000000e+00 0.000000000000000000e+00 0.000000000000000000e+00
0.000000000000000000e+00 0.000000000000000000e+00 0.000000000000000000e+00 0.000000000000000000e+00 0.000000000000000000e+00
0.000000000000000000e+00 0.000000000000000000e+00 0.000000000000000000e+00 0.000000000000000000e+00 0.000000000000000000e+00
0.000000000000000000e+00 0.000000000000000000e+00 0.000000000000000000e+00 0.000000000000000000e+00 0.000000000000000000e+00
0.000000000000000000e+00 0.000000000000000000e+00 0.000000000000000000e+00 0.000000000000000000e+00 0.000000000000000000e+00
0.000000000000000000e+00 0.000000000000000000e+00 0.000000000000000000e+00 0.000000000000000000e+00 0.000000000000000000e+00
0.000000000000000000e+00 3.316735704332017125e-05 7.826370051999498268e-04 0.000000000000000000e+00 0.000000000000000000e+00
0.000000000000000000e+00 5.283086157614570256e-04 1.246628943997062262e-02 0.000000000000000000e+00 0.000000000000000000e+00
0.000000000000000000e+00 2.606006624832303748e-04 6.149290755142459812e-03 0.000000000000000000e+00 0.000000000000000000e+00
0.000000000000000000e+00 0.000000000000000000e+00 0.000000000000000000e+00 0.000000000000000000e+00 0.000000000000000000e+00
0.000000000000000000e+00 0.000000000000000000e+00 0.000000000000000000e+00 0.000000000000000000e+00 0.000000000000000000e+00
0.000000000000000000e+00 0.000000000000000000e+00 0.000000000000000000e+00 0.000000000000000000e+00 0.000000000000000000e+00
0.000000000000000000e+00 0.000000000000000000e+00 0.000000000000000000e+00 0.000000000000000000e+00 0.000000000000000000e+00
0.000000000000000000e+00 0.000000000000000000e+00 0.000000000000000000e+00 0.000000000000000000e+00 0.000000000000000000e+00
0.000000000000000000e+00 0.000000000000000000e+00 0.000000000000000000e+00 0.000000000000000000e+00 0.000000000000000000e+00
0.000000000000000000e+00 0.000000000000000000e+00 0.000000000000000000e+00 0.000000000000000000e+00 0.000000000000000000e+00
0.000000000000000000e+00 0.000000000000000000e+00 0.000000000000000000e+00 0.000000000000000000e+00 0.000000000000000000e+00
