400.4680244922638
0.000000000000000000e+00 0.000000000000000000e+00 0.000000000000000000e+00 0.000000000000000000e+00 0.000000000000000000e+00
0.000000000000000000e+00 0.000000000000000000e+00 0.000000000000000000e+00 0.000000000000000000e+00 0.000000000000000000e+00
0.000000000000000000e+00 0.000000000000000000e+00 0.000000000000000000e+00 0.000000000000000000e+00 0.000000000000000000e+00
0.000000000000000000e+00 0.000000000000000000e+00 0.000000000000000000e+00 0.000000000000000000e+00 0.000000000000000000e+00
0.000000000000000000e+00 0.000000000000000000e+00 0.000000000000000000e+00 0.000000000000000000e+00 0.000000000000000000e+00
0.000000000000000000e+00 0.000000000000000000e+00 0.000000000000000000e+00 0.000000000000000000e+00 0.000000000000000000e+00
0.000000000000000000e+00 0.000000000000000000e+00 0.000000000000000000e+00 0.000000000000000000e+00 0.000000000000000000e+00
0.000000000000000000e+00 0.000000000000000000e+00 0.000000000000000000e+00 0.000000000000000000e+00 0.000000000000000000e+00
0.000000000000000000e+00 0.000000000000000000e+00 0.000000000000000000e+00 0.000000000000000000e+00 0.000000000000000000e+00
0.000000000000000000e+00 0.000000000000000000e+00 0.000000000000000000e+00 0.000000000000000000e+00 0.000000000000000000e+00
0.000000000000000000e+00 0.000000000000000000e+00 0.000000000000000000e+00 0.000000000000000000e+00 0.000000000000000000e+00
0.000000000000000000e+00 0.000000000000000000e+00 0.000000000000000000e+00 0.000000000000000000e+00 0.000000000000000000e+00
0.000000000000000000e+00 0.000000000000000000e+00 0.000000000000000000e+00 0.000000000000000000e+00 0.000000000000000000e+00
0.000000000000000000e+00 0.000000000000000000e+00 0.000000000000000000e+00 0.000000000000000000e+00 0.000000000000000000e+00
0.000000000000000000e+00 0.000000000000000000e+00 0.000000000000000000e+00 0.000000000000000000e+00 0.000000000000000000e+00
0.000000000000000000e+00 0.000000000000000000e+00 0.000000000000000000e+00 0.000000000000000000e+00 0.000000000000000000e+00
0.000000000000000000e+00 0.000000000000000000e+00 0.000000000000000000e+00 0.000000000000000000e+00 0.000000000000000000e+00
0.000000000000000000e+00 0.000000000000000000e+00 0.000000000000000000e+00 0.000000000000000000e+00 0.000000000000000000e+00
0.000000000000000000e+00 0.000000000000000000e+00 0.000000000000000000e+00 0.000000000000000000e+00 0.000000000000000000e+00
0.000000000000000000e+00 0.000000000000000000e+00 0.000000000000000000e+00 0.000000000000000000e+00 0.000000000000000000e+00
0.000000000000000000e+00 0.000000000000000000e+00 0.000000000000000000e+00 0.000000000000000000e+00 0.000000000000000000e+00
0.000000000000000000e+00 0.000000000000000000e+00 0.000000000000000000e+00 0.000000000000000000e+00 0.000000000000000000e+00
0.000000000000000000e+00 0.000000000000000000e+00 0.000000000000000000e+00 0.000000000000000000e+00 0.000000000000000000e+00
0.000000000000000000e+00 0.000000000000000000e+00 0.000000000000000000e+00 0.000000000000000000e+00 0.000000000000000000e+00
0.000000000000000000e+00 0.000000000000000000e+00 0.000000000000000000e+00 0.000000000000000000e+00 0.000000000000000000e+00
0.000000000000000000e+00 0.000000000000000000e+00 0.000000000000000000e+00 0.000000000000000000e+00 0.000000000000000000e+00
0.000000000000000000e+00 0.000000000000000000e+00 0.000000000000000000e+00 0.000000000000000000e+00 0.000000000000000000e+00
0.000000000000000000e+00 0.000000000000000000e+00 0.000000000000000000e+00 0.000000000000000000e+00 0.000000000000000000e+00
0.000000000000000000e+00 0.000000000000000000e+00 0.000000000000000000e+00 0.000000000000000000e+00 0.000000000000000000e+00
0.000000000000000000e+00 0.000000000000000000e+00 0.000000000000000000e+00 0.000000000000000000e+00 0.000000000000000000e+00
0.000000000000000000e+00 0.000000000000000000e+00 0.000000000000000000e+00 0.000000000000000000e+00 0.000000000000000000e+00
0.000000000000000000e+00 0.000000000000000000e+00 0.000000000000000000e+00 0.000000000000000000e+00 0.000000000000000000e+00
0.000000000000000000e+00 0.000000000000000000e+00 0.000000000000000000e+00 0.000000000000000000e+00 0.000000000000000000e+00
0.000000000000000000e+00 0.000000000000000000e+00 0.000000000000000000e+00 0.000000000000000000e+00 0.000000000000000000e+00
0.000000000000000000e+00 0.000000000000000000e+00 0.000000000000000000e+00 0.000000000000000000e+00 0.000000000000000000e+00
0.000000000000000000e+00 0.000000000000000000e+00 0.000000000000000000e+00 0.000000000000000000e+00 0.000000000000000000e+00
0.000000000000000000e+00 0.000000000000000000e+00 0.000000000000000000e+00 0.000000000000000000e+00 0.000000000000000000e+00
0.000000000000000000e+00 0.000000000000000000e+00 0.000000000000000000e+00 0.000000000000000000e+00 0.000000000000000000e+00
0.000000000000000000e+00 0.000000000000000000e+00 0.000000000000000000e+00 0.000000000000000000e+00 0.000000000000000000e+00
0.000000000000000000e+00 0.000000000000000000e+00 0.000000000000000000e+00 0.000000000000000000e+00 0.000000000000000000e+00
0.000000000000000000e+00 0.000000000000000000e+00 0.000000000000000000e+00 0.000000000000000000e+00 0.000000000000000000e+00
0.000000000000000000e+00 0.000000000000000000e+00 0.000000000000000000e+00 0.000000000000000000e+00 0.000000000000000000e+00
0.000000000000000000e+00 0.000000000000000000e+00 0.000000000000000000e+00 0.000000000000000000e+00 0.000000000000000000e+00
0.000000000000000000e+00 0.000000000000000000e+00 0.000000000000000000e+00 0.000000000000000000e+00 0.000000000000000000e+00
0.000000000000000000e+00 0.000000000000000000e+00 0.000000000000000000e+00 0.000000000000000000e+00 0.000000000000000000e+00
0.000000000000000000e+00 0.000000000000000000e+00 0.000000000000000000e+00 0.000000000000000000e+00 0.000000000000000000e+00
0.000000000000000000e+00 0.000000000000000000e+00 0.000000000000000000e+00 0.000000000000000000e+00 0.000000000000000000e+00
0.000000000000000000e+00 0.000000000000000000e+00 0.000000000000000000e+00 0.000000000000000000e+00 0.000000000000000000e+00
0.000000000000000000e+00 0.000000000000000000e+00 0.000000000000000000e+00 0.000000000000000000e+00 0.000000000000000000e+00
0.000000000000000000e+00 0.000000000000000000e+00 0.000000000000000000e+00 0.000000000000000000e+00 0.000000000000000000e+00
0.000000000000000000e+00 0.000000000000000000e+00 0.000000000000000000e+00 0.000000000000000000e+00 0.000000000000000000e+00
0.000000000000000000e+00 0.000000000000000000e+00 0.000000000000000000e+00 0.000000000000000000e+00 0.000000000000000000e+00
0.000000000000000000e+00 0.000000000000000000e+00 0.000000000000000000e+00 0.000000000000000000e+00 0.000000000000000000e+00
0.000000000000000000e+00 0.000000000000000000e+00 0.000000000000000000e+00 0.000000000000000000e+00 0.000000000000000000e+00
0.000000000000000000e+00 0.000000000000000000e+00 0.000000000000000000e+00 0.000000000000000000e+00 0.000000000000000000e+00
0.000000000000000000e+00 0.000000000000000000e+00 0.000000000000000000e+00 0.000000000000000000e+00 0.000000000000000000e+00
0.000000000000000000e+00 0.000000000000000000e+00 0.000000000000000000e+00 0.000000000000000000e+00 0.000000000000000000e+00
0.000000000000000000e+00 0.000000000000000000e+00 0.000000000000000000e+00 0.000000000000000000e+00 0.000000000000000000e+00
0.000000000000000000e+00 0.000000000000000000e+00 0.000000000000000000e+00 0.000000000000000000e+00 0.000000000000000000e+00
0.000000000000000000e+00 0.000000000000000000e+00 0.000000000000000000e+00 0.000000000000000000e+00 0.000000000000000000e+00
0.000000000000000000e+00 0.000000000000000000e+00 0.000000000000000000e+00 0.000000000000000000e+00 0.000000000000000000e+00
0.000000000000000000e+00 0.000000000000000000e+00 0.000000000000000000e+00 0.000000000000000000e+00 0.000000000000000000e+00
0.000000000000000000e+00 0.000000000000000000e+00 0.000000000000000000e+00 0.000000000000000000e+00 0.000000000000000000e+00
0.000000000000000000e+00 0.000000000000000000e+00 0.000000000000000000e+00 0.000000000000000000e+00 0.000000000000000000e+00
0.000000000000000000e+00 0.000000000000000000e+00 0.000000000000000000e+00 0.000000000000000000e+00 0.000000000000000000e+00
0.000000000000000000e+00 0.000000000000000000e+00 0.000000000000000000e+00 0.000000000000000000e+00 0.000000000000000000e+00
0.000000000000000000e+00 0.000000000000000000e+00 0.000000000000000000e+00 0.000000000000000000e+00 0.000000000000000000e+00
0.000000000000000000e+00 0.000000000000000000e+00 0.000000000000000000e+00 0.000000000000000000e+00 0.000000000000000000e+00
0.000000000000000000e+00 0.000000000000000000e+00 0.000000000000000000e+00 0.000000000000000000e+00 0.000000000000000000e+00
0.000000000000000000e+00 0.000000000000000000e+00 0.000000000000000000e+00 0.000000000000000000e+00 0.000000000000000000e+00
0.000000000000000000e+00 0.000000000000000000e+00 0.000000000000000000e+00 0.000000000000000000e+00 0.000000000000000000e+00
0.000000000000000000e+00 0.000000000000000000e+00 0.000000000000000000e+00 0.000000000000000000e+00 0.000000000000000000e+00
0.000000000000000000e+00 0.000000000000000000e+00 0.000000000000000000e+00 0.000000000000000000e+00 0.000000000000000000e+00
0.000000000000000000e+00 0.000000000000000000e+00 0.000000000000000000e+00 0.000000000000000000e+00 0.000000000000000000e+00
0.000000000000000000e+00 0.000000000000000000e+00 0.000000000000000000e+00 0.000000000000000000e+00 0.000000000000000000e+00
0.000000000000000000e+00 0.000000000000000000e+00 0.000000000000000000e+00 0.000000000000000000e+00 0.000000000000000000e+00
0.000000000000000000e+00 0.000000000000000000e+00 0.000000000000000000e+00 0.000000000000000000e+00 0.000000000000000000e+00
0.000000000000000000e+00 0.000000000000000000e+00 0.000000000000000000e+00 0.000000000000000000e+00 0.000000000000000000e+00
0.000000000000000000e+00 0.000000000000000000e+00 0.000000000000000000e+00 0.000000000000000000e+00 0.000000000000000000e+00
0.000000000000000000e+00 0.000000000000000000e+00 0.000000000000000000e+00 0.000000000000000000e+00 0.000000000000000000e+00
0.000000000000000000e+00 0.000000000000000000e+00 0.000000000000000000e+00 0.000000000000000000e+00 0.000000000000000000e+00
0.000000000000000000e+00 0.000000000000000000e+00 0.000000000000000000e+00 0.000000000000000000e+00 0.000000000000000000e+00
0.000000000000000000e+00 0.000000000000000000e+00 0.000000000000000000e+00 0.000000000000000000e+00 0.000000000000000000e+00
0.000000000000000000e+00 0.000000000000000000e+00 0.000000000000000000e+00 0.000000000000000000e+00 0.000000000000000000e+00
0.000000000000000000e+00 0.000000000000000000e+00 0.000000000000000000e+00 0.000000000000000000e+00 0.000000000000000000e+00
0.000000000000000000e+00 0.000000000000000000e+00 0.000000000000000000e+00 0.000000000000000000e+00 0.000000000000000000e+00
0.000000000000000000e+00 0.000000000000000000e+00 0.000000000000000000e+00 0.000000000000000000e+00 0.000000000000000000e+00
0.000000000000000000e+00 0.000000000000000000e+00 0.000000000000000000e+00 0.000000000000000000e+00 0.000000000000000000e+00
0.000000000000000000e+00 0.000000000000000000e+00 0.000000000000000000e+00 0.000000000000000000e+00 0.000000000000000000e+00
0.000000000000000000e+00 0.000000000000000000e+00 0.000000000000000000e+00 0.000000000000000000e+00 0.000000000000000000e+00
0.000000000000000000e+00 0.000000000000000000e+00 0.000000000000000000e+00 0.000000000000000000e+00 0.000000000000000000e+00
0.000000000000000000e+00 0.000000000000000000e+00 0.000000000000000000e+00 0.000000000000000000e+00 0.000000000000000000e+00
0.000000000000000000e+00 0.000000000000000000e+00 0.000000000000000000e+00 0.000000000000000000e+00 0.000000000000000000e+00
0.000000000000000000e+00 0.000000000000000000e+00 0.000000000000000000e+00 0.000000000000000000e+00 0.000000000000000000e+00
0.000000000000000000e+00 0.000000000000000000e+00 0.000000000000000000e+00 0.000000000000000000e+00 0.000000000000000000e+00
0.000000000000000000e+00 0.000000000000000000e+00 0.000000000000000000e+00 0.000000000000000000e+00 0.000000000000000000e+00
0.000000000000000000e+00 0.000000000000000000e+00 0.000000000000000000e+00 0.000000000000000000e+00 0.000000000000000000e+00
0.000000000000000000e+00 0.000000000000000000e+00 0.000000000000000000e+00 0.000000000000000000e+00 0.000000000000000000e+00
0.000000000000000000e+00 0.000000000000000000e+00 0.000000000000000000e+00 0.000000000000000000e+00 0.000000000000000000e+00
0.000000000000000000e+00 0.000000000000000000e+00 0.000000000000000000e+00 0.000000000000000000e+00 0.000000000000000000e+00
0.000000000000000000e+00 0.000000000000000000e+00 0.000000000000000000e+00 0.000000000000000000e+00 0.000000000000000000e+00
0.000000000000000000e+00 1.517499559509078222e-05 0.000000000000000000e+00 0.000000000000000000e+00 0.000000000000000000e+00
0.000000000000000000e+00 1.124329219090819084e-04 0.000000000000000000e+00 0.000000000000000000e+00 0.000000000000000000e+00
0.000000000000000000e+00 1.862385823033868866e-05 0.000000000000000000e+00 0.000000000000000000e+00 0.000000000000000000e+00
0.000000000000000000e+00 0.000000000000000000e+00 0.000000000000000000e+00 0.000000000000000000e+00 0.000000000000000000e+00
0.000000000000000000e+00 0.000000000000000000e+00 0.000000000000000000e+00 0.000000000000000000e+00 0.000000000000000000e+00
0.000000000000000000e+00 0.000000000000000000e+00 0.000000000000000000e+00 0.000000000000000000e+00 0.000000000000000000e+00
0.000000000000000000e+00 0.000000000000000000e+00 0.000000000000000000e+00 0.000000000000000000e+00 0.000000000000000000e+00
0.000000000000000000e+00 0.000000000000000000e+00 0.000000000000000000e+00 0.000000000000000000e+00 0.000000000000000000e+00
0.000000000000000000e+00 0.000000000000000000e+00 0.000000000000000000e+00 0.000000000000000000e+00 0.000000000000000000e+00
0.000000000000000000e+00 0.000000000000000000e+00 0.000000000000000000e+00 0.000000000000000000e+00 0.000000000000000000e+00
0.000000000000000000e+00 0.000000000000000000e+00 0.000000000000000000e+00 0.000000000000000000e+00 0.000000000000000000e+00
0.000000000000000000e+00 0.000000000000000000e+00 0.000000000000000000e+00 0.000000000000000000e+00 0.000000000000000000e+00
0.000000000000000000e+00 0.000000000000000000e+00 0.000000000000000000e+00 0.000000000000000000e+00 0.000000000000000000e+00
0.000000000000000000e+00 0.000000000000000000e+00 0.000000000000000000e+00 0.000000000000000000e+00 0.000000000000000000e+00
0.000000000000000000e+00 0.000000000000000000e+00 0.000000000000000000e+00 0.000000000000000000e+00 0.000000000000000000e+00
0.000000000000000000e+00 0.000000000000000000e+00 0.000000000000000000e+00 0.000000000000000000e+00 0.000000000000000000e+00
0.000000000000000000e+00 0.000000000000000000e+00 0.000000000000000000e+00 0.000000000000000000e+00 0.000000000000000000e+00
0.000000000000000000e+00 0.000000000000000000e+00 0.000000000000000000e+00 0.000000000000000000e+00 0.000000000000000000e+00
0.000000000000000000e+00 0.000000000000000000e+00 0.000000000000000000e+00 0.000000000000000000e+00 0.000000000000000000e+00
0.000000000000000000e+00 0.000000000000000000e+00 0.000000000000000000e+00 0.000000000000000000e+00 0.000000000000000000e+00
0.000000000000000000e+00 3.125569923463602772e-06 0.000000000000000000e+00 2.036227571507862917e-05 0.000000000000000000e+00
1.659130896510282142e-05 4.127804511306618952e-05 0.000000000000000000e+00 3.233986801332312789e-04 0.000000000000000000e+00
1.539182985674500322e-05 2.086222578991133293e-04 0.000000000000000000e+00 6.441127216937930127e-04 0.000000000000000000e+00
5.633951929331953756e-05 3.252804285820335263e-04 0.000000000000000000e+00 9.895983208689312048e-04 0.000000000000000000e+00
1.226602982260980809e-04 3.290339395507642893e-04 0.000000000000000000e+00 1.069674327609488641e-03 0.000000000000000000e+00
1.052462152971054898e-04 4.841260050677079511e-04 0.000000000000000000e+00 1.071849561893619242e-03 0.000000000000000000e+00
1.379056022902327039e-04 3.807638376549304449e-04 5.886774546377189938e-05 1.036683302921229382e-03 0.000000000000000000e+00
1.659229085139319335e-04 2.306311576630303852e-04 1.942322426951386370e-04 7.641507630525211326e-04 0.000000000000000000e+00
2.166096125200550073e-04 0.000000000000000000e+00 2.435184683637070795e-04 4.425168725042443667e-04 6.264448849491754978e-05
2.606126474953655565e-04 0.000000000000000000e+00 2.798609665790912282e-04 1.319268465352633124e-04 8.228317722205523920e-05
2.461573430212947943e-04 0.000000000000000000e+00 9.173072192433844247e-05 1.669607789441090713e-04 0.000000000000000000e+00
1.983319343238358244e-04 0.000000000000000000e+00 6.526143254466930963e-05 1.265334264842894968e-04 0.000000000000000000e+00
1.100915328428817832e-05 0.000000000000000000e+00 3.629234253756269101e-06 7.041183283067042711e-06 0.000000000000000000e+00
0.000000000000000000e+00 0.000000000000000000e+00 0.000000000000000000e+00 0.000000000000000000e+00 0.000000000000000000e+00
0.000000000000000000e+00 0.000000000000000000e+00 0.000000000000000000e+00 0.000000000000000000e+00 0.000000000000000000e+00
0.000000000000000000e+00 0.000000000000000000e+00 0.000000000000000000e+00 0.000000000000000000e+00 0.000000000000000000e+00
0.000000000000000000e+00 0.000000000000000000e+00 0.000000000000000000e+00 0.000000000000000000e+00 0.000000000000000000e+00
0.000000000000000000e+00 0.000000000000000000e+00 0.000000000000000000e+00 0.000000000000000000e+00 0.000000000000000000e+00
0.000000000000000000e+00 0.000000000000000000e+00 0.000000000000000000e+00 0.000000000000000000e+00 0.000000000000000000e+00
0.000000000000000000e+00 0.000000000000000000e+00 0.000000000000000000e+00 0.000000000000000000e+00 0.000000000000000000e+00
0.000000000000000000e+00 0.000000000000000000e+00 0.000000000000000000e+00 0.000000000000000000e+00 0.000000000000000000e+00
0.000000000000000000e+00 0.000000000000000000e+00 0.000000000000000000e+00 0.000000000000000000e+00 0.000000000000000000e+00
0.000000000000000000e+00 0.000000000000000000e+00 0.000000000000000000e+00 0.000000000000000000e+00 0.000000000000000000e+00
0.000000000000000000e+00 0.000000000000000000e+00 0.000000000000000000e+00 0.000000000000000000e+00 0.000000000000000000e+00
0.000000000000000000e+00 0.000000000000000000e+00 0.000000000000000000e+00 0.000000000000000000e+00 0.000000000000000000e+00
0.000000000000000000e+00 7.190229551160543597e-06 0.000000000000000000e+00 1.696637139720032350e-05 0.000000000000000000e+00
0.000000000000000000e+00 8.445989301197527903e-05 0.000000000000000000e+00 2.900274696877423058e-04 0.000000000000000000e+00
0.000000000000000000e+00 3.445404926229241201e-04 0.000000000000000000e+00 1.115933055533837670e-03 0.000000000000000000e+00
0.000000000000000000e+00 8.737880998202606896e-04 0.000000000000000000e+00 3.086023361781283555e-03 0.000000000000000000e+00
0.000000000000000000e+00 1.791707738345689948e-03 0.000000000000000000e+00 7.267551903645901729e-03 0.000000000000000000e+00
2.790717118111839820e-04 2.846384959472794598e-03 2.881655922587206395e-04 1.345578707045153727e-02 0.000000000000000000e+00
4.941483863702657775e-04 3.617393569263875619e-03 2.706102334332359700e-03 1.736367058506290209e-02 0.000000000000000000e+00
6.946097775888017281e-04 4.808234988944667249e-03 6.035453923763902696e-03 1.719056749596496389e-02 0.000000000000000000e+00
1.263564329408147467e-03 4.696946957412702524e-03 7.619858619462685327e-03 1.440119715844360299e-02 0.000000000000000000e+00
2.816668349271899633e-03 3.980335135647760161e-03 6.126436464550120455e-03 1.161653601869509257e-02 4.060323852590621787e-05
4.893223521618895143e-03 2.124387063063673357e-03 3.294190332154848990e-03 8.726530675324473130e-03 2.263100086446642040e-03
6.726886484215130295e-03 0.000000000000000000e+00 6.958513941218411091e-04 6.346203089681580652e-03 3.080097507479100799e-03
6.588196513847292130e-03 0.000000000000000000e+00 0.000000000000000000e+00 3.436673012469438574e-03 2.951898190392356937e-03
4.725971928709217854e-03 0.000000000000000000e+00 0.000000000000000000e+00 1.362699377030786568e-03 2.056466659273613849e-03
2.680886225373724403e-03 0.000000000000000000e+00 0.000000000000000000e+00 4.102074630853480065e-04 1.172819975781980899e-03
1.079953625631257120e-03 0.000000000000000000e+00 0.000000000000000000e+00 1.046990043807786665e-04 6.815404381506664751e-04
3.147802069175216011e-04 0.000000000000000000e+00 0.000000000000000000e+00 2.856845408200699249e-05 2.923949038493156159e-04
3.421982800088171098e-05 0.000000000000000000e+00 2.344740560897090408e-06 6.946509645070300822e-06 1.390125488830133032e-05
0.000000000000000000e+00 0.000000000000000000e+00 0.000000000000000000e+00 0.000000000000000000e+00 0.000000000000000000e+00
0.000000000000000000e+00 0.000000000000000000e+00 0.000000000000000000e+00 0.000000000000000000e+00 0.000000000000000000e+00
0.000000000000000000e+00 0.000000000000000000e+00 0.000000000000000000e+00 0.000000000000000000e+00 0.000000000000000000e+00
0.000000000000000000e+00 0.000000000000000000e+00 0.000000000000000000e+00 0.000000000000000000e+00 0.000000000000000000e+00
0.000000000000000000e+00 0.000000000000000000e+00 0.000000000000000000e+00 0.000000000000000000e+00 0.000000000000000000e+00
0.000000000000000000e+00 0.000000000000000000e+00 0.000000000000000000e+00 0.000000000000000000e+00 0.000000000000000000e+00
0.000000000000000000e+00 0.000000000000000000e+00 0.000000000000000000e+00 0.000000000000000000e+00 0.000000000000000000e+00
0.000000000000000000e+00 0.000000000000000000e+00 0.000000000000000000e+00 0.000000000000000000e+00 0.000000000000000000e+00
0.000000000000000000e+00 0.000000000000000000e+00 0.000000000000000000e+00 0.000000000000000000e+00 0.000000000000000000e+00
1.150825082897762291e-05 0.000000000000000000e+00 3.173545935343073394e-05 7.722194509200352931e-05 0.000000000000000000e+00
0.000000000000000000e+00 2.259978671662382285e-04 0.000000000000000000e+00 1.519208432280315033e-03 0.000000000000000000e+00
0.000000000000000000e+00 6.855857887340025382e-04 0.000000000000000000e+00 4.639410283645688596e-03 0.000000000000000000e+00
0.000000000000000000e+00 2.200701279517217317e-03 0.000000000000000000e+00 1.450756881064910533e-02 0.000000000000000000e+00
0.000000000000000000e+00 3.958554750566732443e-03 3.986119420727574731e-04 3.311536754260665377e-02 0.000000000000000000e+00
0.000000000000000000e+00 6.023541152110294290e-03 8.023316202430212304e-03 5.482814745176545213e-02 0.000000000000000000e+00
0.000000000000000000e+00 1.222956790344742126e-02 2.597452720441053436e-02 6.898108066200334121e-02 0.000000000000000000e+00
0.000000000000000000e+00 2.300056403279077816e-02 4.861344027982871657e-02 7.241195376570033759e-02 0.000000000000000000e+00
0.000000000000000000e+00 3.777275419524948191e-02 6.747614218716783963e-02 6.247927175021788376e-02 4.504808904301024590e-03
8.795594864048197903e-03 5.086136434252396671e-02 6.914545996141970019e-02 4.636564299153284746e-02 2.543406785874786219e-02
3.330872797105875749e-02 5.433299293407709701e-02 5.370129975507353243e-02 2.841146348694316773e-02 4.552995025435720849e-02
6.332854981751485923e-02 4.053955589830121609e-02 2.846775637439704146e-02 1.307747686062029138e-02 5.996985984150315224e-02
8.599826136673338617e-02 1.645438150589747031e-02 5.128170686442551710e-03 3.830550052219977748e-03 6.097310447173728831e-02
8.943438706260395388e-02 0.000000000000000000e+00 0.000000000000000000e+00 0.000000000000000000e+00 5.074693370777293155e-02
6.835486982632280051e-02 0.000000000000000000e+00 0.000000000000000000e+00 0.000000000000000000e+00 3.230518558660359224e-02
4.023271410164842854e-02 0.000000000000000000e+00 0.000000000000000000e+00 0.000000000000000000e+00 1.756623990880280123e-02
1.796837422084214542e-02 0.000000000000000000e+00 0.000000000000000000e+00 0.000000000000000000e+00 7.059587794532945493e-03
5.016507566820140214e-03 0.000000000000000000e+00 0.000000000000000000e+00 6.554793048824587333e-04 2.268460107190592261e-03
8.703566340836834270e-04 0.000000000000000000e+00 0.000000000000000000e+00 2.413672104522340985e-04 6.183164478243659626e-04
2.004771830895040461e-04 0.000000000000000000e+00 0.000000000000000000e+00 7.909754513878535496e-07 8.897300407090602352e-05
6.162450486180658105e-05 0.000000000000000000e+00 0.000000000000000000e+00 0.000000000000000000e+00 4.835415421326348158e-05
0.000000000000000000e+00 0.000000000000000000e+00 0.000000000000000000e+00 0.000000000000000000e+00 0.000000000000000000e+00
0.000000000000000000e+00 0.000000000000000000e+00 0.000000000000000000e+00 0.000000000000000000e+00 0.000000000000000000e+00
0.000000000000000000e+00 0.000000000000000000e+00 0.000000000000000000e+00 0.000000000000000000e+00 0.000000000000000000e+00
0.000000000000000000e+00 0.000000000000000000e+00 0.000000000000000000e+00 0.000000000000000000e+00 0.000000000000000000e+00
0.000000000000000000e+00 0.000000000000000000e+00 0.000000000000000000e+00 0.000000000000000000e+00 0.000000000000000000e+00
0.000000000000000000e+00 3.129806212118797816e-06 5.004279327031841413e-06 0.000000000000000000e+00 2.973050283418484133e-05
0.000000000000000000e+00 3.723566180195178696e-05 0.000000000000000000e+00 2.180826613903641918e-04 0.000000000000000000e+00
0.000000000000000000e+00 2.469620406710597120e-04 0.000000000000000000e+00 2.099196997275811633e-03 0.000000000000000000e+00
0.000000000000000000e+00 1.119851873281668599e-03 0.000000000000000000e+00 9.254693163858782046e-03 0.000000000000000000e+00
0.000000000000000000e+00 2.472231556308672386e-03 0.000000000000000000e+00 2.667070462838619718e-02 0.000000000000000000e+00
0.000000000000000000e+00 4.895675348633862604e-03 3.764390221263536518e-04 5.949140787554912935e-02 0.000000000000000000e+00
0.000000000000000000e+00 7.443650745441164097e-03 1.555350225434181353e-02 9.298376260315487085e-02 0.000000000000000000e+00
0.000000000000000000e+00 1.442560482755590907e-02 4.615041418175371696e-02 1.126440768041108292e-01 0.000000000000000000e+00
0.000000000000000000e+00 3.450392607739936196e-02 8.468919789335227488e-02 1.048382854945728859e-01 3.404028196648950077e-03
0.000000000000000000e+00 6.327358712770303484e-02 1.069260079930944018e-01 8.513518510678591555e-02 3.140722219411630489e-02
2.098326871004509153e-02 8.957030827321603439e-02 1.052742773152554323e-01 6.857249454127160859e-02 5.905148212386994444e-02
5.406576835800196157e-02 1.010049066696986492e-01 9.479099775268856609e-02 5.402782140182728343e-02 7.869279327566149063e-02
8.265444108758468467e-02 9.792047647497401086e-02 8.206345583278697176e-02 4.127593725660599205e-02 8.818327539813040905e-02
9.866125582863274901e-02 8.438675274890186651e-02 6.026891984930992513e-02 2.621510002254381563e-02 9.816950024600035185e-02
1.103497089739755854e-01 5.436118323307627398e-02 2.835197507582311663e-02 1.709450117969158259e-02 1.043149031215716144e-01
1.188130966235253216e-01 1.502166947224001757e-02 0.000000000000000000e+00 1.150358683911381283e-02 9.726182186425597065e-02
1.080601682786079404e-01 0.000000000000000000e+00 0.000000000000000000e+00 4.123607718319819912e-03 7.391474819467833135e-02
7.518036865567676030e-02 0.000000000000000000e+00 0.000000000000000000e+00 2.897941743018950852e-03 4.632530409625864459e-02
4.115054231726644751e-02 0.000000000000000000e+00 0.000000000000000000e+00 1.766536496383733354e-03 2.167176075889658618e-02
1.487583767494603075e-02 0.000000000000000000e+00 0.000000000000000000e+00 1.865831963754260294e-03 7.200987804649863072e-03
4.195301467619150237e-03 0.000000000000000000e+00 0.000000000000000000e+00 8.060225351958243871e-04 2.008107165551017200e-03
8.651430749712113889e-04 0.000000000000000000e+00 0.000000000000000000e+00 9.184843603918008310e-05 3.410561229709155773e-04
8.259845015318264432e-05 0.000000000000000000e+00 0.000000000000000000e+00 0.000000000000000000e+00 5.251058438611238763e-05
0.000000000000000000e+00 0.000000000000000000e+00 0.000000000000000000e+00 0.000000000000000000e+00 0.000000000000000000e+00
0.000000000000000000e+00 0.000000000000000000e+00 0.000000000000000000e+00 0.000000000000000000e+00 0.000000000000000000e+00
0.000000000000000000e+00 0.000000000000000000e+00 0.000000000000000000e+00 0.000000000000000000e+00 0.000000000000000000e+00
0.000000000000000000e+00 0.000000000000000000e+00 0.000000000000000000e+00 0.000000000000000000e+00 0.000000000000000000e+00
0.000000000000000000e+00 0.000000000000000000e+00 0.000000000000000000e+00 0.000000000000000000e+00 0.000000000000000000e+00
0.000000000000000000e+00 2.236385015839235680e-05 0.000000000000000000e+00 1.224947226327953822e-04 1.039937974361116626e-05
0.000000000000000000e+00 2.539889375494050494e-04 0.000000000000000000e+00 1.911378678775652040e-03 0.000000000000000000e+00
0.000000000000000000e+00 8.661582758087460780e-04 0.000000000000000000e+00 8.839958563709887987e-03 0.000000000000000000e+00
0.000000000000000000e+00 2.525243138559644159e-03 0.000000000000000000e+00 3.100091037467291380e-02 0.000000000000000000e+00
0.000000000000000000e+00 4.462037822536189628e-03 0.000000000000000000e+00 6.876953041491974672e-02 0.000000000000000000e+00
0.000000000000000000e+00 7.481751686928271236e-03 1.478168723164834802e-02 1.126374128530373830e-01 0.000000000000000000e+00
0.000000000000000000e+00 1.112618576384437168e-02 4.937627845648752400e-02 1.293223268982280905e-01 0.000000000000000000e+00
0.000000000000000000e+00 3.273772112829020225e-02 9.252108811815330791e-02 1.043635158721495648e-01 2.703540453288296244e-02
5.064382957470719114e-03 6.724851722119186415e-02 1.073588542968425541e-01 6.769488310659936559e-02 6.398738817428584191e-02
4.110607588077808128e-02 9.442792786790227266e-02 8.720191071175968645e-02 4.521091430672605216e-02 9.127869367815032164e-02
7.687862494001622415e-02 9.784677807054424636e-02 6.365349358904312527e-02 4.353048480568602607e-02 9.571315677965840096e-02
9.047168171144362447e-02 8.766475070338050624e-02 5.773730265292443403e-02 4.841285128624297357e-02 8.446882613841197318e-02
8.048710868419436948e-02 8.754167900557441317e-02 6.674331043181333523e-02 5.561335751237699021e-02 6.934527738999340940e-02
6.147024940490536382e-02 9.373732388859848386e-02 7.389029404612539043e-02 5.231488304148092239e-02 6.718150308031532736e-02
5.772667113577410747e-02 8.554447405940981963e-02 5.885806331513374762e-02 4.296431289438247536e-02 8.075798989980229048e-02
7.996392091295642657e-02 4.792479573203818621e-02 2.479714344036546003e-02 3.321374645922985092e-02 9.747571862501538953e-02
9.777058069309513266e-02 2.827798919382092449e-03 0.000000000000000000e+00 2.409663509376577806e-02 9.504238440889400952e-02
8.309876463734845731e-02 0.000000000000000000e+00 0.000000000000000000e+00 1.513792893853602509e-02 7.063459097530647157e-02
5.248034992763253581e-02 0.000000000000000000e+00 0.000000000000000000e+00 9.864048819929952319e-03 3.779624430933607032e-02
2.335087356882786097e-02 0.000000000000000000e+00 0.000000000000000000e+00 4.911810489799293099e-03 1.351932265169896244e-02
7.342468745784943782e-03 0.000000000000000000e+00 0.000000000000000000e+00 1.412451668404919852e-03 2.934243775385256877e-03
1.784638750750330892e-03 0.000000000000000000e+00 0.000000000000000000e+00 1.909867409746910868e-04 7.709355765983417087e-04
2.184070471776231341e-04 0.000000000000000000e+00 0.000000000000000000e+00 4.484622962138964865e-05 8.223115974172652564e-05
0.000000000000000000e+00 0.000000000000000000e+00 0.000000000000000000e+00 0.000000000000000000e+00 0.000000000000000000e+00
0.000000000000000000e+00 0.000000000000000000e+00 0.000000000000000000e+00 0.000000000000000000e+00 0.000000000000000000e+00
0.000000000000000000e+00 0.000000000000000000e+00 0.000000000000000000e+00 0.000000000000000000e+00 0.000000000000000000e+00
0.000000000000000000e+00 0.000000000000000000e+00 0.000000000000000000e+00 0.000000000000000000e+00 0.000000000000000000e+00
0.000000000000000000e+00 0.000000000000000000e+00 0.000000000000000000e+00 0.000000000000000000e+00 0.000000000000000000e+00
0.000000000000000000e+00 1.156169521866736507e-04 0.000000000000000000e+00 6.742067208537539692e-04 0.000000000000000000e+00
4.401726483704184573e-05 4.374904492015150833e-04 0.000000000000000000e+00 5.332752056335125432e-03 0.000000000000000000e+00
0.000000000000000000e+00 1.675069068208729414e-03 0.000000000000000000e+00 2.408609436345242674e-02 0.000000000000000000e+00
0.000000000000000000e+00 3.988712188423766333e-03 0.000000000000000000e+00 6.646345818261795158e-02 0.000000000000000000e+00
0.000000000000000000e+00 6.117514951651998635e-03 3.698392250374563529e-03 1.163785264476421694e-01 0.000000000000000000e+00
0.000000000000000000e+00 7.518825720253776573e-03 3.793530240099546313e-02 1.370620301636930605e-01 5.871018260076696707e-03
0.000000000000000000e+00 1.841385970389930460e-02 8.679229628638258920e-02 1.014284154786767173e-01 4.344017901459149011e-02
1.188296004654688758e-02 5.779245427158431064e-02 1.034154662493902282e-01 4.227553998640936478e-02 8.202135161077972469e-02
5.386545907732746830e-02 9.210384431647955505e-02 7.060148526363417554e-02 7.964947592072346011e-03 1.031530292100850954e-01
9.307106858113815828e-02 8.965592047178597146e-02 3.088792636370646036e-02 3.052099512590496482e-03 9.440176859868451564e-02
9.790691985301425149e-02 6.258808155954283248e-02 1.472225388694310341e-02 1.496420068491557953e-02 7.030599072663139271e-02
7.233570543095385608e-02 5.089285832998057674e-02 2.123713245615812401e-02 3.236068543758437860e-02 4.290712696591227754e-02
3.738172547953944047e-02 6.398370898590478861e-02 4.575230216823453905e-02 4.824738157589753690e-02 1.886707586540924478e-02
1.276608262465189943e-02 9.215253513588522738e-02 7.391357815562650535e-02 5.672325430636933341e-02 6.979348450417715947e-03
1.585818421915585405e-02 1.043023611099672260e-01 8.284563418123627732e-02 5.516862322326696738e-02 2.351011589292265058e-02
4.879252278963302353e-02 7.244404722578168254e-02 5.125065061621821710e-02 4.786912403208945510e-02 6.667473466925817605e-02
8.039209566092633819e-02 1.710038476136963373e-02 4.648336302859627442e-03 4.504573020810109796e-02 9.463381384615156267e-02
7.824741516937007424e-02 0.000000000000000000e+00 0.000000000000000000e+00 3.269991426153141117e-02 8.181121642354936829e-02
5.106780538054866980e-02 0.000000000000000000e+00 0.000000000000000000e+00 1.968108333032066865e-02 4.886346405651709884e-02
2.425683382745713601e-02 0.000000000000000000e+00 0.000000000000000000e+00 9.318767329237037308e-03 1.867298100016271528e-02
8.039242166287640171e-03 0.000000000000000000e+00 0.000000000000000000e+00 2.895892327653334323e-03 4.621588826482726266e-03
1.836520100814589438e-03 0.000000000000000000e+00 0.000000000000000000e+00 6.425701520383217879e-04 8.837360610865164709e-04
3.255184447022622203e-04 0.000000000000000000e+00 0.000000000000000000e+00 7.475495161313315160e-05 2.333547586388738033e-05
0.000000000000000000e+00 0.000000000000000000e+00 0.000000000000000000e+00 0.000000000000000000e+00 0.000000000000000000e+00
0.000000000000000000e+00 0.000000000000000000e+00 0.000000000000000000e+00 0.000000000000000000e+00 0.000000000000000000e+00
0.000000000000000000e+00 0.000000000000000000e+00 0.000000000000000000e+00 0.000000000000000000e+00 0.000000000000000000e+00
0.000000000000000000e+00 0.000000000000000000e+00 0.000000000000000000e+00 0.000000000000000000e+00 0.000000000000000000e+00
0.000000000000000000e+00 0.000000000000000000e+00 0.000000000000000000e+00 8.818418331385637830e-06 1.547803601105802319e-06
4.514665007425072094e-05 2.132043873109339355e-04 0.000000000000000000e+00 1.777993024113528947e-03 0.000000000000000000e+00
1.273445013207814022e-04 8.108104897844043563e-04 0.000000000000000000e+00 1.359623830171711664e-02 0.000000000000000000e+00
0.000000000000000000e+00 2.654334207966173309e-03 0.000000000000000000e+00 4.948338456480842057e-02 0.000000000000000000e+00
0.000000000000000000e+00 4.364827271304104993e-03 0.000000000000000000e+00 1.016971767359648449e-01 0.000000000000000000e+00
0.000000000000000000e+00 2.999915244220807339e-03 1.656543548447050526e-02 1.381764559329525521e-01 8.142471410402734450e-03
0.000000000000000000e+00 5.255324412416882349e-03 6.717505816337955571e-02 1.124257218789477542e-01 4.486158472895051402e-02
9.231239073389251731e-03 3.268756005240636142e-02 1.020920169901860936e-01 3.675209332691225378e-02 8.801326371014953076e-02
5.365789627315388499e-02 8.341130563298387868e-02 7.735430415473440457e-02 0.000000000000000000e+00 1.029465156607451276e-01
9.613464377166815178e-02 9.624800345411652081e-02 2.736619098259479924e-02 0.000000000000000000e+00 8.134082234231773678e-02
9.907212619333302661e-02 6.289008154953922014e-02 0.000000000000000000e+00 0.000000000000000000e+00 4.844744031341544771e-02
6.658398246481782301e-02 3.346995906852213987e-02 0.000000000000000000e+00 9.317969647953165679e-03 2.153272633138748546e-02
3.055277318700616238e-02 3.342981551601811180e-02 9.519624332599502595e-03 2.468915201945347596e-02 1.881204397736637498e-03
6.065615856225069907e-03 6.364937051806759949e-02 3.679230702912354711e-02 3.736141986041006252e-02 0.000000000000000000e+00
0.000000000000000000e+00 1.079824422138340873e-01 7.355036086896704628e-02 4.347233303644200408e-02 0.000000000000000000e+00
1.663405944665596534e-02 1.232683851225482574e-01 9.386103125767222832e-02 4.324572382969986417e-02 0.000000000000000000e+00
5.753983111543288509e-02 7.933688644091274611e-02 6.648608545188128272e-02 4.760565150724728467e-02 5.171239090143592287e-02
8.383088159963328345e-02 1.816289057314820696e-02 1.595249976277013371e-02 5.609898869441420216e-02 9.587784311434099926e-02
7.401692193398519415e-02 0.000000000000000000e+00 0.000000000000000000e+00 4.926504478731988379e-02 8.902852004752072335e-02
4.575877133837168848e-02 0.000000000000000000e+00 0.000000000000000000e+00 3.250336473502586643e-02 5.212520288853202816e-02
2.043299655647678320e-02 0.000000000000000000e+00 0.000000000000000000e+00 1.529236095928964388e-02 2.120650289293010693e-02
6.433274374528101351e-03 0.000000000000000000e+00 0.000000000000000000e+00 4.340575468150346776e-03 5.686692434104666412e-03
1.893047139602855233e-03 0.000000000000000000e+00 0.000000000000000000e+00 9.481808850488240153e-04 6.696594065184335734e-04
6.918060226650945155e-04 0.000000000000000000e+00 0.000000000000000000e+00 2.008347331454616528e-04 0.000000000000000000e+00
0.000000000000000000e+00 0.000000000000000000e+00 0.000000000000000000e+00 0.000000000000000000e+00 0.000000000000000000e+00
0.000000000000000000e+00 0.000000000000000000e+00 0.000000000000000000e+00 0.000000000000000000e+00 0.000000000000000000e+00
0.000000000000000000e+00 0.000000000000000000e+00 0.000000000000000000e+00 0.000000000000000000e+00 0.000000000000000000e+00
0.000000000000000000e+00 0.000000000000000000e+00 0.000000000000000000e+00 0.000000000000000000e+00 0.000000000000000000e+00
0.000000000000000000e+00 0.000000000000000000e+00 0.000000000000000000e+00 6.046915427235839029e-05 1.061351040758273523e-05
0.000000000000000000e+00 3.578459678641685579e-04 0.000000000000000000e+00 4.314034743517919553e-03 0.000000000000000000e+00
0.000000000000000000e+00 1.567933136126907576e-03 0.000000000000000000e+00 2.493478621078549021e-02 0.000000000000000000e+00
0.000000000000000000e+00 2.881494847401701830e-03 0.000000000000000000e+00 7.363790695265112762e-02 0.000000000000000000e+00
0.000000000000000000e+00 1.639388866629899874e-03 0.000000000000000000e+00 1.250293287049682733e-01 4.711464248436894597e-03
0.000000000000000000e+00 0.000000000000000000e+00 3.309488580807268265e-02 1.334898335442694650e-01 3.536360216501952675e-02
0.000000000000000000e+00 3.682043070612634958e-03 8.696166624874585027e-02 6.634566824139784269e-02 8.260450842610098099e-02
3.928491914335691115e-02 4.973728840056707706e-02 9.879848889407506773e-02 0.000000000000000000e+00 1.046371866636065240e-01
8.679203768650183004e-02 1.001748830930988682e-01 5.076372497508729181e-02 0.000000000000000000e+00 7.633605728497544485e-02
9.846465018243270861e-02 9.138788811132042555e-02 2.988115802822789106e-03 0.000000000000000000e+00 3.210864936353453880e-02
6.519818036882528423e-02 4.812748899687625120e-02 0.000000000000000000e+00 0.000000000000000000e+00 6.898913595317806777e-03
2.872325483030953655e-02 3.062803025609475358e-02 0.000000000000000000e+00 1.159782749892995617e-02 0.000000000000000000e+00
1.009862718434018786e-02 4.622289029898395823e-02 1.212131519312347437e-02 2.057900208333837341e-02 0.000000000000000000e+00
4.192416250316786420e-03 9.426789670186690173e-02 3.791435782480077898e-02 2.768346565560511618e-02 0.000000000000000000e+00
1.592291771133404893e-02 1.389188592050513149e-01 7.710620976338494748e-02 2.503219273346200119e-02 0.000000000000000000e+00
4.911735851484453491e-02 1.306500205228489642e-01 1.013580885885573962e-01 2.765110763386479861e-02 2.255791108558845553e-03
8.489305822222943665e-02 6.837812870256214370e-02 7.355429702386330482e-02 4.409124941856207291e-02 6.623395523332309409e-02
9.084204795599062909e-02 4.710753165908158555e-03 1.733761260509240898e-02 6.844120988407485784e-02 1.076086543737050649e-01
6.694424690846458026e-02 0.000000000000000000e+00 0.000000000000000000e+00 6.852008547770682689e-02 9.341960848580418975e-02
3.630329326200630591e-02 0.000000000000000000e+00 0.000000000000000000e+00 4.602546165289589375e-02 4.904205725268113297e-02
1.365473733181885550e-02 0.000000000000000000e+00 0.000000000000000000e+00 2.223822061906302258e-02 1.886388600027864154e-02
4.189774154036214615e-03 0.000000000000000000e+00 0.000000000000000000e+00 6.095967195033674853e-03 4.845541514669500678e-03
1.180379687986227080e-03 0.000000000000000000e+00 0.000000000000000000e+00 1.062698441107175901e-03 4.577969869902349899e-04
4.373963539235540903e-04 0.000000000000000000e+00 0.000000000000000000e+00 1.136850067310797845e-04 0.000000000000000000e+00
0.000000000000000000e+00 0.000000000000000000e+00 0.000000000000000000e+00 0.000000000000000000e+00 0.000000000000000000e+00
0.000000000000000000e+00 0.000000000000000000e+00 0.000000000000000000e+00 0.000000000000000000e+00 0.000000000000000000e+00
0.000000000000000000e+00 0.000000000000000000e+00 0.000000000000000000e+00 0.000000000000000000e+00 0.000000000000000000e+00
0.000000000000000000e+00 0.000000000000000000e+00 0.000000000000000000e+00 0.000000000000000000e+00 0.000000000000000000e+00
0.000000000000000000e+00 0.000000000000000000e+00 0.000000000000000000e+00 6.046915427235839029e-05 1.061351040758273523e-05
0.000000000000000000e+00 4.348894431790451009e-04 0.000000000000000000e+00 7.703260749723752666e-03 0.000000000000000000e+00
0.000000000000000000e+00 1.598183011704421268e-03 0.000000000000000000e+00 3.509131384415439814e-02 0.000000000000000000e+00
0.000000000000000000e+00 1.214839400559419077e-03 0.000000000000000000e+00 8.538636270887980939e-02 1.173669979974410879e-03
0.000000000000000000e+00 0.000000000000000000e+00 0.000000000000000000e+00 1.317836212390627870e-01 1.788100463192625333e-02
0.000000000000000000e+00 0.000000000000000000e+00 4.238369448601145284e-02 1.154704200297081290e-01 6.192648510448162114e-02
1.347368409789195635e-02 3.121176045745898200e-03 9.615952115890424867e-02 2.855531066187856626e-02 1.022416542003765916e-01
5.843948376118964644e-02 6.635265250535971049e-02 9.444882590698855385e-02 0.000000000000000000e+00 8.774452967477834597e-02
9.381757187046881052e-02 1.194151401733806045e-01 3.561003883397517028e-02 0.000000000000000000e+00 3.132355838662793240e-02
7.996440329243334477e-02 1.013879098583847227e-01 0.000000000000000000e+00 0.000000000000000000e+00 0.000000000000000000e+00
4.335021116662014090e-02 6.580802588103552841e-02 0.000000000000000000e+00 7.869785300227855399e-03 0.000000000000000000e+00
2.491599448153501012e-02 6.743426161632302962e-02 3.302102902526370815e-03 1.451486872383671821e-02 0.000000000000000000e+00
2.357136784232755425e-02 9.760570466157460212e-02 1.797484181987723736e-02 1.781408399355264086e-02 0.000000000000000000e+00
3.175882886879110439e-02 1.380735911564032192e-01 4.835988399007338373e-02 1.822998681928187856e-02 0.000000000000000000e+00
5.771987836268769462e-02 1.514738266823843771e-01 8.833613406789893319e-02 1.063696967694673957e-02 0.000000000000000000e+00
8.756345830565487320e-02 1.150416997512909156e-01 1.065405479666825111e-01 2.051779349407753875e-02 3.452560074473842722e-02
1.004422165082613366e-01 4.479525643049613037e-02 7.133227854150968328e-02 5.375060669956895076e-02 9.261408530284903629e-02
8.243788102968217790e-02 0.000000000000000000e+00 1.238992431995590039e-02 8.683920489875321391e-02 1.159959232315837530e-01
4.723003502750323240e-02 0.000000000000000000e+00 0.000000000000000000e+00 8.562997208259379156e-02 8.432684938242736294e-02
2.053340485981558841e-02 0.000000000000000000e+00 0.000000000000000000e+00 5.390620479459432707e-02 3.952643882980194645e-02
7.705624831887958152e-03 0.000000000000000000e+00 0.000000000000000000e+00 2.446619471104216625e-02 1.349966823076524484e-02
2.264513398794461545e-03 0.000000000000000000e+00 0.000000000000000000e+00 7.691132856428682142e-03 3.057081851661110246e-03
3.570677693518728196e-04 2.161918152425656113e-05 0.000000000000000000e+00 7.322173123866407111e-04 2.884021028848347064e-04
1.594088445881426916e-05 0.000000000000000000e+00 4.257955248369056398e-07 0.000000000000000000e+00 7.516107801851494004e-06
0.000000000000000000e+00 0.000000000000000000e+00 0.000000000000000000e+00 0.000000000000000000e+00 0.000000000000000000e+00
0.000000000000000000e+00 0.000000000000000000e+00 0.000000000000000000e+00 0.000000000000000000e+00 0.000000000000000000e+00
0.000000000000000000e+00 0.000000000000000000e+00 0.000000000000000000e+00 0.000000000000000000e+00 0.000000000000000000e+00
0.000000000000000000e+00 0.000000000000000000e+00 0.000000000000000000e+00 0.000000000000000000e+00 0.000000000000000000e+00
0.000000000000000000e+00 0.000000000000000000e+00 0.000000000000000000e+00 6.046915427235839029e-05 1.061351040758273523e-05
2.043384204574770634e-05 2.392814287356663148e-04 0.000000000000000000e+00 8.590470461127078586e-03 0.000000000000000000e+00
0.000000000000000000e+00 1.007924740808698776e-03 0.000000000000000000e+00 3.835885701305249279e-02 6.628597372262246381e-04
0.000000000000000000e+00 0.000000000000000000e+00 0.000000000000000000e+00 8.772759258626920686e-02 6.542631816950914177e-03
0.000000000000000000e+00 0.000000000000000000e+00 0.000000000000000000e+00 1.293795561272532701e-01 3.159850073523513131e-02
0.000000000000000000e+00 0.000000000000000000e+00 4.137778677244696723e-02 1.063573798904869361e-01 8.019323431768984878e-02
2.229335823122453181e-02 0.000000000000000000e+00 9.660002971384940018e-02 1.925371549833139115e-02 1.078941605356717182e-01
6.278696807333308816e-02 6.659342294853326516e-02 9.834908699687580635e-02 0.000000000000000000e+00 6.853989953690951820e-02
8.391838131087636654e-02 1.305874893702765605e-01 4.185195185476715124e-02 0.000000000000000000e+00 5.523344663805838765e-03
7.020032521152341776e-02 1.322777136019060995e-01 8.127167922094245822e-03 0.000000000000000000e+00 0.000000000000000000e+00
5.208070549499557722e-02 1.178642215787568809e-01 6.193646006434625102e-03 1.095664339817290119e-02 0.000000000000000000e+00
5.061088336749598737e-02 1.231288006439218291e-01 1.705861304466645134e-02 1.184944370213323120e-02 0.000000000000000000e+00
5.895715536088141917e-02 1.350512632879721509e-01 3.708007708968546340e-02 9.806972136161395265e-03 0.000000000000000000e+00
7.534572229111499708e-02 1.399527824867211334e-01 6.848788173422987180e-02 5.810430733208642347e-03 0.000000000000000000e+00
9.436799527866750192e-02 1.333500182743037887e-01 9.867803741179691224e-02 4.169108960251505409e-03 2.996777468242828313e-02
1.034639637006954521e-01 9.044119996740750123e-02 1.087007866129819644e-01 2.579889041879034409e-02 7.338721402103143276e-02
9.340827581265020996e-02 1.833518308537987820e-02 6.649835024674613515e-02 7.084219131455687934e-02 1.129690270332777968e-01
5.599042482614466354e-02 0.000000000000000000e+00 6.706224481357808860e-03 1.075701719000054929e-01 1.100434421924257750e-01
2.503607640565026424e-02 0.000000000000000000e+00 0.000000000000000000e+00 9.721063630413616374e-02 6.286330995435347735e-02
9.257719095832662309e-03 0.000000000000000000e+00 0.000000000000000000e+00 5.479105048407101330e-02 2.380337388725470640e-02
3.094959129528012005e-03 0.000000000000000000e+00 0.000000000000000000e+00 2.349521399630049093e-02 6.188783173494492862e-03
8.435251593459106240e-04 2.724966475442764475e-04 0.000000000000000000e+00 7.267063071204183863e-03 1.166644574905485081e-03
6.658244407162770308e-05 2.824091384380679340e-04 0.000000000000000000e+00 9.098799372746252563e-04 1.392305914445481833e-04
1.382346993064072877e-04 0.000000000000000000e+00 5.848346768519242007e-06 0.000000000000000000e+00 7.303653413739808592e-05
3.523629590163317187e-05 0.000000000000000000e+00 1.490755058642160462e-06 0.000000000000000000e+00 1.861715576051327047e-05
0.000000000000000000e+00 0.000000000000000000e+00 0.000000000000000000e+00 0.000000000000000000e+00 0.000000000000000000e+00
0.000000000000000000e+00 0.000000000000000000e+00 0.000000000000000000e+00 0.000000000000000000e+00 0.000000000000000000e+00
0.000000000000000000e+00 0.000000000000000000e+00 0.000000000000000000e+00 0.000000000000000000e+00 0.000000000000000000e+00
0.000000000000000000e+00 0.000000000000000000e+00 0.000000000000000000e+00 7.558644284044798787e-06 1.326688800947841903e-06
1.047613684441703644e-04 4.537748496438208444e-05 0.000000000000000000e+00 7.579948471556774946e-03 0.000000000000000000e+00
0.000000000000000000e+00 0.000000000000000000e+00 0.000000000000000000e+00 3.407092977196186229e-02 2.088530952788122605e-03
0.000000000000000000e+00 0.000000000000000000e+00 0.000000000000000000e+00 7.755001450204136726e-02 1.026925189802309693e-02
0.000000000000000000e+00 0.000000000000000000e+00 0.000000000000000000e+00 1.194788347411155499e-01 3.790101704181321474e-02
0.000000000000000000e+00 0.000000000000000000e+00 2.957226911913407585e-02 1.083001208232851759e-01 8.480101251829079423e-02
1.968732371352575200e-02 0.000000000000000000e+00 8.628614106391206684e-02 3.880905494912008369e-02 1.084809152406909089e-01
5.208232042249148763e-02 3.867820617554870721e-02 1.056800646089320062e-01 0.000000000000000000e+00 7.402950239795746956e-02
6.964993870645977414e-02 1.020756269175809722e-01 7.378311851128967203e-02 0.000000000000000000e+00 2.294295067884436629e-02
7.123439450131402451e-02 1.262776966348458929e-01 4.395361011989819267e-02 0.000000000000000000e+00 5.773485712688256359e-04
7.053925393364814111e-02 1.239799083715737715e-01 3.957440340852363264e-02 1.351853111070972814e-03 2.828528326426972550e-03
7.371682926096675970e-02 1.130588188657760118e-01 5.161739850289743387e-02 2.342256733111403098e-04 1.447848660462212368e-02
8.333037337847289117e-02 9.662557986562894663e-02 6.853672686475538456e-02 0.000000000000000000e+00 3.756364288935348100e-02
9.738663305632654088e-02 9.913721232435047936e-02 8.344322185380602386e-02 6.188475761942988226e-04 5.367677547028107399e-02
1.044744006898997019e-01 1.105478836379801405e-01 1.008799271601681091e-01 9.635830658180343303e-03 6.896571184778212127e-02
9.708501180522408069e-02 6.871799256551108792e-02 1.084421434840551202e-01 3.529280547589297434e-02 9.622026072712984435e-02
6.341145075631265948e-02 0.000000000000000000e+00 6.198104144208711752e-02 8.868964656638464450e-02 1.189636849036386917e-01
2.468454214104821853e-02 0.000000000000000000e+00 1.479285611615079651e-03 1.260803672095646977e-01 8.895540694571074658e-02
7.537580730849395214e-03 0.000000000000000000e+00 0.000000000000000000e+00 1.004993178645059437e-01 3.722248630807466901e-02
1.839431692784491545e-03 3.067456436246180978e-04 0.000000000000000000e+00 5.077907807142311575e-02 9.728152190549354400e-03
6.053846062938815714e-04 1.158263627727171329e-03 0.000000000000000000e+00 2.048122268525646300e-02 1.848819332565137348e-03
2.915114696260085944e-04 6.678013184659571493e-04 0.000000000000000000e+00 6.096289891976698627e-03 3.813761559856194971e-04
5.520988138790408069e-05 1.381555990954167975e-04 0.000000000000000000e+00 4.903947610652047888e-04 2.969981882014811038e-05
1.531423629570981249e-04 0.000000000000000000e+00 6.479050831790936054e-06 0.000000000000000000e+00 8.091302311299981159e-05
4.201250665194730151e-05 0.000000000000000000e+00 1.777438723765652867e-06 0.000000000000000000e+00 2.219737802215036060e-05
0.000000000000000000e+00 0.000000000000000000e+00 0.000000000000000000e+00 0.000000000000000000e+00 0.000000000000000000e+00
0.000000000000000000e+00 0.000000000000000000e+00 0.000000000000000000e+00 0.000000000000000000e+00 0.000000000000000000e+00
0.000000000000000000e+00 0.000000000000000000e+00 0.000000000000000000e+00 0.000000000000000000e+00 0.000000000000000000e+00
0.000000000000000000e+00 0.000000000000000000e+00 0.000000000000000000e+00 0.000000000000000000e+00 0.000000000000000000e+00
1.401241119738676124e-04 0.000000000000000000e+00 0.000000000000000000e+00 5.276641580267563483e-03 1.170162385654724940e-05
2.022821913078619120e-04 0.000000000000000000e+00 0.000000000000000000e+00 2.534244600498639088e-02 2.244537153043399142e-03
0.000000000000000000e+00 0.000000000000000000e+00 0.000000000000000000e+00 6.089373819469202920e-02 1.050605147014980686e-02
0.000000000000000000e+00 0.000000000000000000e+00 0.000000000000000000e+00 1.010284772985650392e-01 3.612279648255444647e-02
0.000000000000000000e+00 0.000000000000000000e+00 1.057209543296618731e-02 1.092453812652775108e-01 7.657409293084060931e-02
1.046338668856538340e-02 0.000000000000000000e+00 5.827462865381909107e-02 6.946897738904214692e-02 1.094224767260210812e-01
3.109363927267903491e-02 0.000000000000000000e+00 9.512072822063068200e-02 2.401920656490936015e-02 1.020037178517634868e-01
4.651210813363821500e-02 2.998660742099488671e-02 9.745390675700281446e-02 5.004900445281709569e-03 7.808116243771656695e-02
5.476185270755241224e-02 5.025569659474930784e-02 8.530604540303737826e-02 3.105741820995090025e-03 6.691818603981063152e-02
5.798907857764957346e-02 4.986643936858461273e-02 8.011361569038566444e-02 3.987450379678165666e-03 7.117248630934300269e-02
6.263420899156173227e-02 3.567719881034558255e-02 8.017827672330948841e-02 8.210222859014616043e-03 8.084517062513330021e-02
8.097489728393313102e-02 3.147146508264555415e-02 7.794529544355638384e-02 1.608048682808977878e-02 8.138290469465810084e-02
1.033135648445780153e-01 7.855404937684938582e-02 7.395951729428476562e-02 1.933188622764960007e-02 7.128662225283863285e-02
1.011967532704661360e-01 1.042334940877691213e-01 9.192000174856967964e-02 1.590604622395592332e-02 8.288789649098450563e-02
6.947656857902806404e-02 4.925097396521949111e-02 1.077862120351819469e-01 4.148516090370105158e-02 1.097535031264300770e-01
2.699198182671526738e-02 0.000000000000000000e+00 6.051080803334524250e-02 1.060672212962089633e-01 1.062986042696348193e-01
2.772911179300785890e-03 0.000000000000000000e+00 0.000000000000000000e+00 1.376675985806408153e-01 5.629096950748231631e-02
0.000000000000000000e+00 0.000000000000000000e+00 0.000000000000000000e+00 9.832370658154848675e-02 1.579027501826577029e-02
2.005960830182196199e-04 2.895851317530996789e-03 0.000000000000000000e+00 4.428290118950270471e-02 1.947396083361798477e-03
7.453776400626490163e-04 1.377645950763794558e-03 0.000000000000000000e+00 1.727051989304996885e-02 3.597776458100487027e-04
3.329075539087876143e-04 5.839503185907640856e-04 0.000000000000000000e+00 4.261902207768196449e-03 1.136852910746838125e-04
1.853871464828854110e-04 7.797596765813830815e-05 0.000000000000000000e+00 2.135528588144771256e-04 0.000000000000000000e+00
1.531423629570981249e-04 0.000000000000000000e+00 6.479050831790936054e-06 0.000000000000000000e+00 8.091302311299981159e-05
8.371509905821893744e-05 0.000000000000000000e+00 9.366845313020069798e-06 0.000000000000000000e+00 9.277449975333621732e-06
0.000000000000000000e+00 0.000000000000000000e+00 0.000000000000000000e+00 0.000000000000000000e+00 0.000000000000000000e+00
0.000000000000000000e+00 0.000000000000000000e+00 0.000000000000000000e+00 0.000000000000000000e+00 0.000000000000000000e+00
0.000000000000000000e+00 0.000000000000000000e+00 0.000000000000000000e+00 0.000000000000000000e+00 0.000000000000000000e+00
0.000000000000000000e+00 0.000000000000000000e+00 0.000000000000000000e+00 0.000000000000000000e+00 0.000000000000000000e+00
1.069565678545616419e-04 0.000000000000000000e+00 0.000000000000000000e+00 2.976320691192205214e-03 8.948166137319045572e-06
4.494869230035957266e-04 0.000000000000000000e+00 0.000000000000000000e+00 1.458736891392551326e-02 1.619321702097271552e-03
5.961950651293871197e-04 0.000000000000000000e+00 0.000000000000000000e+00 4.043346166820681320e-02 7.476613233499354409e-03
0.000000000000000000e+00 0.000000000000000000e+00 0.000000000000000000e+00 7.397456124877595240e-02 2.565381859106863685e-02
0.000000000000000000e+00 0.000000000000000000e+00 0.000000000000000000e+00 9.563949425562828788e-02 5.623916138692800631e-02
3.188588609885008827e-03 0.000000000000000000e+00 2.155117747292343081e-02 8.975748125042938563e-02 9.070942021146609358e-02
1.005073367758998852e-02 0.000000000000000000e+00 5.653615312772428819e-02 6.470331983534195752e-02 1.075636738689098454e-01
1.804227390607493139e-02 0.000000000000000000e+00 7.738971333682789777e-02 4.480955324674013029e-02 1.081752762124944672e-01
2.309185042654526843e-02 0.000000000000000000e+00 8.212334836127099802e-02 3.692871578282586748e-02 1.051347542689217152e-01
2.661384554697523996e-02 0.000000000000000000e+00 7.841556904077981449e-02 3.848581902469091348e-02 1.024579549578609056e-01
4.727510598595083269e-02 0.000000000000000000e+00 6.993863770861113993e-02 4.495808110698226029e-02 8.938907978540541754e-02
9.427120759411228290e-02 1.376735080285545511e-02 5.317400100108482519e-02 4.510291995471382709e-02 6.424425561280544539e-02
1.118721482225855934e-01 9.652902008098386555e-02 4.164782917800595452e-02 3.042592926613291171e-02 6.357971677758586515e-02
8.060333868835298232e-02 1.046147407526977074e-01 7.827511020857212676e-02 1.099192621702750096e-02 9.681545973045455056e-02
2.934520211028085468e-02 3.132910245168789992e-02 1.096728009081384819e-01 4.159005635608892942e-02 1.146186785365947008e-01
0.000000000000000000e+00 0.000000000000000000e+00 6.432167023899058866e-02 1.172610007037593050e-01 7.581569909774940608e-02
0.000000000000000000e+00 0.000000000000000000e+00 1.888871695171472770e-03 1.389832416485560218e-01 2.504942792676447677e-02
0.000000000000000000e+00 3.884291532382736639e-03 0.000000000000000000e+00 9.287802963897003050e-02 2.686887497403991042e-03
1.246070946818656410e-04 3.296650608218436480e-03 0.000000000000000000e+00 3.910459456124906058e-02 0.000000000000000000e+00
5.966622740011483499e-04 1.377125560662708628e-03 0.000000000000000000e+00 1.510802769672923984e-02 6.259338664526497393e-05
2.742217711068538279e-04 5.201836783623317107e-04 0.000000000000000000e+00 3.562867589987722683e-03 1.977273179015158748e-05
1.985491667744476718e-04 5.687030595436548303e-05 0.000000000000000000e+00 2.858971576353837676e-04 0.000000000000000000e+00
3.726915912672746565e-05 0.000000000000000000e+00 1.576760158179218179e-06 0.000000000000000000e+00 1.969122243900435821e-05
2.371673762609928770e-05 0.000000000000000000e+00 1.003392827932216217e-06 0.000000000000000000e+00 1.253077791573011020e-05
0.000000000000000000e+00 0.000000000000000000e+00 0.000000000000000000e+00 0.000000000000000000e+00 0.000000000000000000e+00
0.000000000000000000e+00 0.000000000000000000e+00 0.000000000000000000e+00 0.000000000000000000e+00 0.000000000000000000e+00
0.000000000000000000e+00 0.000000000000000000e+00 0.000000000000000000e+00 0.000000000000000000e+00 0.000000000000000000e+00
3.574933097593129949e-05 0.000000000000000000e+00 0.000000000000000000e+00 0.000000000000000000e+00 0.000000000000000000e+00
5.674385338135312038e-05 0.000000000000000000e+00 0.000000000000000000e+00 1.243404034587580883e-03 6.984045656855427029e-06
3.912326567307277260e-04 0.000000000000000000e+00 0.000000000000000000e+00 6.522948495232554385e-03 6.452092433649687974e-04
9.597905769930809971e-04 0.000000000000000000e+00 0.000000000000000000e+00 2.095362740507209290e-02 3.581849691270673312e-03
6.601823960715210013e-04 0.000000000000000000e+00 0.000000000000000000e+00 4.384220825718690429e-02 1.236805245833664385e-02
4.172481410758225196e-04 0.000000000000000000e+00 0.000000000000000000e+00 6.581805149851295555e-02 3.043289577303088383e-02
9.854224156283513010e-04 0.000000000000000000e+00 0.000000000000000000e+00 7.965632536835927369e-02 5.135086408443907680e-02
1.613394397664580501e-03 0.000000000000000000e+00 1.593377853286544535e-02 7.967874296269067402e-02 6.818683761530411336e-02
1.950511835416797197e-03 0.000000000000000000e+00 3.202024132558723563e-02 7.387725432527045277e-02 7.649510301180377503e-02
5.709805016522993999e-03 0.000000000000000000e+00 3.843476194479290842e-02 6.987652835294225206e-02 7.410173243769678508e-02
2.098127150623124715e-02 0.000000000000000000e+00 3.856457710105220399e-02 6.672416263340710807e-02 6.242604228702648694e-02
7.383330475997451625e-02 0.000000000000000000e+00 3.314666291284230210e-02 5.908492693064243406e-02 3.773427402628730387e-02
1.256238212003670807e-01 4.359874729132610927e-02 1.095704046870187368e-02 4.292492068775506653e-02 2.851710350665825899e-02
1.035174817293758737e-01 1.219165370607145221e-01 1.053266953376715172e-02 1.220620210574936346e-02 7.200180856341693858e-02
3.702177178458701534e-02 9.840851119358910715e-02 7.512228378412423579e-02 0.000000000000000000e+00 1.164174652426839818e-01
0.000000000000000000e+00 1.385283038882325832e-02 1.195857957591670018e-01 3.361419676096635833e-02 1.004867704310565546e-01
0.000000000000000000e+00 0.000000000000000000e+00 6.821864662352830622e-02 1.214727005724873937e-01 3.851135129454622691e-02
0.000000000000000000e+00 0.000000000000000000e+00 1.790952050098882243e-03 1.382834775145192208e-01 4.901704880252294450e-03
0.000000000000000000e+00 4.692959382879321149e-03 0.000000000000000000e+00 8.839063613421722920e-02 0.000000000000000000e+00
0.000000000000000000e+00 3.351007405033139437e-03 0.000000000000000000e+00 3.611240819594006141e-02 0.000000000000000000e+00
4.164400694816618696e-04 1.272450720268255469e-03 0.000000000000000000e+00 1.229502638971168536e-02 0.000000000000000000e+00
1.535656882833954856e-04 3.899077144108805976e-04 0.000000000000000000e+00 3.653326485130290683e-03 2.908402281761051741e-05
1.708757098363354826e-04 2.610396148158049688e-05 0.000000000000000000e+00 3.470998545427612784e-04 0.000000000000000000e+00
2.878757341414248005e-05 0.000000000000000000e+00 6.909763090021366029e-07 0.000000000000000000e+00 8.840301962677779677e-06
0.000000000000000000e+00 0.000000000000000000e+00 0.000000000000000000e+00 0.000000000000000000e+00 0.000000000000000000e+00
0.000000000000000000e+00 0.000000000000000000e+00 0.000000000000000000e+00 0.000000000000000000e+00 0.000000000000000000e+00
3.660607136944917043e-05 2.657442995903014081e-05 0.000000000000000000e+00 1.100483640501633280e-06 0.000000000000000000e+00
0.000000000000000000e+00 0.000000000000000000e+00 0.000000000000000000e+00 0.000000000000000000e+00 0.000000000000000000e+00
8.254845516260497697e-05 0.000000000000000000e+00 0.000000000000000000e+00 0.000000000000000000e+00 0.000000000000000000e+00
4.019197713999102695e-05 0.000000000000000000e+00 0.000000000000000000e+00 6.563830540858836332e-04 1.842939858543276221e-05
3.219689030942683174e-04 0.000000000000000000e+00 0.000000000000000000e+00 2.918029136265968063e-03 1.328593950799781013e-04
1.037616543574726349e-03 0.000000000000000000e+00 0.000000000000000000e+00 9.395517987887600647e-03 8.096794327813156651e-04
1.426729243663002814e-03 0.000000000000000000e+00 0.000000000000000000e+00 2.117467356076583804e-02 4.062451143894099670e-03
1.494017221504734087e-03 0.000000000000000000e+00 0.000000000000000000e+00 3.335512855377481545e-02 1.074433630823884954e-02
1.952952903638116794e-03 0.000000000000000000e+00 0.000000000000000000e+00 4.522619272897498294e-02 1.981137199335283525e-02
2.078552621102456362e-03 0.000000000000000000e+00 0.000000000000000000e+00 5.456405254642695407e-02 2.676582774425824082e-02
3.842132865811731177e-03 0.000000000000000000e+00 4.337193062154323826e-03 6.012278749382892612e-02 2.896854995510134492e-02
1.462361721260575266e-02 0.000000000000000000e+00 9.419432810378250767e-03 5.901901803932649293e-02 2.508506374111204446e-02
5.291481035935530902e-02 0.000000000000000000e+00 1.250663714473287426e-02 4.988879868754753782e-02 1.186479989950087188e-02
1.211256224225358280e-01 0.000000000000000000e+00 3.830894785044185961e-03 3.538492660823031738e-02 5.132546109162861893e-04
1.331604478551128290e-01 8.084891434216578965e-02 0.000000000000000000e+00 1.586260469115147176e-02 3.338486562666890395e-02
6.330941306503362620e-02 1.368750304343935298e-01 0.000000000000000000e+00 0.000000000000000000e+00 9.994134541158719576e-02
0.000000000000000000e+00 8.284932754293361512e-02 8.231552732295049912e-02 0.000000000000000000e+00 1.243529816751603040e-01
0.000000000000000000e+00 0.000000000000000000e+00 1.311757950533421757e-01 3.058794620984389354e-02 6.888638614346714872e-02
0.000000000000000000e+00 0.000000000000000000e+00 7.025856046840577018e-02 1.200184592166096686e-01 1.083578859349854095e-02
0.000000000000000000e+00 0.000000000000000000e+00 2.335330501049771596e-03 1.348835155498486205e-01 0.000000000000000000e+00
0.000000000000000000e+00 5.559797346776605698e-03 0.000000000000000000e+00 8.722166803050383777e-02 0.000000000000000000e+00
0.000000000000000000e+00 3.579295890696128964e-03 0.000000000000000000e+00 3.623465097247401123e-02 0.000000000000000000e+00
4.384719410794602466e-04 1.519815502912853387e-03 0.000000000000000000e+00 1.244366890965650611e-02 0.000000000000000000e+00
2.196169586642774437e-04 3.836663681649445036e-04 0.000000000000000000e+00 3.934206323211034313e-03 8.413276258844025772e-05
1.427608996517256432e-04 2.760979191978916062e-05 0.000000000000000000e+00 5.490288086981589101e-04 0.000000000000000000e+00
8.346502908043737317e-05 0.000000000000000000e+00 0.000000000000000000e+00 1.502350629544986027e-04 1.538708424041899589e-04
0.000000000000000000e+00 0.000000000000000000e+00 0.000000000000000000e+00 0.000000000000000000e+00 0.000000000000000000e+00
0.000000000000000000e+00 0.000000000000000000e+00 0.000000000000000000e+00 0.000000000000000000e+00 0.000000000000000000e+00
0.000000000000000000e+00 0.000000000000000000e+00 0.000000000000000000e+00 0.000000000000000000e+00 0.000000000000000000e+00
0.000000000000000000e+00 0.000000000000000000e+00 0.000000000000000000e+00 0.000000000000000000e+00 0.000000000000000000e+00
0.000000000000000000e+00 0.000000000000000000e+00 0.000000000000000000e+00 0.000000000000000000e+00 0.000000000000000000e+00
4.388032139223669014e-05 0.000000000000000000e+00 0.000000000000000000e+00 5.259846798169509532e-04 2.774058551041842427e-05
1.500338778609574750e-04 2.374040839891685379e-05 0.000000000000000000e+00 1.097175284531982540e-03 4.028537855517440151e-05
5.800172974958348786e-04 0.000000000000000000e+00 0.000000000000000000e+00 3.350461462704283633e-03 1.935973455962232393e-04
1.357865201725140481e-03 0.000000000000000000e+00 0.000000000000000000e+00 8.610647000109826130e-03 7.511341373277122258e-04
1.908859287331314070e-03 0.000000000000000000e+00 0.000000000000000000e+00 1.539682322350422600e-02 1.581603758602893612e-03
2.900047853326372452e-03 0.000000000000000000e+00 0.000000000000000000e+00 2.165360465614230359e-02 3.754169064187858063e-03
5.068924449973023945e-03 0.000000000000000000e+00 0.000000000000000000e+00 2.531183289848897011e-02 5.868937805848170597e-03
1.346954046141420058e-02 0.000000000000000000e+00 0.000000000000000000e+00 2.715738761046268546e-02 5.224518127935714150e-03
4.006133180133656518e-02 0.000000000000000000e+00 1.900222218191154836e-03 2.643923746153971008e-02 0.000000000000000000e+00
9.938424050667440945e-02 0.000000000000000000e+00 1.514332888531437406e-03 1.766313470252969114e-02 0.000000000000000000e+00
1.452054710052496922e-01 2.687717581007352530e-02 0.000000000000000000e+00 6.068619951232355827e-03 3.483032099928329989e-03
1.012023904140078867e-01 1.112843867270240372e-01 0.000000000000000000e+00 0.000000000000000000e+00 6.716053950906993031e-02
9.072134401748048818e-03 1.374947120475606410e-01 0.000000000000000000e+00 0.000000000000000000e+00 1.253383405729854572e-01
0.000000000000000000e+00 6.074666640032561765e-02 9.832172508910128061e-02 0.000000000000000000e+00 1.088623811279798848e-01
0.000000000000000000e+00 0.000000000000000000e+00 1.386349196827798835e-01 2.713916447048394034e-02 3.569560517917634568e-02
0.000000000000000000e+00 0.000000000000000000e+00 6.945227967907362243e-02 1.132772459898052919e-01 0.000000000000000000e+00
0.000000000000000000e+00 3.886785375636822018e-04 3.253798785882138899e-03 1.303817297724852720e-01 0.000000000000000000e+00
0.000000000000000000e+00 5.926538598100545945e-03 0.000000000000000000e+00 8.583922919337315383e-02 0.000000000000000000e+00
0.000000000000000000e+00 3.735517811531372315e-03 0.000000000000000000e+00 3.692505025493935528e-02 0.000000000000000000e+00
1.985179696271623313e-04 1.647589106457307030e-03 0.000000000000000000e+00 1.290728776254811139e-02 0.000000000000000000e+00
1.343959342524393165e-04 5.069723122085270000e-04 0.000000000000000000e+00 4.481652445713466167e-03 6.185352936726987345e-05
5.870005482589726425e-05 1.832426496815849429e-05 0.000000000000000000e+00 1.019669178731557940e-03 1.307571311669879514e-04
9.625672902796582494e-05 0.000000000000000000e+00 0.000000000000000000e+00 2.671788656960845561e-04 1.944526939528512250e-04
0.000000000000000000e+00 0.000000000000000000e+00 0.000000000000000000e+00 0.000000000000000000e+00 0.000000000000000000e+00
0.000000000000000000e+00 0.000000000000000000e+00 0.000000000000000000e+00 0.000000000000000000e+00 0.000000000000000000e+00
0.000000000000000000e+00 0.000000000000000000e+00 0.000000000000000000e+00 0.000000000000000000e+00 0.000000000000000000e+00
0.000000000000000000e+00 0.000000000000000000e+00 0.000000000000000000e+00 0.000000000000000000e+00 0.000000000000000000e+00
0.000000000000000000e+00 1.168710704655042554e-06 0.000000000000000000e+00 1.484634290647567936e-06 2.710877379207216739e-05
2.698594674249979580e-05 0.000000000000000000e+00 0.000000000000000000e+00 2.965198674153730614e-04 1.649728598939098395e-05
9.647644676983562070e-05 1.295284614220821673e-04 0.000000000000000000e+00 7.025708697270939638e-04 0.000000000000000000e+00
6.929464451936862262e-04 5.128671490862140713e-05 0.000000000000000000e+00 1.445065109087476183e-03 0.000000000000000000e+00
1.073238328663103473e-03 0.000000000000000000e+00 0.000000000000000000e+00 3.987725594690408153e-03 1.109149289296577120e-04
1.319100796926096211e-03 3.543409258237293388e-04 0.000000000000000000e+00 6.621028454546240213e-03 0.000000000000000000e+00
3.411592721071215507e-03 0.000000000000000000e+00 0.000000000000000000e+00 9.498116323190764973e-03 0.000000000000000000e+00
1.048947003646007008e-02 0.000000000000000000e+00 0.000000000000000000e+00 1.038093373246901964e-02 0.000000000000000000e+00
3.162526171026271149e-02 0.000000000000000000e+00 5.891536899504738441e-04 9.375256054015684501e-03 0.000000000000000000e+00
7.818195576964105664e-02 0.000000000000000000e+00 1.539637704994730296e-03 5.672327023725954806e-03 0.000000000000000000e+00
1.344842159737826837e-01 0.000000000000000000e+00 0.000000000000000000e+00 0.000000000000000000e+00 0.000000000000000000e+00
1.321781541941224603e-01 5.742009841995658614e-02 0.000000000000000000e+00 0.000000000000000000e+00 3.285718964576750389e-02
4.797207865087019241e-02 1.321526885269841134e-01 0.000000000000000000e+00 0.000000000000000000e+00 1.006577263467167555e-01
0.000000000000000000e+00 1.263111827113643226e-01 1.450531349292886497e-02 0.000000000000000000e+00 1.285091971388056808e-01
0.000000000000000000e+00 3.850211775396981256e-02 1.153843959414400933e-01 0.000000000000000000e+00 7.858057646965703469e-02
0.000000000000000000e+00 0.000000000000000000e+00 1.377684557268979149e-01 2.923077448938665029e-02 1.037248076074405098e-02
7.779160155061851187e-04 0.000000000000000000e+00 6.706653318861909019e-02 1.062118298274035699e-01 0.000000000000000000e+00
0.000000000000000000e+00 6.642494514867397070e-04 4.453072199744355364e-03 1.263722207892400695e-01 0.000000000000000000e+00
0.000000000000000000e+00 6.054783682660628760e-03 0.000000000000000000e+00 8.487377852295695246e-02 0.000000000000000000e+00
0.000000000000000000e+00 4.148448966416743398e-03 0.000000000000000000e+00 3.998832976102465603e-02 0.000000000000000000e+00
0.000000000000000000e+00 2.154567532112944446e-03 0.000000000000000000e+00 1.552921121954178689e-02 0.000000000000000000e+00
1.668127387012016363e-05 6.820891799068196744e-04 0.000000000000000000e+00 5.090613248821509312e-03 9.074205138958275397e-05
1.212163734872726976e-05 1.037490636685867591e-04 0.000000000000000000e+00 1.824745557513192742e-03 2.201454689529424647e-04
8.290253683193850808e-05 0.000000000000000000e+00 0.000000000000000000e+00 4.608026552859105052e-04 2.053752355760810674e-04
0.000000000000000000e+00 0.000000000000000000e+00 0.000000000000000000e+00 0.000000000000000000e+00 0.000000000000000000e+00
0.000000000000000000e+00 0.000000000000000000e+00 0.000000000000000000e+00 0.000000000000000000e+00 0.000000000000000000e+00
0.000000000000000000e+00 0.000000000000000000e+00 0.000000000000000000e+00 0.000000000000000000e+00 0.000000000000000000e+00
0.000000000000000000e+00 0.000000000000000000e+00 0.000000000000000000e+00 0.000000000000000000e+00 0.000000000000000000e+00
0.000000000000000000e+00 0.000000000000000000e+00 0.000000000000000000e+00 0.000000000000000000e+00 0.000000000000000000e+00
3.411651058085571510e-05 0.000000000000000000e+00 8.677536151237928895e-06 3.703526496783216731e-05 2.068691134753024587e-06
9.726733944185089102e-05 2.552237140634376709e-04 0.000000000000000000e+00 3.088896137697004452e-04 0.000000000000000000e+00
4.810941884047572887e-04 1.817889732249724827e-04 0.000000000000000000e+00 7.076682935982589332e-04 0.000000000000000000e+00
9.444907467243036795e-04 2.148094462161595855e-04 0.000000000000000000e+00 2.241833607254726038e-03 0.000000000000000000e+00
2.528706543936426205e-03 3.058221042313675423e-04 0.000000000000000000e+00 4.288724691108538288e-03 0.000000000000000000e+00
7.917069191122593982e-03 0.000000000000000000e+00 0.000000000000000000e+00 5.801017507943781112e-03 0.000000000000000000e+00
2.566643840870167642e-02 0.000000000000000000e+00 6.197528632766666212e-04 5.202200876403589164e-03 0.000000000000000000e+00
6.243472691906067074e-02 0.000000000000000000e+00 2.603631889240897845e-03 1.437261878001276291e-03 0.000000000000000000e+00
1.142603008934276881e-01 0.000000000000000000e+00 1.787037051468392211e-04 0.000000000000000000e+00 0.000000000000000000e+00
1.419769393919813050e-01 1.833374333596624398e-02 0.000000000000000000e+00 0.000000000000000000e+00 8.671116164641548205e-03
9.264063218845818015e-02 8.763204687227268974e-02 0.000000000000000000e+00 0.000000000000000000e+00 6.599625390728121321e-02
0.000000000000000000e+00 1.421526919108058729e-01 0.000000000000000000e+00 0.000000000000000000e+00 1.173937653969406997e-01
0.000000000000000000e+00 1.063272258426837535e-01 3.304307427821680937e-02 0.000000000000000000e+00 1.120377888681402534e-01
0.000000000000000000e+00 1.980336460824493397e-02 1.254243287413737695e-01 0.000000000000000000e+00 4.856638610572224651e-02
0.000000000000000000e+00 0.000000000000000000e+00 1.344027026666420321e-01 2.826434974360296851e-02 0.000000000000000000e+00
1.873241699025232545e-03 0.000000000000000000e+00 6.633546962225574106e-02 9.726265885624266194e-02 0.000000000000000000e+00
0.000000000000000000e+00 1.017116544485711059e-03 6.710087626553699544e-03 1.184254066505055908e-01 0.000000000000000000e+00
0.000000000000000000e+00 5.914557033181330054e-03 0.000000000000000000e+00 8.658118624497723737e-02 0.000000000000000000e+00
0.000000000000000000e+00 4.526742204683238506e-03 0.000000000000000000e+00 4.381250513540826952e-02 0.000000000000000000e+00
0.000000000000000000e+00 2.457672851237812598e-03 0.000000000000000000e+00 1.980443553327762216e-02 0.000000000000000000e+00
0.000000000000000000e+00 9.222745728518148660e-04 0.000000000000000000e+00 7.124539675971844517e-03 0.000000000000000000e+00
0.000000000000000000e+00 3.048090700536907282e-04 0.000000000000000000e+00 2.909709902778930077e-03 5.492108765101018667e-05
1.270709625573917720e-04 0.000000000000000000e+00 0.000000000000000000e+00 1.750129533529154891e-04 5.707382130716531044e-05
0.000000000000000000e+00 0.000000000000000000e+00 0.000000000000000000e+00 0.000000000000000000e+00 0.000000000000000000e+00
0.000000000000000000e+00 0.000000000000000000e+00 0.000000000000000000e+00 0.000000000000000000e+00 0.000000000000000000e+00
0.000000000000000000e+00 0.000000000000000000e+00 0.000000000000000000e+00 0.000000000000000000e+00 0.000000000000000000e+00
0.000000000000000000e+00 0.000000000000000000e+00 0.000000000000000000e+00 0.000000000000000000e+00 0.000000000000000000e+00
0.000000000000000000e+00 0.000000000000000000e+00 0.000000000000000000e+00 0.000000000000000000e+00 0.000000000000000000e+00
7.447973373210799272e-05 0.000000000000000000e+00 0.000000000000000000e+00 8.063231508609590989e-05 0.000000000000000000e+00
1.159495001400463320e-04 9.928311831122488967e-05 0.000000000000000000e+00 1.352336260762473344e-04 0.000000000000000000e+00
4.524216319260753209e-04 8.803213891328952215e-05 0.000000000000000000e+00 3.078556839576117375e-04 0.000000000000000000e+00
1.883431102690981450e-03 0.000000000000000000e+00 0.000000000000000000e+00 1.016713990589941490e-03 0.000000000000000000e+00
6.689258870535100612e-03 0.000000000000000000e+00 0.000000000000000000e+00 2.540262496428777154e-03 0.000000000000000000e+00
2.190484043911195694e-02 0.000000000000000000e+00 2.824311716990164211e-04 3.588851203603864778e-03 0.000000000000000000e+00
5.100723466040533310e-02 0.000000000000000000e+00 1.823019548729914096e-03 1.660105682713346404e-03 0.000000000000000000e+00
9.563844847795688331e-02 0.000000000000000000e+00 1.838564328432347721e-03 0.000000000000000000e+00 0.000000000000000000e+00
1.346405656800150341e-01 0.000000000000000000e+00 0.000000000000000000e+00 0.000000000000000000e+00 0.000000000000000000e+00
1.200712524272123521e-01 4.540758958336340440e-02 0.000000000000000000e+00 0.000000000000000000e+00 3.491035540824409533e-02
4.076808978193694616e-02 1.131687856265677639e-01 0.000000000000000000e+00 0.000000000000000000e+00 9.000945700487003598e-02
0.000000000000000000e+00 1.385773326141626072e-01 0.000000000000000000e+00 0.000000000000000000e+00 1.152582044051698451e-01
0.000000000000000000e+00 8.466790579402005967e-02 5.153335946668307493e-02 0.000000000000000000e+00 8.650204816559585452e-02
0.000000000000000000e+00 9.632110795555494029e-03 1.281552238756428486e-01 0.000000000000000000e+00 2.715450712473286426e-02
0.000000000000000000e+00 0.000000000000000000e+00 1.294862207096536266e-01 2.707738804415686304e-02 0.000000000000000000e+00
1.762794975783698887e-03 0.000000000000000000e+00 6.672846575530708146e-02 8.809678202673684733e-02 0.000000000000000000e+00
0.000000000000000000e+00 2.098524561044797963e-04 1.091536529441249764e-02 1.092682342360436071e-01 0.000000000000000000e+00
0.000000000000000000e+00 5.070446864215627167e-03 0.000000000000000000e+00 8.681182439976917187e-02 0.000000000000000000e+00
0.000000000000000000e+00 4.917023382577174334e-03 0.000000000000000000e+00 5.131135976766124790e-02 0.000000000000000000e+00
0.000000000000000000e+00 2.573026737462023265e-03 0.000000000000000000e+00 2.455932855651421151e-02 0.000000000000000000e+00
0.000000000000000000e+00 1.126966750347277012e-03 0.000000000000000000e+00 1.022090153913829229e-02 0.000000000000000000e+00
0.000000000000000000e+00 4.377065594825576135e-04 0.000000000000000000e+00 3.519601331555812559e-03 0.000000000000000000e+00
0.000000000000000000e+00 4.660832105854329513e-05 0.000000000000000000e+00 4.315255413298627572e-04 0.000000000000000000e+00
0.000000000000000000e+00 0.000000000000000000e+00 0.000000000000000000e+00 0.000000000000000000e+00 0.000000000000000000e+00
0.000000000000000000e+00 0.000000000000000000e+00 0.000000000000000000e+00 0.000000000000000000e+00 0.000000000000000000e+00
0.000000000000000000e+00 0.000000000000000000e+00 0.000000000000000000e+00 0.000000000000000000e+00 0.000000000000000000e+00
0.000000000000000000e+00 0.000000000000000000e+00 0.000000000000000000e+00 0.000000000000000000e+00 0.000000000000000000e+00
0.000000000000000000e+00 0.000000000000000000e+00 0.000000000000000000e+00 0.000000000000000000e+00 0.000000000000000000e+00
5.839888213085726447e-05 0.000000000000000000e+00 0.000000000000000000e+00 6.322306523796164025e-05 0.000000000000000000e+00
2.275251077470084871e-04 0.000000000000000000e+00 0.000000000000000000e+00 1.206872098918059536e-04 0.000000000000000000e+00
1.275246117349742182e-03 0.000000000000000000e+00 1.564072379662984179e-06 1.934242536100150517e-04 0.000000000000000000e+00
4.960061345590419113e-03 0.000000000000000000e+00 2.193221240706467399e-05 4.850738153253050279e-04 0.000000000000000000e+00
1.702279108318951670e-02 0.000000000000000000e+00 4.164191338093139018e-04 9.635727067658049483e-04 0.000000000000000000e+00
4.050913712422112706e-02 0.000000000000000000e+00 1.312933500372148732e-03 5.583557053602208236e-04 0.000000000000000000e+00
7.668482998006916074e-02 0.000000000000000000e+00 2.340871319330508227e-03 0.000000000000000000e+00 0.000000000000000000e+00
1.174480244688296399e-01 0.000000000000000000e+00 0.000000000000000000e+00 0.000000000000000000e+00 0.000000000000000000e+00
1.281499329243570573e-01 1.589426861580144068e-02 0.000000000000000000e+00 0.000000000000000000e+00 1.376446711821268168e-02
7.871940964748727620e-02 7.160858664085278935e-02 0.000000000000000000e+00 0.000000000000000000e+00 5.888198711135809310e-02
0.000000000000000000e+00 1.242655859111556765e-01 0.000000000000000000e+00 0.000000000000000000e+00 9.990048631449491290e-02
0.000000000000000000e+00 1.244720366499118686e-01 0.000000000000000000e+00 0.000000000000000000e+00 1.037273593671386718e-01
0.000000000000000000e+00 6.700570711082635966e-02 6.309722435887121783e-02 0.000000000000000000e+00 6.354048930930918104e-02
0.000000000000000000e+00 4.939020443919522364e-03 1.263636793611589149e-01 0.000000000000000000e+00 1.505431970104544742e-02
0.000000000000000000e+00 0.000000000000000000e+00 1.234976869606869976e-01 2.135669439181253279e-02 0.000000000000000000e+00
9.450687291763353861e-04 0.000000000000000000e+00 6.858779311866618211e-02 7.777971443101462656e-02 0.000000000000000000e+00
0.000000000000000000e+00 0.000000000000000000e+00 1.725109568000754434e-02 1.016641741256330972e-01 0.000000000000000000e+00
0.000000000000000000e+00 4.144515869840719943e-03 0.000000000000000000e+00 8.750694010385096089e-02 0.000000000000000000e+00
0.000000000000000000e+00 4.776621478732447773e-03 0.000000000000000000e+00 5.617682337899086720e-02 0.000000000000000000e+00
0.000000000000000000e+00 2.574487976281708123e-03 0.000000000000000000e+00 2.908362433685506357e-02 0.000000000000000000e+00
0.000000000000000000e+00 1.179240287924814001e-03 0.000000000000000000e+00 1.280029757946329200e-02 0.000000000000000000e+00
0.000000000000000000e+00 4.175526620473489253e-04 0.000000000000000000e+00 3.577143942178564410e-03 0.000000000000000000e+00
0.000000000000000000e+00 1.033599241705515088e-05 0.000000000000000000e+00 1.749464495808907331e-04 2.388456864831083205e-06
0.000000000000000000e+00 0.000000000000000000e+00 0.000000000000000000e+00 0.000000000000000000e+00 0.000000000000000000e+00
0.000000000000000000e+00 0.000000000000000000e+00 0.000000000000000000e+00 0.000000000000000000e+00 0.000000000000000000e+00
0.000000000000000000e+00 0.000000000000000000e+00 0.000000000000000000e+00 0.000000000000000000e+00 0.000000000000000000e+00
0.000000000000000000e+00 0.000000000000000000e+00 0.000000000000000000e+00 0.000000000000000000e+00 0.000000000000000000e+00
0.000000000000000000e+00 0.000000000000000000e+00 0.000000000000000000e+00 0.000000000000000000e+00 0.000000000000000000e+00
0.000000000000000000e+00 0.000000000000000000e+00 0.000000000000000000e+00 0.000000000000000000e+00 0.000000000000000000e+00
3.789265556775320070e-04 0.000000000000000000e+00 0.000000000000000000e+00 3.760380856339223099e-05 0.000000000000000000e+00
2.299021910813132865e-03 0.000000000000000000e+00 5.686169300911375494e-05 0.000000000000000000e+00 0.000000000000000000e+00
8.637823900095962376e-03 0.000000000000000000e+00 2.284734086129480083e-04 0.000000000000000000e+00 0.000000000000000000e+00
2.551290552981316448e-02 0.000000000000000000e+00 9.685786310368707562e-04 0.000000000000000000e+00 0.000000000000000000e+00
5.417712746724930029e-02 0.000000000000000000e+00 2.173398080406012140e-03 0.000000000000000000e+00 0.000000000000000000e+00
9.087793770528306003e-02 0.000000000000000000e+00 1.532249122083176318e-03 0.000000000000000000e+00 0.000000000000000000e+00
1.187482846741010345e-01 0.000000000000000000e+00 0.000000000000000000e+00 0.000000000000000000e+00 0.000000000000000000e+00
1.034752586634889587e-01 2.931720191476402601e-02 0.000000000000000000e+00 0.000000000000000000e+00 3.096763748584576217e-02
3.928782970062706659e-02 8.344166137209521605e-02 0.000000000000000000e+00 0.000000000000000000e+00 7.272466493289592160e-02
0.000000000000000000e+00 1.169827683425097437e-01 0.000000000000000000e+00 0.000000000000000000e+00 9.850567503763590915e-02
0.000000000000000000e+00 1.030944882977450766e-01 3.526265264588750105e-04 0.000000000000000000e+00 8.830214697573571248e-02
0.000000000000000000e+00 5.362266483924301580e-02 6.426137318728027126e-02 0.000000000000000000e+00 4.722818830903176279e-02
0.000000000000000000e+00 1.186061351696927847e-03 1.166029074589115810e-01 0.000000000000000000e+00 9.908847476671187038e-03
0.000000000000000000e+00 0.000000000000000000e+00 1.153259842883402192e-01 1.332674740774541546e-02 0.000000000000000000e+00
6.011267045787087489e-04 0.000000000000000000e+00 6.937095645986678105e-02 6.311889642282772495e-02 0.000000000000000000e+00
0.000000000000000000e+00 0.000000000000000000e+00 2.080293494742323224e-02 8.916373510168512651e-02 0.000000000000000000e+00
0.000000000000000000e+00 2.529776041031898438e-03 0.000000000000000000e+00 8.145048474054089604e-02 0.000000000000000000e+00
0.000000000000000000e+00 3.745717771496221912e-03 0.000000000000000000e+00 5.328990993764434747e-02 0.000000000000000000e+00
0.000000000000000000e+00 2.280949642543498006e-03 0.000000000000000000e+00 2.782014027823750957e-02 0.000000000000000000e+00
0.000000000000000000e+00 1.320765980241923225e-03 0.000000000000000000e+00 1.270677412346439029e-02 0.000000000000000000e+00
0.000000000000000000e+00 1.735730355117135512e-04 0.000000000000000000e+00 2.168088130141031071e-03 0.000000000000000000e+00
2.841044807890163337e-07 0.000000000000000000e+00 0.000000000000000000e+00 5.019582998575618738e-06 6.086414495383300869e-07
0.000000000000000000e+00 0.000000000000000000e+00 0.000000000000000000e+00 0.000000000000000000e+00 0.000000000000000000e+00
0.000000000000000000e+00 0.000000000000000000e+00 0.000000000000000000e+00 0.000000000000000000e+00 0.000000000000000000e+00
0.000000000000000000e+00 0.000000000000000000e+00 0.000000000000000000e+00 0.000000000000000000e+00 0.000000000000000000e+00
0.000000000000000000e+00 0.000000000000000000e+00 0.000000000000000000e+00 0.000000000000000000e+00 0.000000000000000000e+00
0.000000000000000000e+00 0.000000000000000000e+00 0.000000000000000000e+00 0.000000000000000000e+00 0.000000000000000000e+00
0.000000000000000000e+00 0.000000000000000000e+00 0.000000000000000000e+00 0.000000000000000000e+00 0.000000000000000000e+00
5.004759169604619962e-04 0.000000000000000000e+00 0.000000000000000000e+00 5.354774464272352765e-05 0.000000000000000000e+00
2.387234892348652666e-03 0.000000000000000000e+00 1.130864901964597832e-05 2.010059148263827628e-05 0.000000000000000000e+00
8.173891641098289876e-03 0.000000000000000000e+00 2.479185361772684578e-04 0.000000000000000000e+00 0.000000000000000000e+00
2.290745541304547300e-02 0.000000000000000000e+00 9.039621001675530879e-04 0.000000000000000000e+00 0.000000000000000000e+00
4.895889099761406571e-02 0.000000000000000000e+00 1.860849620528631657e-03 0.000000000000000000e+00 0.000000000000000000e+00
7.717085854125339817e-02 0.000000000000000000e+00 5.681597908254405532e-04 0.000000000000000000e+00 0.000000000000000000e+00
8.948755694749552236e-02 1.181089291330144654e-03 0.000000000000000000e+00 0.000000000000000000e+00 6.389533028039382639e-03
6.499471560725327002e-02 3.187762857884683665e-02 0.000000000000000000e+00 0.000000000000000000e+00 3.357525710474339870e-02
1.079947481079329176e-02 7.374157004665858606e-02 0.000000000000000000e+00 0.000000000000000000e+00 6.595048837172179379e-02
0.000000000000000000e+00 9.141385516913015652e-02 0.000000000000000000e+00 0.000000000000000000e+00 8.050774520836607995e-02
0.000000000000000000e+00 7.322032427463480431e-02 3.414798624077411849e-03 0.000000000000000000e+00 6.370182107097574487e-02
0.000000000000000000e+00 3.549494043123221226e-02 4.786257452157596098e-02 0.000000000000000000e+00 3.342321816148444147e-02
0.000000000000000000e+00 0.000000000000000000e+00 8.618605330549664045e-02 0.000000000000000000e+00 7.942940370873657202e-03
0.000000000000000000e+00 0.000000000000000000e+00 8.645269033569126516e-02 2.443865584210466822e-03 0.000000000000000000e+00
9.678710426956308073e-04 0.000000000000000000e+00 5.545589310654732568e-02 3.759619238641499772e-02 0.000000000000000000e+00
0.000000000000000000e+00 0.000000000000000000e+00 1.871672660786674949e-02 5.974988107359564815e-02 0.000000000000000000e+00
0.000000000000000000e+00 1.557277439805360240e-03 0.000000000000000000e+00 5.471108141271879832e-02 0.000000000000000000e+00
0.000000000000000000e+00 2.511039577142435905e-03 0.000000000000000000e+00 3.590714713729089430e-02 0.000000000000000000e+00
0.000000000000000000e+00 1.433634944520155918e-03 0.000000000000000000e+00 1.678599280100602498e-02 0.000000000000000000e+00
0.000000000000000000e+00 4.500560097393537483e-04 0.000000000000000000e+00 6.159214846825107961e-03 0.000000000000000000e+00
0.000000000000000000e+00 3.387127152661044210e-05 0.000000000000000000e+00 1.141563439908084088e-03 8.879758364747939662e-05
0.000000000000000000e+00 0.000000000000000000e+00 0.000000000000000000e+00 0.000000000000000000e+00 0.000000000000000000e+00
0.000000000000000000e+00 0.000000000000000000e+00 0.000000000000000000e+00 0.000000000000000000e+00 0.000000000000000000e+00
0.000000000000000000e+00 0.000000000000000000e+00 0.000000000000000000e+00 0.000000000000000000e+00 0.000000000000000000e+00
0.000000000000000000e+00 0.000000000000000000e+00 0.000000000000000000e+00 0.000000000000000000e+00 0.000000000000000000e+00
0.000000000000000000e+00 0.000000000000000000e+00 0.000000000000000000e+00 0.000000000000000000e+00 0.000000000000000000e+00
0.000000000000000000e+00 0.000000000000000000e+00 0.000000000000000000e+00 0.000000000000000000e+00 0.000000000000000000e+00
2.759327459173956945e-05 0.000000000000000000e+00 0.000000000000000000e+00 1.835009189646010206e-06 0.000000000000000000e+00
2.736339849812105410e-04 0.000000000000000000e+00 0.000000000000000000e+00 1.527070458526099645e-05 0.000000000000000000e+00
4.593745323171992412e-04 0.000000000000000000e+00 0.000000000000000000e+00 3.678334828825484138e-05 0.000000000000000000e+00
2.133730682351792605e-03 0.000000000000000000e+00 0.000000000000000000e+00 0.000000000000000000e+00 0.000000000000000000e+00
5.143153906058393378e-03 0.000000000000000000e+00 1.345329318076187819e-04 0.000000000000000000e+00 0.000000000000000000e+00
1.047085653863824052e-02 0.000000000000000000e+00 2.354362244722272375e-04 0.000000000000000000e+00 0.000000000000000000e+00
1.646711763438232431e-02 0.000000000000000000e+00 0.000000000000000000e+00 0.000000000000000000e+00 0.000000000000000000e+00
1.771009420801326201e-02 3.042848587731050367e-03 0.000000000000000000e+00 0.000000000000000000e+00 3.282576455184677867e-03
8.870468233378709863e-03 1.428628681800964313e-02 0.000000000000000000e+00 0.000000000000000000e+00 1.200313155850506186e-02
0.000000000000000000e+00 2.626943592955805276e-02 0.000000000000000000e+00 0.000000000000000000e+00 2.067498316364368288e-02
0.000000000000000000e+00 2.912467619546263084e-02 0.000000000000000000e+00 0.000000000000000000e+00 2.354038946654044007e-02
0.000000000000000000e+00 2.146514411667503272e-02 1.253126431102593967e-03 0.000000000000000000e+00 1.910033192940962382e-02
0.000000000000000000e+00 7.246044259395171237e-03 1.367935669268801301e-02 0.000000000000000000e+00 9.486265137793620933e-03
0.000000000000000000e+00 0.000000000000000000e+00 2.288463145881942939e-02 0.000000000000000000e+00 2.662158259200751113e-03
0.000000000000000000e+00 0.000000000000000000e+00 2.385090797633646412e-02 0.000000000000000000e+00 0.000000000000000000e+00
2.694775182802334633e-04 0.000000000000000000e+00 1.574041385752341510e-02 8.984065625624719845e-03 0.000000000000000000e+00
0.000000000000000000e+00 0.000000000000000000e+00 5.248125156909957435e-03 1.646162733119858890e-02 0.000000000000000000e+00
0.000000000000000000e+00 9.244082349469308780e-04 0.000000000000000000e+00 1.609907390097935209e-02 0.000000000000000000e+00
0.000000000000000000e+00 8.538889354993980203e-04 0.000000000000000000e+00 8.580780055577882232e-03 0.000000000000000000e+00
0.000000000000000000e+00 2.452303234731969942e-04 0.000000000000000000e+00 2.413992299806112015e-03 0.000000000000000000e+00
0.000000000000000000e+00 3.030782111395574920e-05 0.000000000000000000e+00 3.959429296796178875e-04 0.000000000000000000e+00
0.000000000000000000e+00 0.000000000000000000e+00 0.000000000000000000e+00 0.000000000000000000e+00 0.000000000000000000e+00
0.000000000000000000e+00 0.000000000000000000e+00 0.000000000000000000e+00 0.000000000000000000e+00 0.000000000000000000e+00
0.000000000000000000e+00 0.000000000000000000e+00 0.000000000000000000e+00 0.000000000000000000e+00 0.000000000000000000e+00
0.000000000000000000e+00 0.000000000000000000e+00 0.000000000000000000e+00 0.000000000000000000e+00 0.000000000000000000e+00
0.000000000000000000e+00 0.000000000000000000e+00 0.000000000000000000e+00 0.000000000000000000e+00 0.000000000000000000e+00
0.000000000000000000e+00 0.000000000000000000e+00 0.000000000000000000e+00 0.000000000000000000e+00 0.000000000000000000e+00
0.000000000000000000e+00 0.000000000000000000e+00 0.000000000000000000e+00 0.000000000000000000e+00 0.000000000000000000e+00
0.000000000000000000e+00 0.000000000000000000e+00 0.000000000000000000e+00 0.000000000000000000e+00 0.000000000000000000e+00
0.000000000000000000e+00 0.000000000000000000e+00 0.000000000000000000e+00 0.000000000000000000e+00 0.000000000000000000e+00
0.000000000000000000e+00 0.000000000000000000e+00 0.000000000000000000e+00 0.000000000000000000e+00 0.000000000000000000e+00
0.000000000000000000e+00 0.000000000000000000e+00 0.000000000000000000e+00 0.000000000000000000e+00 0.000000000000000000e+00
0.000000000000000000e+00 0.000000000000000000e+00 0.000000000000000000e+00 0.000000000000000000e+00 0.000000000000000000e+00
3.050496416663692641e-06 0.000000000000000000e+00 4.164425550364173801e-07 0.000000000000000000e+00 1.175315137478568805e-07
9.761588533323816450e-05 0.000000000000000000e+00 1.332616176116535616e-05 0.000000000000000000e+00 3.761008439931420175e-06
2.195827544344709358e-04 6.946933676369796405e-05 0.000000000000000000e+00 0.000000000000000000e+00 0.000000000000000000e+00
5.703629022589854457e-05 1.240226809190816981e-04 0.000000000000000000e+00 0.000000000000000000e+00 8.985211666778053182e-05
0.000000000000000000e+00 4.151770182981839581e-04 0.000000000000000000e+00 4.576268885347158380e-06 3.347945402083631972e-04
0.000000000000000000e+00 4.003495030396044224e-04 0.000000000000000000e+00 0.000000000000000000e+00 2.272444520483740834e-04
0.000000000000000000e+00 4.792455375642237629e-04 6.455760205287498700e-05 0.000000000000000000e+00 4.725233653294133975e-04
0.000000000000000000e+00 9.426822404495485621e-05 1.496174715459468217e-04 0.000000000000000000e+00 1.572653255579937505e-04
2.976167618772475540e-05 0.000000000000000000e+00 1.279513991670972524e-04 1.147207407457207293e-04 0.000000000000000000e+00
7.206048739921901852e-05 0.000000000000000000e+00 1.868868984453786540e-04 1.910745664432726113e-04 0.000000000000000000e+00
9.984349839034671928e-05 0.000000000000000000e+00 2.002485074773550444e-04 2.753234092625061070e-04 0.000000000000000000e+00
2.463554683589628074e-05 0.000000000000000000e+00 1.534493298374366610e-04 5.620896673857297878e-04 0.000000000000000000e+00
0.000000000000000000e+00 1.272495184474739039e-04 0.000000000000000000e+00 1.207716516461558804e-03 0.000000000000000000e+00
0.000000000000000000e+00 1.550610797898104042e-04 0.000000000000000000e+00 6.903500996718599063e-04 0.000000000000000000e+00
0.000000000000000000e+00 3.596153244210240806e-05 0.000000000000000000e+00 2.557230310150859168e-04 0.000000000000000000e+00
0.000000000000000000e+00 0.000000000000000000e+00 0.000000000000000000e+00 0.000000000000000000e+00 0.000000000000000000e+00
0.000000000000000000e+00 0.000000000000000000e+00 0.000000000000000000e+00 0.000000000000000000e+00 0.000000000000000000e+00
0.000000000000000000e+00 0.000000000000000000e+00 0.000000000000000000e+00 0.000000000000000000e+00 0.000000000000000000e+00
0.000000000000000000e+00 0.000000000000000000e+00 0.000000000000000000e+00 0.000000000000000000e+00 0.000000000000000000e+00
0.000000000000000000e+00 0.000000000000000000e+00 0.000000000000000000e+00 0.000000000000000000e+00 0.000000000000000000e+00
