110.99215960502625
0.000000000000000000e+00 0.000000000000000000e+00 0.000000000000000000e+00 0.000000000000000000e+00 0.000000000000000000e+00
0.000000000000000000e+00 0.000000000000000000e+00 0.000000000000000000e+00 0.000000000000000000e+00 0.000000000000000000e+00
0.000000000000000000e+00 0.000000000000000000e+00 0.000000000000000000e+00 0.000000000000000000e+00 0.000000000000000000e+00
0.000000000000000000e+00 0.000000000000000000e+00 0.000000000000000000e+00 0.000000000000000000e+00 0.000000000000000000e+00
0.000000000000000000e+00 0.000000000000000000e+00 0.000000000000000000e+00 0.000000000000000000e+00 0.000000000000000000e+00
0.000000000000000000e+00 0.000000000000000000e+00 0.000000000000000000e+00 0.000000000000000000e+00 0.000000000000000000e+00
0.000000000000000000e+00 0.000000000000000000e+00 0.000000000000000000e+00 0.000000000000000000e+00 0.000000000000000000e+00
0.000000000000000000e+00 0.000000000000000000e+00 0.000000000000000000e+00 0.000000000000000000e+00 0.000000000000000000e+00
0.000000000000000000e+00 0.000000000000000000e+00 0.000000000000000000e+00 0.000000000000000000e+00 0.000000000000000000e+00
0.000000000000000000e+00 0.000000000000000000e+00 0.000000000000000000e+00 0.000000000000000000e+00 0.000000000000000000e+00
0.000000000000000000e+00 0.000000000000000000e+00 0.000000000000000000e+00 0.000000000000000000e+00 0.000000000000000000e+00
0.000000000000000000e+00 0.000000000000000000e+00 0.000000000000000000e+00 0.000000000000000000e+00 0.000000000000000000e+00
0.000000000000000000e+00 0.000000000000000000e+00 0.000000000000000000e+00 0.000000000000000000e+00 0.000000000000000000e+00
0.000000000000000000e+00 0.000000000000000000e+00 0.000000000000000000e+00 0.000000000000000000e+00 0.000000000000000000e+00
0.000000000000000000e+00 0.000000000000000000e+00 0.000000000000000000e+00 0.000000000000000000e+00 0.000000000000000000e+00
0.000000000000000000e+00 0.000000000000000000e+00 0.000000000000000000e+00 0.000000000000000000e+00 0.000000000000000000e+00
0.000000000000000000e+00 0.000000000000000000e+00 0.000000000000000000e+00 0.000000000000000000e+00 0.000000000000000000e+00
0.000000000000000000e+00 0.000000000000000000e+00 0.000000000000000000e+00 0.000000000000000000e+00 0.000000000000000000e+00
0.000000000000000000e+00 0.000000000000000000e+00 0.000000000000000000e+00 0.000000000000000000e+00 0.000000000000000000e+00
0.000000000000000000e+00 0.000000000000000000e+00 0.000000000000000000e+00 0.000000000000000000e+00 0.000000000000000000e+00
0.000000000000000000e+00 0.000000000000000000e+00 0.000000000000000000e+00 0.000000000000000000e+00 0.000000000000000000e+00
0.000000000000000000e+00 0.000000000000000000e+00 0.000000000000000000e+00 0.000000000000000000e+00 0.000000000000000000e+00
0.000000000000000000e+00 0.000000000000000000e+00 0.000000000000000000e+00 0.000000000000000000e+00 0.000000000000000000e+00
0.000000000000000000e+00 0.000000000000000000e+00 0.000000000000000000e+00 0.000000000000000000e+00 0.000000000000000000e+00
0.000000000000000000e+00 0.000000000000000000e+00 0.000000000000000000e+00 0.000000000000000000e+00 0.000000000000000000e+00
0.000000000000000000e+00 0.000000000000000000e+00 0.000000000000000000e+00 0.000000000000000000e+00 0.000000000000000000e+00
0.000000000000000000e+00 0.000000000000000000e+00 0.000000000000000000e+00 0.000000000000000000e+00 0.000000000000000000e+00
0.000000000000000000e+00 0.000000000000000000e+00 0.000000000000000000e+00 0.000000000000000000e+00 0.000000000000000000e+00
0.000000000000000000e+00 0.000000000000000000e+00 0.000000000000000000e+00 0.000000000000000000e+00 0.000000000000000000e+00
0.000000000000000000e+00 0.000000000000000000e+00 0.000000000000000000e+00 0.000000000000000000e+00 0.000000000000000000e+00
0.000000000000000000e+00 0.000000000000000000e+00 0.000000000000000000e+00 0.000000000000000000e+00 0.000000000000000000e+00
0.000000000000000000e+00 0.000000000000000000e+00 0.000000000000000000e+00 0.000000000000000000e+00 0.000000000000000000e+00
0.000000000000000000e+00 0.000000000000000000e+00 0.000000000000000000e+00 0.000000000000000000e+00 0.000000000000000000e+00
0.000000000000000000e+00 0.000000000000000000e+00 0.000000000000000000e+00 0.000000000000000000e+00 0.000000000000000000e+00
0.000000000000000000e+00 0.000000000000000000e+00 0.000000000000000000e+00 0.000000000000000000e+00 0.000000000000000000e+00
0.000000000000000000e+00 0.000000000000000000e+00 0.000000000000000000e+00 0.000000000000000000e+00 0.000000000000000000e+00
0.000000000000000000e+00 0.000000000000000000e+00 0.000000000000000000e+00 0.000000000000000000e+00 0.000000000000000000e+00
0.000000000000000000e+00 0.000000000000000000e+00 0.000000000000000000e+00 0.000000000000000000e+00 0.000000000000000000e+00
0.000000000000000000e+00 0.000000000000000000e+00 0.000000000000000000e+00 0.000000000000000000e+00 0.000000000000000000e+00
0.000000000000000000e+00 0.000000000000000000e+00 0.000000000000000000e+00 0.000000000000000000e+00 0.000000000000000000e+00
0.000000000000000000e+00 0.000000000000000000e+00 0.000000000000000000e+00 0.000000000000000000e+00 0.000000000000000000e+00
0.000000000000000000e+00 0.000000000000000000e+00 0.000000000000000000e+00 0.000000000000000000e+00 0.000000000000000000e+00
0.000000000000000000e+00 0.000000000000000000e+00 0.000000000000000000e+00 0.000000000000000000e+00 0.000000000000000000e+00
0.000000000000000000e+00 0.000000000000000000e+00 0.000000000000000000e+00 0.000000000000000000e+00 0.000000000000000000e+00
0.000000000000000000e+00 0.000000000000000000e+00 0.000000000000000000e+00 0.000000000000000000e+00 0.000000000000000000e+00
0.000000000000000000e+00 0.000000000000000000e+00 0.000000000000000000e+00 0.000000000000000000e+00 0.000000000000000000e+00
0.000000000000000000e+00 0.000000000000000000e+00 0.000000000000000000e+00 0.000000000000000000e+00 0.000000000000000000e+00
0.000000000000000000e+00 0.000000000000000000e+00 0.000000000000000000e+00 0.000000000000000000e+00 0.000000000000000000e+00
0.000000000000000000e+00 0.000000000000000000e+00 0.000000000000000000e+00 0.000000000000000000e+00 0.000000000000000000e+00
0.000000000000000000e+00 0.000000000000000000e+00 0.000000000000000000e+00 0.000000000000000000e+00 0.000000000000000000e+00
0.000000000000000000e+00 0.000000000000000000e+00 0.000000000000000000e+00 0.000000000000000000e+00 0.000000000000000000e+00
0.000000000000000000e+00 0.000000000000000000e+00 0.000000000000000000e+00 0.000000000000000000e+00 0.000000000000000000e+00
0.000000000000000000e+00 0.000000000000000000e+00 0.000000000000000000e+00 0.000000000000000000e+00 0.000000000000000000e+00
0.000000000000000000e+00 0.000000000000000000e+00 0.000000000000000000e+00 0.000000000000000000e+00 0.000000000000000000e+00
0.000000000000000000e+00 0.000000000000000000e+00 0.000000000000000000e+00 0.000000000000000000e+00 0.000000000000000000e+00
0.000000000000000000e+00 0.000000000000000000e+00 0.000000000000000000e+00 0.000000000000000000e+00 0.000000000000000000e+00
0.000000000000000000e+00 0.000000000000000000e+00 0.000000000000000000e+00 0.000000000000000000e+00 0.000000000000000000e+00
0.000000000000000000e+00 0.000000000000000000e+00 0.000000000000000000e+00 0.000000000000000000e+00 0.000000000000000000e+00
0.000000000000000000e+00 0.000000000000000000e+00 0.000000000000000000e+00 0.000000000000000000e+00 0.000000000000000000e+00
0.000000000000000000e+00 0.000000000000000000e+00 0.000000000000000000e+00 0.000000000000000000e+00 0.000000000000000000e+00
0.000000000000000000e+00 0.000000000000000000e+00 0.000000000000000000e+00 0.000000000000000000e+00 0.000000000000000000e+00
0.000000000000000000e+00 0.000000000000000000e+00 0.000000000000000000e+00 0.000000000000000000e+00 0.000000000000000000e+00
0.000000000000000000e+00 0.000000000000000000e+00 0.000000000000000000e+00 0.000000000000000000e+00 0.000000000000000000e+00
0.000000000000000000e+00 0.000000000000000000e+00 0.000000000000000000e+00 0.000000000000000000e+00 0.000000000000000000e+00
0.000000000000000000e+00 0.000000000000000000e+00 0.000000000000000000e+00 0.000000000000000000e+00 0.000000000000000000e+00
0.000000000000000000e+00 0.000000000000000000e+00 0.000000000000000000e+00 0.000000000000000000e+00 0.000000000000000000e+00
0.000000000000000000e+00 0.000000000000000000e+00 0.000000000000000000e+00 0.000000000000000000e+00 0.000000000000000000e+00
0.000000000000000000e+00 0.000000000000000000e+00 0.000000000000000000e+00 0.000000000000000000e+00 0.000000000000000000e+00
0.000000000000000000e+00 0.000000000000000000e+00 0.000000000000000000e+00 0.000000000000000000e+00 0.000000000000000000e+00
0.000000000000000000e+00 0.000000000000000000e+00 0.000000000000000000e+00 0.000000000000000000e+00 0.000000000000000000e+00
0.000000000000000000e+00 0.000000000000000000e+00 0.000000000000000000e+00 0.000000000000000000e+00 0.000000000000000000e+00
0.000000000000000000e+00 0.000000000000000000e+00 0.000000000000000000e+00 0.000000000000000000e+00 0.000000000000000000e+00
0.000000000000000000e+00 0.000000000000000000e+00 0.000000000000000000e+00 0.000000000000000000e+00 0.000000000000000000e+00
0.000000000000000000e+00 0.000000000000000000e+00 0.000000000000000000e+00 0.000000000000000000e+00 0.000000000000000000e+00
0.000000000000000000e+00 0.000000000000000000e+00 0.000000000000000000e+00 0.000000000000000000e+00 0.000000000000000000e+00
0.000000000000000000e+00 0.000000000000000000e+00 0.000000000000000000e+00 0.000000000000000000e+00 0.000000000000000000e+00
0.000000000000000000e+00 0.000000000000000000e+00 0.000000000000000000e+00 0.000000000000000000e+00 0.000000000000000000e+00
0.000000000000000000e+00 0.000000000000000000e+00 0.000000000000000000e+00 0.000000000000000000e+00 0.000000000000000000e+00
0.000000000000000000e+00 0.000000000000000000e+00 0.000000000000000000e+00 0.000000000000000000e+00 0.000000000000000000e+00
0.000000000000000000e+00 0.000000000000000000e+00 0.000000000000000000e+00 0.000000000000000000e+00 0.000000000000000000e+00
0.000000000000000000e+00 0.000000000000000000e+00 0.000000000000000000e+00 0.000000000000000000e+00 0.000000000000000000e+00
0.000000000000000000e+00 0.000000000000000000e+00 0.000000000000000000e+00 0.000000000000000000e+00 0.000000000000000000e+00
0.000000000000000000e+00 0.000000000000000000e+00 0.000000000000000000e+00 0.000000000000000000e+00 0.000000000000000000e+00
0.000000000000000000e+00 0.000000000000000000e+00 0.000000000000000000e+00 0.000000000000000000e+00 0.000000000000000000e+00
0.000000000000000000e+00 0.000000000000000000e+00 0.000000000000000000e+00 0.000000000000000000e+00 0.000000000000000000e+00
0.000000000000000000e+00 0.000000000000000000e+00 0.000000000000000000e+00 0.000000000000000000e+00 0.000000000000000000e+00
0.000000000000000000e+00 0.000000000000000000e+00 0.000000000000000000e+00 0.000000000000000000e+00 0.000000000000000000e+00
0.000000000000000000e+00 0.000000000000000000e+00 0.000000000000000000e+00 0.000000000000000000e+00 0.000000000000000000e+00
0.000000000000000000e+00 0.000000000000000000e+00 0.000000000000000000e+00 0.000000000000000000e+00 0.000000000000000000e+00
0.000000000000000000e+00 0.000000000000000000e+00 0.000000000000000000e+00 0.000000000000000000e+00 0.000000000000000000e+00
0.000000000000000000e+00 0.000000000000000000e+00 0.000000000000000000e+00 0.000000000000000000e+00 0.000000000000000000e+00
0.000000000000000000e+00 0.000000000000000000e+00 0.000000000000000000e+00 0.000000000000000000e+00 0.000000000000000000e+00
0.000000000000000000e+00 0.000000000000000000e+00 0.000000000000000000e+00 0.000000000000000000e+00 0.000000000000000000e+00
0.000000000000000000e+00 0.000000000000000000e+00 0.000000000000000000e+00 0.000000000000000000e+00 0.000000000000000000e+00
0.000000000000000000e+00 0.000000000000000000e+00 0.000000000000000000e+00 0.000000000000000000e+00 0.000000000000000000e+00
0.000000000000000000e+00 0.000000000000000000e+00 0.000000000000000000e+00 0.000000000000000000e+00 0.000000000000000000e+00
0.000000000000000000e+00 0.000000000000000000e+00 0.000000000000000000e+00 0.000000000000000000e+00 0.000000000000000000e+00
0.000000000000000000e+00 0.000000000000000000e+00 0.000000000000000000e+00 0.000000000000000000e+00 0.000000000000000000e+00
0.000000000000000000e+00 0.000000000000000000e+00 0.000000000000000000e+00 0.000000000000000000e+00 0.000000000000000000e+00
0.000000000000000000e+00 0.000000000000000000e+00 0.000000000000000000e+00 0.000000000000000000e+00 0.000000000000000000e+00
0.000000000000000000e+00 0.000000000000000000e+00 0.000000000000000000e+00 0.000000000000000000e+00 0.000000000000000000e+00
0.000000000000000000e+00 0.000000000000000000e+00 0.000000000000000000e+00 0.000000000000000000e+00 0.000000000000000000e+00
0.000000000000000000e+00 0.000000000000000000e+00 0.000000000000000000e+00 0.000000000000000000e+00 0.000000000000000000e+00
0.000000000000000000e+00 0.000000000000000000e+00 0.000000000000000000e+00 0.000000000000000000e+00 0.000000000000000000e+00
0.000000000000000000e+00 0.000000000000000000e+00 0.000000000000000000e+00 0.000000000000000000e+00 0.000000000000000000e+00
0.000000000000000000e+00 0.000000000000000000e+00 0.000000000000000000e+00 0.000000000000000000e+00 0.000000000000000000e+00
0.000000000000000000e+00 0.000000000000000000e+00 0.000000000000000000e+00 0.000000000000000000e+00 0.000000000000000000e+00
0.000000000000000000e+00 0.000000000000000000e+00 0.000000000000000000e+00 0.000000000000000000e+00 0.000000000000000000e+00
0.000000000000000000e+00 0.000000000000000000e+00 0.000000000000000000e+00 0.000000000000000000e+00 0.000000000000000000e+00
0.000000000000000000e+00 0.000000000000000000e+00 0.000000000000000000e+00 0.000000000000000000e+00 0.000000000000000000e+00
0.000000000000000000e+00 0.000000000000000000e+00 0.000000000000000000e+00 0.000000000000000000e+00 0.000000000000000000e+00
0.000000000000000000e+00 0.000000000000000000e+00 0.000000000000000000e+00 0.000000000000000000e+00 0.000000000000000000e+00
0.000000000000000000e+00 0.000000000000000000e+00 0.000000000000000000e+00 0.000000000000000000e+00 0.000000000000000000e+00
0.000000000000000000e+00 0.000000000000000000e+00 0.000000000000000000e+00 0.000000000000000000e+00 0.000000000000000000e+00
0.000000000000000000e+00 0.000000000000000000e+00 0.000000000000000000e+00 0.000000000000000000e+00 0.000000000000000000e+00
0.000000000000000000e+00 0.000000000000000000e+00 0.000000000000000000e+00 0.000000000000000000e+00 0.000000000000000000e+00
0.000000000000000000e+00 0.000000000000000000e+00 0.000000000000000000e+00 0.000000000000000000e+00 0.000000000000000000e+00
0.000000000000000000e+00 0.000000000000000000e+00 0.000000000000000000e+00 0.000000000000000000e+00 0.000000000000000000e+00
0.000000000000000000e+00 0.000000000000000000e+00 0.000000000000000000e+00 0.000000000000000000e+00 0.000000000000000000e+00
0.000000000000000000e+00 0.000000000000000000e+00 0.000000000000000000e+00 0.000000000000000000e+00 0.000000000000000000e+00
0.000000000000000000e+00 0.000000000000000000e+00 0.000000000000000000e+00 0.000000000000000000e+00 0.000000000000000000e+00
0.000000000000000000e+00 0.000000000000000000e+00 0.000000000000000000e+00 0.000000000000000000e+00 0.000000000000000000e+00
8.711237186857200270e-05 2.483545615031035629e-04 0.000000000000000000e+00 1.594481955445965830e-05 2.056151977665616269e-05
4.462697080047587760e-04 9.692332503782605593e-04 0.000000000000000000e+00 5.961982960166664603e-05 2.388101564726263586e-04
6.240839480583043825e-04 1.346205749894126454e-03 0.000000000000000000e+00 1.097555947831476965e-04 3.491401692369791479e-04
5.632374635386946937e-04 1.218167283090544747e-03 0.000000000000000000e+00 1.170680771058552001e-04 3.209928963923124067e-04
6.707428288180753654e-04 1.810243593619368947e-03 0.000000000000000000e+00 1.728844051029964160e-04 2.269018973885049786e-04
6.483900786621833116e-04 1.833776062125521376e-03 0.000000000000000000e+00 1.766121483143549202e-04 1.837983172299013283e-04
3.291772006139286229e-04 1.172118621903581138e-03 0.000000000000000000e+00 1.337847819183194992e-04 0.000000000000000000e+00
6.632333150936621784e-05 3.071366840117385885e-04 0.000000000000000000e+00 4.692112549772148831e-05 0.000000000000000000e+00
2.315878785134944785e-06 1.197263708349508260e-05 0.000000000000000000e+00 2.036866886722094615e-06 0.000000000000000000e+00
0.000000000000000000e+00 0.000000000000000000e+00 0.000000000000000000e+00 0.000000000000000000e+00 0.000000000000000000e+00
0.000000000000000000e+00 0.000000000000000000e+00 0.000000000000000000e+00 0.000000000000000000e+00 0.000000000000000000e+00
0.000000000000000000e+00 0.000000000000000000e+00 0.000000000000000000e+00 0.000000000000000000e+00 0.000000000000000000e+00
0.000000000000000000e+00 0.000000000000000000e+00 0.000000000000000000e+00 0.000000000000000000e+00 0.000000000000000000e+00
0.000000000000000000e+00 0.000000000000000000e+00 0.000000000000000000e+00 0.000000000000000000e+00 0.000000000000000000e+00
0.000000000000000000e+00 0.000000000000000000e+00 0.000000000000000000e+00 0.000000000000000000e+00 0.000000000000000000e+00
0.000000000000000000e+00 0.000000000000000000e+00 0.000000000000000000e+00 0.000000000000000000e+00 0.000000000000000000e+00
0.000000000000000000e+00 0.000000000000000000e+00 0.000000000000000000e+00 0.000000000000000000e+00 0.000000000000000000e+00
0.000000000000000000e+00 0.000000000000000000e+00 0.000000000000000000e+00 0.000000000000000000e+00 0.000000000000000000e+00
0.000000000000000000e+00 0.000000000000000000e+00 0.000000000000000000e+00 0.000000000000000000e+00 0.000000000000000000e+00
0.000000000000000000e+00 0.000000000000000000e+00 0.000000000000000000e+00 0.000000000000000000e+00 0.000000000000000000e+00
0.000000000000000000e+00 0.000000000000000000e+00 0.000000000000000000e+00 0.000000000000000000e+00 0.000000000000000000e+00
0.000000000000000000e+00 0.000000000000000000e+00 0.000000000000000000e+00 0.000000000000000000e+00 0.000000000000000000e+00
0.000000000000000000e+00 0.000000000000000000e+00 0.000000000000000000e+00 0.000000000000000000e+00 0.000000000000000000e+00
0.000000000000000000e+00 0.000000000000000000e+00 0.000000000000000000e+00 0.000000000000000000e+00 0.000000000000000000e+00
0.000000000000000000e+00 0.000000000000000000e+00 0.000000000000000000e+00 0.000000000000000000e+00 0.000000000000000000e+00
1.801035952779033320e-05 2.901465267286522007e-04 0.000000000000000000e+00 0.000000000000000000e+00 0.000000000000000000e+00
2.121186393033126446e-04 1.587235697928866601e-03 0.000000000000000000e+00 0.000000000000000000e+00 0.000000000000000000e+00
5.139325812390085685e-04 2.824977881704107078e-03 0.000000000000000000e+00 0.000000000000000000e+00 0.000000000000000000e+00
8.779675623766098041e-04 5.204362921852789987e-03 0.000000000000000000e+00 0.000000000000000000e+00 0.000000000000000000e+00
1.740635505611690895e-03 1.023243820285877487e-02 0.000000000000000000e+00 5.936585485478220885e-05 2.355181979227181574e-03
2.595299615693501087e-03 1.476250042387951614e-02 0.000000000000000000e+00 0.000000000000000000e+00 5.153717829488084490e-03
3.489079275811187656e-03 1.404309256745401094e-02 0.000000000000000000e+00 0.000000000000000000e+00 7.551916430784788581e-03
3.110058480279142591e-03 1.326645271620556683e-02 0.000000000000000000e+00 0.000000000000000000e+00 6.093980274102148674e-03
2.401500536298427097e-03 1.227487022803347080e-02 2.623022061522605180e-03 1.253213867092468068e-04 2.950903226220871409e-03
5.929339035993723243e-04 8.265005241025864813e-03 5.685439021291873243e-03 1.734460046570692349e-03 4.979712337105328531e-04
0.000000000000000000e+00 5.081150483551343487e-03 6.994483399197421770e-03 4.771564325869957594e-03 0.000000000000000000e+00
0.000000000000000000e+00 2.542573675812340346e-03 6.381277538633893867e-03 5.742716091603193920e-03 0.000000000000000000e+00
0.000000000000000000e+00 0.000000000000000000e+00 5.475307966305732049e-03 4.880316261360526098e-03 0.000000000000000000e+00
0.000000000000000000e+00 0.000000000000000000e+00 3.529934980030877828e-03 3.316045342361799170e-03 0.000000000000000000e+00
0.000000000000000000e+00 0.000000000000000000e+00 1.729061224743773557e-03 1.175301339399603597e-03 0.000000000000000000e+00
0.000000000000000000e+00 0.000000000000000000e+00 3.314479802459612380e-04 4.495957548149042457e-05 0.000000000000000000e+00
0.000000000000000000e+00 0.000000000000000000e+00 0.000000000000000000e+00 0.000000000000000000e+00 0.000000000000000000e+00
0.000000000000000000e+00 0.000000000000000000e+00 0.000000000000000000e+00 0.000000000000000000e+00 0.000000000000000000e+00
0.000000000000000000e+00 0.000000000000000000e+00 0.000000000000000000e+00 0.000000000000000000e+00 0.000000000000000000e+00
0.000000000000000000e+00 0.000000000000000000e+00 0.000000000000000000e+00 0.000000000000000000e+00 0.000000000000000000e+00
0.000000000000000000e+00 0.000000000000000000e+00 0.000000000000000000e+00 0.000000000000000000e+00 0.000000000000000000e+00
0.000000000000000000e+00 0.000000000000000000e+00 0.000000000000000000e+00 0.000000000000000000e+00 0.000000000000000000e+00
0.000000000000000000e+00 0.000000000000000000e+00 0.000000000000000000e+00 0.000000000000000000e+00 0.000000000000000000e+00
0.000000000000000000e+00 0.000000000000000000e+00 0.000000000000000000e+00 0.000000000000000000e+00 0.000000000000000000e+00
0.000000000000000000e+00 0.000000000000000000e+00 0.000000000000000000e+00 0.000000000000000000e+00 0.000000000000000000e+00
0.000000000000000000e+00 0.000000000000000000e+00 0.000000000000000000e+00 0.000000000000000000e+00 0.000000000000000000e+00
0.000000000000000000e+00 8.965636138468848773e-05 0.000000000000000000e+00 4.478441358117541397e-05 0.000000000000000000e+00
7.414600330508060622e-05 2.478432964471553868e-03 0.000000000000000000e+00 8.089721951468566269e-06 0.000000000000000000e+00
3.249223824485101479e-04 5.239558835968797720e-03 0.000000000000000000e+00 0.000000000000000000e+00 0.000000000000000000e+00
6.833370369212769151e-04 1.218083546564983043e-02 0.000000000000000000e+00 0.000000000000000000e+00 0.000000000000000000e+00
9.045741778785326530e-04 2.843592415763130862e-02 0.000000000000000000e+00 0.000000000000000000e+00 1.596907652598788000e-03
3.141853321495382406e-03 4.517606717175651904e-02 0.000000000000000000e+00 0.000000000000000000e+00 9.845279231987007912e-03
1.090252800891271766e-02 5.753668524360977532e-02 0.000000000000000000e+00 0.000000000000000000e+00 2.820261839563437817e-02
2.514548686654703713e-02 6.835972948414330286e-02 0.000000000000000000e+00 0.000000000000000000e+00 4.616451778364533132e-02
4.818591808974275609e-02 6.514843572423169304e-02 6.562369057984889648e-03 0.000000000000000000e+00 5.500475514329138810e-02
7.087269063401226143e-02 5.220237304664442773e-02 3.309959315620514264e-02 1.406551277873831609e-03 4.910993785361649627e-02
7.946505112285420780e-02 3.684724828410552294e-02 5.934402554334012453e-02 2.283064804246998786e-02 3.131696900066232442e-02
6.363591097234243266e-02 2.306111572700279139e-02 7.566701713866130774e-02 5.215117408808763594e-02 4.848101397952664371e-03
3.685348550850242599e-02 7.899873733919827654e-03 7.730919967766849976e-02 7.381993555166861676e-02 0.000000000000000000e+00
6.024091488643227958e-03 7.506375648258617711e-05 6.648246018814175928e-02 7.691151690992335810e-02 0.000000000000000000e+00
0.000000000000000000e+00 0.000000000000000000e+00 4.511075739050271483e-02 6.134472223033123062e-02 0.000000000000000000e+00
0.000000000000000000e+00 0.000000000000000000e+00 2.453143781254178701e-02 3.333079772720189821e-02 0.000000000000000000e+00
0.000000000000000000e+00 0.000000000000000000e+00 8.636430515816067438e-03 1.300184997852088346e-02 0.000000000000000000e+00
0.000000000000000000e+00 8.849935331787414346e-04 2.634857792421245373e-03 2.393661539840951508e-03 0.000000000000000000e+00
0.000000000000000000e+00 2.807115302115051293e-04 4.079978062837316785e-04 1.309610384109072286e-05 0.000000000000000000e+00
2.184841493748123688e-05 2.275038089126646750e-07 0.000000000000000000e+00 0.000000000000000000e+00 0.000000000000000000e+00
0.000000000000000000e+00 0.000000000000000000e+00 0.000000000000000000e+00 0.000000000000000000e+00 0.000000000000000000e+00
0.000000000000000000e+00 0.000000000000000000e+00 0.000000000000000000e+00 0.000000000000000000e+00 0.000000000000000000e+00
0.000000000000000000e+00 0.000000000000000000e+00 0.000000000000000000e+00 0.000000000000000000e+00 0.000000000000000000e+00
0.000000000000000000e+00 0.000000000000000000e+00 0.000000000000000000e+00 0.000000000000000000e+00 0.000000000000000000e+00
0.000000000000000000e+00 0.000000000000000000e+00 0.000000000000000000e+00 0.000000000000000000e+00 0.000000000000000000e+00
0.000000000000000000e+00 0.000000000000000000e+00 0.000000000000000000e+00 0.000000000000000000e+00 0.000000000000000000e+00
7.168528012101002187e-05 4.963518963231578241e-06 8.456972720210727040e-05 0.000000000000000000e+00 0.000000000000000000e+00
1.205875343933350465e-05 1.821644447206958561e-04 1.016561701507482024e-06 0.000000000000000000e+00 0.000000000000000000e+00
5.130183501063721567e-05 2.314921691818596933e-03 0.000000000000000000e+00 5.061425906622200015e-05 0.000000000000000000e+00
3.766194428583861053e-04 9.943211317754465511e-03 0.000000000000000000e+00 4.525551078216000976e-05 0.000000000000000000e+00
6.018629374057477433e-04 2.479516529867127617e-02 0.000000000000000000e+00 0.000000000000000000e+00 0.000000000000000000e+00
1.812561366938774581e-03 5.615920553959994482e-02 0.000000000000000000e+00 0.000000000000000000e+00 2.420113317855031136e-03
4.791630778090153787e-03 8.798967313674301016e-02 0.000000000000000000e+00 0.000000000000000000e+00 1.995700778572931378e-02
1.659730143275862935e-02 1.096015827496213679e-01 0.000000000000000000e+00 0.000000000000000000e+00 5.041158215454219493e-02
4.448992741461021277e-02 1.119358971738360631e-01 0.000000000000000000e+00 0.000000000000000000e+00 7.840155345316597579e-02
8.013347622991176533e-02 9.572930553123400188e-02 2.348283349139421161e-02 0.000000000000000000e+00 9.486745940545820988e-02
1.037343736819024559e-01 7.849710617763012988e-02 5.522259829755989113e-02 2.201193832942144671e-02 9.478577117588105061e-02
1.103528457089744258e-01 6.665220638934826747e-02 7.308016142751709576e-02 5.702164601742971267e-02 8.636141790602779034e-02
1.066746729292624846e-01 5.777149109916971531e-02 7.856862620217552884e-02 8.769859443714010661e-02 7.651436793545406123e-02
1.010208882980874745e-01 4.297615275767271981e-02 8.621445127491114691e-02 1.009431520780156438e-01 5.284517491473581657e-02
8.293028637965374483e-02 2.661805431139161945e-02 9.238948378124643701e-02 1.079749961769394667e-01 1.725207670010784483e-02
4.286510237819747549e-02 1.760348149647129531e-02 9.385367037690685310e-02 1.118113324000404446e-01 0.000000000000000000e+00
1.621160340530611484e-03 4.572114462127964754e-03 8.235100956199778444e-02 1.039605758930712415e-01 0.000000000000000000e+00
0.000000000000000000e+00 2.061859561062436615e-03 5.805525608847951491e-02 7.925253709552187997e-02 0.000000000000000000e+00
0.000000000000000000e+00 0.000000000000000000e+00 2.774049548590860892e-02 3.847741434540201400e-02 0.000000000000000000e+00
0.000000000000000000e+00 8.625409966959153270e-04 8.350066474961675630e-03 1.183513721674988618e-02 0.000000000000000000e+00
0.000000000000000000e+00 1.341068438528159913e-03 1.727286801706587804e-03 2.418904959479486680e-03 0.000000000000000000e+00
4.267100480590578309e-04 0.000000000000000000e+00 0.000000000000000000e+00 1.247854762505142370e-05 0.000000000000000000e+00
0.000000000000000000e+00 0.000000000000000000e+00 0.000000000000000000e+00 0.000000000000000000e+00 0.000000000000000000e+00
0.000000000000000000e+00 0.000000000000000000e+00 0.000000000000000000e+00 0.000000000000000000e+00 0.000000000000000000e+00
0.000000000000000000e+00 0.000000000000000000e+00 0.000000000000000000e+00 0.000000000000000000e+00 0.000000000000000000e+00
0.000000000000000000e+00 0.000000000000000000e+00 0.000000000000000000e+00 0.000000000000000000e+00 0.000000000000000000e+00
0.000000000000000000e+00 0.000000000000000000e+00 0.000000000000000000e+00 0.000000000000000000e+00 0.000000000000000000e+00
0.000000000000000000e+00 0.000000000000000000e+00 0.000000000000000000e+00 0.000000000000000000e+00 0.000000000000000000e+00
7.005606920916898942e-05 4.850711714067201821e-06 8.264768794751419163e-05 0.000000000000000000e+00 0.000000000000000000e+00
2.776743638579244199e-04 2.323833713843616571e-03 0.000000000000000000e+00 6.163523569223549226e-05 0.000000000000000000e+00
6.152951098633037538e-04 9.171179344960984914e-03 0.000000000000000000e+00 2.797563413857298890e-04 0.000000000000000000e+00
1.750258067133437677e-03 3.030553318411551011e-02 0.000000000000000000e+00 0.000000000000000000e+00 0.000000000000000000e+00
2.756911544169118097e-03 6.837149629601800560e-02 0.000000000000000000e+00 0.000000000000000000e+00 0.000000000000000000e+00
5.482813900240337580e-03 1.078358911783211110e-01 0.000000000000000000e+00 0.000000000000000000e+00 2.131077675704965563e-02
1.528402270628234118e-02 1.272048964334430987e-01 0.000000000000000000e+00 0.000000000000000000e+00 5.300453851682869477e-02
4.932295547083855730e-02 1.135451742673747599e-01 1.312246242932181908e-02 0.000000000000000000e+00 8.576634219006502857e-02
8.317211065513040180e-02 8.130470091350934514e-02 5.247817239231539199e-02 9.387993388182155549e-03 9.912268324856642054e-02
1.015506873255501014e-01 5.798124493219483644e-02 8.206969310083325753e-02 4.964665139948121197e-02 8.288480081786024634e-02
9.073244313276733475e-02 5.311511344690587194e-02 8.698025235777950837e-02 8.698710276167642697e-02 6.983430187265768363e-02
6.513071448796686758e-02 5.587229208754006943e-02 7.327232247990678182e-02 1.050079658990950154e-01 7.226413214720249500e-02
5.979860635961557758e-02 6.284849078892969232e-02 5.329582949584885793e-02 9.413792134205446749e-02 8.598037233199981588e-02
7.718260067325606599e-02 6.409832466700815523e-02 4.559899441564688183e-02 7.076923060507456231e-02 8.881009188991093040e-02
9.295095277558537705e-02 6.145019214733089125e-02 5.801378317711826382e-02 5.650034781913471776e-02 6.468453541966048825e-02
7.800375570959476590e-02 4.624322130481336307e-02 8.558657134304374636e-02 6.966575754019775635e-02 1.370907598431943784e-02
2.868514247256533783e-02 2.648432533333548722e-02 9.550994687196845412e-02 9.653230748092023195e-02 0.000000000000000000e+00
0.000000000000000000e+00 1.409718449331322579e-02 7.933587382310129665e-02 9.092439090906659360e-02 0.000000000000000000e+00
0.000000000000000000e+00 6.742565736196444795e-03 4.739127444734689970e-02 5.315617079798876099e-02 0.000000000000000000e+00
0.000000000000000000e+00 1.381162313785823294e-03 1.769397121288543429e-02 2.134721849993467119e-02 0.000000000000000000e+00
0.000000000000000000e+00 1.221916033355058707e-03 3.377517181144627529e-03 5.275233536878630794e-03 0.000000000000000000e+00
8.769271122342992214e-05 0.000000000000000000e+00 0.000000000000000000e+00 2.692189388478950936e-04 1.302937078264694622e-05
0.000000000000000000e+00 0.000000000000000000e+00 0.000000000000000000e+00 0.000000000000000000e+00 0.000000000000000000e+00
0.000000000000000000e+00 0.000000000000000000e+00 0.000000000000000000e+00 0.000000000000000000e+00 0.000000000000000000e+00
0.000000000000000000e+00 0.000000000000000000e+00 0.000000000000000000e+00 0.000000000000000000e+00 0.000000000000000000e+00
0.000000000000000000e+00 0.000000000000000000e+00 0.000000000000000000e+00 0.000000000000000000e+00 0.000000000000000000e+00
0.000000000000000000e+00 0.000000000000000000e+00 0.000000000000000000e+00 0.000000000000000000e+00 0.000000000000000000e+00
0.000000000000000000e+00 0.000000000000000000e+00 0.000000000000000000e+00 0.000000000000000000e+00 0.000000000000000000e+00
0.000000000000000000e+00 0.000000000000000000e+00 0.000000000000000000e+00 5.909541513823110247e-06 0.000000000000000000e+00
1.229469087430816779e-04 2.970143139798726156e-03 0.000000000000000000e+00 5.867508304095867206e-04 0.000000000000000000e+00
9.592956834039948356e-04 2.208225586128014298e-02 0.000000000000000000e+00 3.677467613749269308e-04 0.000000000000000000e+00
3.504436679867088070e-03 6.706844928682596796e-02 0.000000000000000000e+00 0.000000000000000000e+00 0.000000000000000000e+00
5.377416987736297581e-03 1.142395955075485164e-01 0.000000000000000000e+00 0.000000000000000000e+00 7.661849962313790376e-03
1.180571705766337090e-02 1.318104567269149929e-01 0.000000000000000000e+00 0.000000000000000000e+00 4.258807116751637395e-02
3.360026883101391304e-02 1.083710883927005014e-01 3.174538024476092346e-02 0.000000000000000000e+00 8.127555779256269430e-02
7.342675518998806328e-02 5.569604758706760139e-02 7.262689034323756287e-02 1.634345862536572616e-02 9.387307564917331260e-02
9.510731339267373963e-02 1.945416023301003994e-02 9.306464778253600856e-02 6.518098108906818233e-02 6.815172996201267208e-02
7.720711869716428977e-02 1.021821418373848947e-02 8.798356012889005373e-02 1.047750549966022932e-01 3.818327429301062587e-02
3.651126052681853001e-02 1.360479024640512402e-02 6.687677945679609826e-02 1.093862618096405337e-01 3.094793117688773160e-02
1.812394286169877883e-02 2.749776870790448385e-02 3.480990019211545328e-02 8.308502514897272984e-02 4.709414269284189353e-02
2.302566588252940444e-02 4.138537670548781550e-02 9.755752724789911595e-03 4.645976168781933147e-02 7.554187410813616166e-02
5.376693163144974363e-02 5.694938380551598650e-02 0.000000000000000000e+00 1.573608811057140150e-02 1.029393575390076393e-01
9.042533481644428328e-02 6.925097721421892560e-02 1.011015402165470548e-02 1.002566229911293870e-02 9.989136374392730555e-02
9.712144165096354975e-02 6.630273721032244050e-02 5.321887978125102586e-02 3.855777382093782818e-02 4.388251516354906012e-02
4.806966242875236606e-02 5.272244423453156803e-02 8.615452823387109715e-02 7.984345412421327282e-02 0.000000000000000000e+00
0.000000000000000000e+00 3.427196539261768982e-02 8.516329348012191547e-02 8.387086942143996693e-02 0.000000000000000000e+00
0.000000000000000000e+00 1.724892414316361866e-02 5.872648408209421578e-02 5.515488330085098478e-02 0.000000000000000000e+00
0.000000000000000000e+00 5.479094281813200705e-03 2.611443195733551687e-02 2.336310996612196711e-02 0.000000000000000000e+00
0.000000000000000000e+00 1.813720502228594869e-03 6.800053912485213604e-03 6.264498768949675056e-03 0.000000000000000000e+00
0.000000000000000000e+00 0.000000000000000000e+00 1.639552627440375439e-04 8.472069123111914150e-04 0.000000000000000000e+00
0.000000000000000000e+00 0.000000000000000000e+00 0.000000000000000000e+00 0.000000000000000000e+00 0.000000000000000000e+00
0.000000000000000000e+00 0.000000000000000000e+00 0.000000000000000000e+00 0.000000000000000000e+00 0.000000000000000000e+00
0.000000000000000000e+00 0.000000000000000000e+00 0.000000000000000000e+00 0.000000000000000000e+00 0.000000000000000000e+00
0.000000000000000000e+00 0.000000000000000000e+00 0.000000000000000000e+00 0.000000000000000000e+00 0.000000000000000000e+00
0.000000000000000000e+00 0.000000000000000000e+00 0.000000000000000000e+00 0.000000000000000000e+00 0.000000000000000000e+00
0.000000000000000000e+00 0.000000000000000000e+00 0.000000000000000000e+00 0.000000000000000000e+00 0.000000000000000000e+00
9.831611510668568333e-05 7.515577047717946629e-04 0.000000000000000000e+00 1.359844775316359426e-04 0.000000000000000000e+00
4.372271768154214555e-04 7.889314795879103642e-03 0.000000000000000000e+00 1.190363399037822588e-03 0.000000000000000000e+00
2.433738605189275823e-03 4.953217585028334147e-02 0.000000000000000000e+00 1.174043474982957799e-04 0.000000000000000000e+00
3.804518919753588618e-03 1.028002833885526962e-01 0.000000000000000000e+00 0.000000000000000000e+00 0.000000000000000000e+00
5.674380140105458187e-03 1.322761210559386669e-01 3.600708487465503635e-05 0.000000000000000000e+00 2.014334785880690301e-02
1.748319466838794967e-02 1.110308625751561390e-01 3.707825669105467570e-02 0.000000000000000000e+00 6.341261880237870907e-02
4.795048532526004909e-02 4.467837930513577499e-02 8.192117108052522634e-02 1.352503343007742040e-02 9.300459077142997355e-02
8.653357009162269964e-02 0.000000000000000000e+00 9.965577548093929039e-02 6.167920394756401525e-02 7.350511469026664579e-02
8.132709806949982301e-02 0.000000000000000000e+00 7.678126145581559703e-02 1.065148846589612647e-01 3.768244246648785184e-02
4.282596840518729242e-02 0.000000000000000000e+00 4.441345576783208016e-02 1.038792729265834158e-01 1.794556814060633415e-02
1.045544814362655249e-02 0.000000000000000000e+00 2.140787597697285313e-02 6.605686924542115979e-02 1.799294681889888545e-02
7.284862809188559496e-03 1.279394183657107942e-02 3.098322101290505639e-04 2.911537366376942479e-02 3.537368731959034118e-02
1.994316532402729339e-02 2.094236259410654430e-02 0.000000000000000000e+00 9.489922501918527167e-03 7.157907466680483999e-02
5.759856905912525554e-02 3.442316913221756675e-02 0.000000000000000000e+00 1.086438795226408712e-03 1.130797038186260178e-01
1.048186147849024252e-01 5.518335679257000553e-02 0.000000000000000000e+00 1.270197519165545963e-02 1.171678685949254645e-01
1.025073148782835591e-01 7.114106490972156582e-02 3.495559566264129503e-02 5.218546107095207304e-02 6.080976215183225841e-02
5.334201136603469035e-02 7.288034990002106861e-02 8.426693552902946027e-02 8.312607052510224970e-02 0.000000000000000000e+00
0.000000000000000000e+00 5.248790103336842261e-02 8.401524114683411870e-02 8.068088452943047995e-02 0.000000000000000000e+00
0.000000000000000000e+00 3.012320990393050138e-02 5.992432417049472354e-02 5.149386950001685892e-02 0.000000000000000000e+00
0.000000000000000000e+00 9.427538493539201758e-03 2.755151417554405763e-02 2.262550906685569657e-02 0.000000000000000000e+00
0.000000000000000000e+00 3.286939312109723055e-03 7.837545977136910896e-03 5.617030852725404463e-03 0.000000000000000000e+00
0.000000000000000000e+00 1.199082411072742329e-04 5.753361897780862261e-04 1.302691872440764299e-03 0.000000000000000000e+00
0.000000000000000000e+00 0.000000000000000000e+00 0.000000000000000000e+00 4.437141650772665001e-05 5.375289911885615670e-06
0.000000000000000000e+00 0.000000000000000000e+00 0.000000000000000000e+00 0.000000000000000000e+00 0.000000000000000000e+00
0.000000000000000000e+00 0.000000000000000000e+00 0.000000000000000000e+00 0.000000000000000000e+00 0.000000000000000000e+00
0.000000000000000000e+00 0.000000000000000000e+00 0.000000000000000000e+00 0.000000000000000000e+00 0.000000000000000000e+00
0.000000000000000000e+00 0.000000000000000000e+00 0.000000000000000000e+00 0.000000000000000000e+00 0.000000000000000000e+00
0.000000000000000000e+00 0.000000000000000000e+00 0.000000000000000000e+00 0.000000000000000000e+00 0.000000000000000000e+00
1.216037347470789011e-04 1.541251723447566602e-03 0.000000000000000000e+00 1.361953129179134568e-04 0.000000000000000000e+00
7.375051594251912090e-04 1.736105585345408542e-02 0.000000000000000000e+00 7.168556810508578195e-04 0.000000000000000000e+00
1.816726944020807767e-03 7.280461559656747905e-02 0.000000000000000000e+00 0.000000000000000000e+00 0.000000000000000000e+00
2.535230932520188100e-03 1.221756461398288834e-01 0.000000000000000000e+00 0.000000000000000000e+00 0.000000000000000000e+00
5.314720918088408456e-03 1.310012153030263304e-01 2.912293172747936615e-02 0.000000000000000000e+00 2.800262694707787020e-02
1.913852716463139078e-02 6.819507151539914991e-02 7.981497428394106197e-02 0.000000000000000000e+00 7.748809210689930338e-02
5.850041773256505623e-02 0.000000000000000000e+00 1.091703646846809150e-01 4.313927479087411448e-02 8.992646520264842291e-02
8.954125484088250320e-02 0.000000000000000000e+00 7.417942041894032279e-02 9.393954805455166646e-02 5.827784603733304758e-02
7.230830104466193231e-02 0.000000000000000000e+00 2.380395331969941894e-02 1.029124133707733091e-01 2.422403951261269811e-02
3.078251944432638595e-02 0.000000000000000000e+00 1.794945355289509882e-03 6.276354400216672957e-02 1.323961606869014998e-02
1.381269927769420217e-02 5.155718419073496497e-03 0.000000000000000000e+00 2.243877473068736639e-02 1.775856575297795475e-02
1.828053493142040367e-02 8.475194295445282952e-03 0.000000000000000000e+00 6.614049783013164173e-03 4.124631078846374005e-02
4.128170762545321781e-02 1.324367388701969128e-02 0.000000000000000000e+00 5.989556762420679588e-03 8.621932446840128994e-02
9.339609203260164361e-02 1.710709949694607865e-02 0.000000000000000000e+00 1.672527254991562976e-02 1.247251805569971755e-01
1.250247141164179399e-01 3.726515730011981803e-02 0.000000000000000000e+00 4.913438891489201044e-02 1.229633116386833480e-01
9.749941522032619379e-02 6.304022972360044663e-02 5.320449230256053125e-02 7.945480498524445934e-02 6.160103811616270825e-02
4.079621763590578903e-02 8.170744719061084904e-02 9.761982804839888783e-02 8.954830922971704354e-02 0.000000000000000000e+00
0.000000000000000000e+00 6.907588385027070566e-02 9.313514299648473216e-02 7.287188555205066642e-02 0.000000000000000000e+00
0.000000000000000000e+00 3.922877359676607556e-02 5.785267143524659011e-02 3.919799400818534119e-02 0.000000000000000000e+00
0.000000000000000000e+00 1.416202320644426894e-02 2.255620983083126904e-02 1.390054089971619854e-02 0.000000000000000000e+00
0.000000000000000000e+00 4.325056084298669473e-03 6.679921671049498209e-03 3.152268079929864981e-03 0.000000000000000000e+00
2.422067854578331247e-04 8.718392278768070632e-04 2.207563480273514703e-04 1.465791947494592964e-04 0.000000000000000000e+00
0.000000000000000000e+00 0.000000000000000000e+00 0.000000000000000000e+00 1.299448626297704322e-04 1.574192045623639470e-05
0.000000000000000000e+00 0.000000000000000000e+00 0.000000000000000000e+00 0.000000000000000000e+00 0.000000000000000000e+00
0.000000000000000000e+00 0.000000000000000000e+00 0.000000000000000000e+00 0.000000000000000000e+00 0.000000000000000000e+00
0.000000000000000000e+00 0.000000000000000000e+00 0.000000000000000000e+00 0.000000000000000000e+00 0.000000000000000000e+00
0.000000000000000000e+00 0.000000000000000000e+00 0.000000000000000000e+00 0.000000000000000000e+00 0.000000000000000000e+00
0.000000000000000000e+00 0.000000000000000000e+00 0.000000000000000000e+00 0.000000000000000000e+00 0.000000000000000000e+00
3.145618678426291255e-04 5.327730172054224306e-03 0.000000000000000000e+00 2.903839876455759062e-04 0.000000000000000000e+00
4.099360090718200773e-04 2.839157385730184391e-02 0.000000000000000000e+00 8.265963355736518454e-04 0.000000000000000000e+00
0.000000000000000000e+00 8.189533073708303579e-02 0.000000000000000000e+00 0.000000000000000000e+00 0.000000000000000000e+00
0.000000000000000000e+00 1.307810440551332998e-01 1.270284549194742631e-02 0.000000000000000000e+00 0.000000000000000000e+00
0.000000000000000000e+00 1.120512505303459527e-01 6.158476951314488523e-02 0.000000000000000000e+00 3.276704290535948499e-02
2.158155345309891240e-02 3.321420941298199037e-02 1.091344556563733498e-01 7.354327783464010594e-03 8.553436701408972942e-02
6.747999340595471629e-02 0.000000000000000000e+00 9.378296725663119726e-02 6.008374093478387884e-02 9.467900802515208381e-02
9.973511824518881130e-02 0.000000000000000000e+00 1.896428934614171474e-02 9.979411081225272873e-02 6.073251449485805864e-02
7.903507845579377245e-02 0.000000000000000000e+00 0.000000000000000000e+00 8.281542842973386997e-02 2.955827964873543670e-02
4.786383321301719562e-02 3.948277563292430965e-03 0.000000000000000000e+00 4.166378089305091542e-02 2.400970554179318248e-02
4.296454076792115967e-02 7.743100272786495805e-03 0.000000000000000000e+00 2.017222811750920067e-02 3.385653014068269046e-02
6.177451176016984097e-02 8.152562966076895914e-03 0.000000000000000000e+00 2.086966171711001142e-02 6.226031131284193859e-02
9.472623910521407731e-02 9.391710044930378157e-03 0.000000000000000000e+00 3.109119248089666637e-02 1.048868362138687949e-01
1.259625815504018531e-01 7.764542302567224025e-03 0.000000000000000000e+00 6.128815277623332614e-02 1.320482904525991097e-01
1.249443374206699181e-01 2.768070289789274427e-02 1.453526725049049742e-02 9.134923592300135675e-02 1.213337149455582104e-01
7.947792395282538003e-02 6.312223652883849900e-02 7.826502481704236680e-02 9.946996407724764677e-02 5.400835832005450310e-02
1.864714902698383359e-02 9.107504773934364806e-02 1.120099551669175159e-01 8.414148837812321369e-02 0.000000000000000000e+00
0.000000000000000000e+00 8.185120297163245295e-02 8.904655947553362372e-02 4.771921578909633227e-02 0.000000000000000000e+00
0.000000000000000000e+00 4.387380691064115407e-02 4.612129206780869739e-02 1.661378843022756277e-02 0.000000000000000000e+00
0.000000000000000000e+00 1.475218817098849708e-02 1.306138528623701153e-02 4.477326377831891864e-03 0.000000000000000000e+00
0.000000000000000000e+00 5.159961654715004668e-03 4.183610398353679836e-03 1.504524925022416443e-03 0.000000000000000000e+00
1.081714853818549260e-04 7.806253240291079762e-04 2.434199560937697288e-04 2.527248611342901383e-04 0.000000000000000000e+00
0.000000000000000000e+00 0.000000000000000000e+00 5.591491152212979662e-05 5.279924164618479947e-05 0.000000000000000000e+00
0.000000000000000000e+00 0.000000000000000000e+00 0.000000000000000000e+00 0.000000000000000000e+00 0.000000000000000000e+00
0.000000000000000000e+00 0.000000000000000000e+00 0.000000000000000000e+00 0.000000000000000000e+00 0.000000000000000000e+00
0.000000000000000000e+00 0.000000000000000000e+00 0.000000000000000000e+00 0.000000000000000000e+00 0.000000000000000000e+00
0.000000000000000000e+00 0.000000000000000000e+00 0.000000000000000000e+00 0.000000000000000000e+00 0.000000000000000000e+00
0.000000000000000000e+00 0.000000000000000000e+00 0.000000000000000000e+00 0.000000000000000000e+00 0.000000000000000000e+00
1.654075213092002453e-04 6.718798448497192294e-03 0.000000000000000000e+00 1.685528211967145869e-04 0.000000000000000000e+00
0.000000000000000000e+00 3.131360276856717112e-02 0.000000000000000000e+00 8.911248537391252677e-04 0.000000000000000000e+00
0.000000000000000000e+00 7.962399990686283568e-02 5.214400899561734241e-03 0.000000000000000000e+00 0.000000000000000000e+00
0.000000000000000000e+00 1.264620742418360866e-01 2.901304356944913593e-02 0.000000000000000000e+00 0.000000000000000000e+00
0.000000000000000000e+00 1.086366049070128098e-01 8.480419461828972438e-02 0.000000000000000000e+00 2.642796118610311884e-02
1.940447094467571271e-02 2.921953399612097629e-02 1.201140877990945488e-01 1.071867810173733095e-02 7.790573676995758701e-02
7.550626561657816649e-02 0.000000000000000000e+00 6.879895062069893430e-02 5.818519082504161610e-02 1.007816531793201270e-01
1.112075963101503279e-01 0.000000000000000000e+00 0.000000000000000000e+00 9.316316785978040471e-02 7.231734303211576065e-02
1.052332404710772246e-01 0.000000000000000000e+00 0.000000000000000000e+00 8.236551100767934563e-02 5.113752900217820307e-02
9.355489519732049231e-02 6.054099146616614101e-03 0.000000000000000000e+00 6.132850544528677117e-02 4.986316953679154756e-02
9.412744128335559513e-02 7.333519252261385540e-03 0.000000000000000000e+00 5.775993373964374844e-02 6.352851506424245231e-02
1.066591187803803964e-01 5.703930446900975712e-03 0.000000000000000000e+00 6.649391912739494037e-02 8.589187500392161945e-02
1.178366450193873288e-01 1.821641149807675308e-03 0.000000000000000000e+00 8.301166672246902689e-02 1.130637227697010166e-01
1.259596499801132197e-01 2.891171817828135180e-03 8.271486739374380934e-03 1.017416838136653012e-01 1.292592649967539975e-01
1.077224901206789431e-01 2.679508865318490710e-02 5.219787145613544177e-02 1.088623443992041556e-01 1.161638210802268534e-01
5.340502646308607076e-02 7.615328765053504256e-02 1.036544610674327710e-01 9.364018702711218722e-02 4.342318206821019905e-02
2.109883859665793310e-03 1.077411292926606090e-01 1.132140052406048619e-01 5.465228798883738082e-02 0.000000000000000000e+00
0.000000000000000000e+00 9.046661781598898389e-02 6.991566826357245579e-02 1.956450260506585603e-02 0.000000000000000000e+00
0.000000000000000000e+00 4.646375522437892064e-02 2.912257246422961937e-02 4.497272282429218976e-03 0.000000000000000000e+00
0.000000000000000000e+00 1.702650641526667549e-02 5.722108004109342262e-03 1.371541487652899825e-03 0.000000000000000000e+00
3.980013751437395182e-04 5.925574164718914148e-03 1.339297667448365601e-03 9.864264600145859849e-04 0.000000000000000000e+00
1.712821171494113240e-04 4.667329264351354509e-04 9.347594513648437074e-05 0.000000000000000000e+00 0.000000000000000000e+00
0.000000000000000000e+00 0.000000000000000000e+00 5.431734262149749736e-04 5.129069188486516098e-04 0.000000000000000000e+00
0.000000000000000000e+00 0.000000000000000000e+00 1.384559713881310127e-04 1.307409793143622819e-04 0.000000000000000000e+00
0.000000000000000000e+00 0.000000000000000000e+00 0.000000000000000000e+00 0.000000000000000000e+00 0.000000000000000000e+00
0.000000000000000000e+00 0.000000000000000000e+00 0.000000000000000000e+00 0.000000000000000000e+00 0.000000000000000000e+00
0.000000000000000000e+00 0.000000000000000000e+00 0.000000000000000000e+00 0.000000000000000000e+00 0.000000000000000000e+00
0.000000000000000000e+00 0.000000000000000000e+00 0.000000000000000000e+00 0.000000000000000000e+00 0.000000000000000000e+00
1.526079845487805266e-04 6.097339162180231281e-03 0.000000000000000000e+00 1.327093798482735824e-04 0.000000000000000000e+00
0.000000000000000000e+00 2.840021073246879954e-02 9.831438845341949288e-04 3.011976987318198636e-04 0.000000000000000000e+00
0.000000000000000000e+00 7.018927206027805732e-02 1.074726312732103735e-02 0.000000000000000000e+00 0.000000000000000000e+00
0.000000000000000000e+00 1.108924671660450195e-01 4.141959341067386058e-02 0.000000000000000000e+00 0.000000000000000000e+00
0.000000000000000000e+00 1.069160351660074365e-01 9.551188608783191258e-02 0.000000000000000000e+00 1.337765166106281815e-02
4.255856520744766454e-03 5.203681584996287107e-02 1.253644265634776545e-01 7.537067487326257198e-03 5.967101152956756638e-02
5.465268563828892118e-02 0.000000000000000000e+00 7.699296040581202205e-02 4.291258732436771528e-02 9.149258324526746144e-02
9.740538004427104490e-02 0.000000000000000000e+00 3.144819707291252129e-03 7.928989400017960598e-02 8.914501962004280078e-02
1.073535317474526712e-01 0.000000000000000000e+00 0.000000000000000000e+00 8.925176947867051458e-02 7.776860268005626742e-02
1.075772465051796217e-01 1.441171907341457382e-03 0.000000000000000000e+00 9.064064139865653236e-02 7.726020979475545225e-02
1.023741214169889557e-01 3.713676699275924448e-03 0.000000000000000000e+00 9.172197015582632396e-02 8.486992256928276024e-02
9.201101931711498649e-02 4.010745483745740102e-04 9.796265160112893611e-03 9.736632174560522213e-02 9.107964204207170955e-02
9.433103034621327654e-02 4.435427106618062935e-03 3.298666060383963206e-02 1.062810408106371202e-01 9.896354697018375224e-02
1.141927476607789149e-01 9.493628640160430357e-03 4.854862795993451774e-02 1.116660793678192765e-01 1.164127467755870782e-01
8.934734803754579291e-02 3.717024465872378891e-02 8.221009713182893253e-02 1.012849050632717990e-01 1.055181252267174963e-01
2.639020514146735857e-02 9.112864896104586054e-02 1.228734831112513193e-01 6.331005033065467691e-02 3.322347650645950112e-02
0.000000000000000000e+00 1.207126039714868787e-01 9.944777476048576037e-02 1.958111421986197254e-02 0.000000000000000000e+00
0.000000000000000000e+00 9.489540297466511620e-02 4.583143797464534624e-02 2.824816356176828441e-03 0.000000000000000000e+00
0.000000000000000000e+00 4.506243167178727860e-02 1.227724189668343534e-02 5.749506074763606261e-04 0.000000000000000000e+00
5.751355174863474490e-04 1.574454611041799929e-02 2.280309937998657808e-03 6.623268842788143174e-04 0.000000000000000000e+00
4.729108924175287609e-04 5.381757757822004835e-03 8.809010424405089128e-04 5.429307625224544199e-04 0.000000000000000000e+00
1.898594978363030988e-05 4.013942515056736273e-05 0.000000000000000000e+00 1.054961935551139676e-05 0.000000000000000000e+00
0.000000000000000000e+00 0.000000000000000000e+00 6.017509525714921344e-04 5.682204100970367645e-04 0.000000000000000000e+00
0.000000000000000000e+00 0.000000000000000000e+00 1.650821197320019985e-04 1.558834753363550190e-04 0.000000000000000000e+00
0.000000000000000000e+00 0.000000000000000000e+00 0.000000000000000000e+00 0.000000000000000000e+00 0.000000000000000000e+00
0.000000000000000000e+00 0.000000000000000000e+00 0.000000000000000000e+00 0.000000000000000000e+00 0.000000000000000000e+00
0.000000000000000000e+00 0.000000000000000000e+00 0.000000000000000000e+00 0.000000000000000000e+00 0.000000000000000000e+00
0.000000000000000000e+00 0.000000000000000000e+00 0.000000000000000000e+00 0.000000000000000000e+00 0.000000000000000000e+00
6.481555401191993969e-05 2.957353980728096628e-03 0.000000000000000000e+00 9.775943312796364052e-05 0.000000000000000000e+00
0.000000000000000000e+00 2.152948512295472724e-02 1.119477680096281173e-03 5.401991002574416676e-04 0.000000000000000000e+00
0.000000000000000000e+00 5.404466346660236759e-02 1.257129885160076545e-02 0.000000000000000000e+00 0.000000000000000000e+00
0.000000000000000000e+00 8.986742837448308263e-02 4.399419793095470099e-02 0.000000000000000000e+00 0.000000000000000000e+00
0.000000000000000000e+00 1.013279621118201024e-01 8.862982578931165312e-02 0.000000000000000000e+00 0.000000000000000000e+00
0.000000000000000000e+00 7.465494204582451276e-02 1.274390915623946352e-01 1.058700826813211088e-03 3.285934619454453087e-02
1.587572392088902259e-02 3.935039818188534877e-02 1.123465191242701278e-01 1.981759276298883377e-02 6.652084745746769667e-02
4.344251248531447868e-02 1.878143868135048397e-02 7.440132190083806329e-02 4.635368403288441658e-02 8.176508202082159726e-02
5.709478764756611979e-02 1.271367160954071408e-02 5.223425587020128630e-02 6.322826478399326544e-02 8.061779393590828846e-02
5.840696566509044618e-02 1.404808154197378749e-02 5.225172102404435776e-02 6.695696176174320557e-02 7.759579854305419244e-02
4.847470418902119493e-02 1.901370400477273362e-02 6.640961423956315279e-02 6.918100069079467784e-02 7.003141739874879645e-02
3.861649986639269921e-02 2.182980694697335064e-02 8.382096991835205624e-02 8.042954849412113638e-02 5.989896515438893065e-02
7.899796705586317747e-02 1.969357450179553756e-02 6.911479483067380081e-02 1.039781710410705440e-01 6.920011781415308372e-02
1.093447596747077893e-01 1.352891509762057555e-02 7.010716217648746418e-02 1.055872216425400023e-01 1.044735551973570570e-01
6.741129440102128223e-02 4.461062136684986607e-02 1.051110751021969575e-01 7.231466393342284027e-02 9.868393053024733519e-02
7.148549600910472125e-03 1.050132132879786212e-01 1.164696634593956753e-01 2.363436895408828689e-02 3.265071863509315386e-02
0.000000000000000000e+00 1.294898224102877526e-01 6.673084230268375161e-02 0.000000000000000000e+00 0.000000000000000000e+00
0.000000000000000000e+00 9.174843528976052431e-02 2.165767377678641178e-02 0.000000000000000000e+00 0.000000000000000000e+00
0.000000000000000000e+00 3.852207863764922635e-02 2.740732190410990424e-03 1.616567970712957025e-03 0.000000000000000000e+00
5.444593775706831193e-04 1.374312278304935971e-02 6.684748359581847927e-04 7.203211478929297858e-04 0.000000000000000000e+00
5.962273880595850853e-05 3.063572118307350545e-03 2.565525832049376912e-04 5.458545551058400060e-04 0.000000000000000000e+00
0.000000000000000000e+00 0.000000000000000000e+00 0.000000000000000000e+00 3.139077837751590204e-04 3.487917923397794960e-05
0.000000000000000000e+00 0.000000000000000000e+00 6.017509525714921344e-04 5.682204100970367645e-04 0.000000000000000000e+00
0.000000000000000000e+00 0.000000000000000000e+00 1.371362209621968594e-04 3.155326671573215622e-04 0.000000000000000000e+00
0.000000000000000000e+00 0.000000000000000000e+00 0.000000000000000000e+00 0.000000000000000000e+00 0.000000000000000000e+00
0.000000000000000000e+00 0.000000000000000000e+00 0.000000000000000000e+00 0.000000000000000000e+00 0.000000000000000000e+00
0.000000000000000000e+00 0.000000000000000000e+00 0.000000000000000000e+00 0.000000000000000000e+00 0.000000000000000000e+00
0.000000000000000000e+00 0.000000000000000000e+00 0.000000000000000000e+00 0.000000000000000000e+00 0.000000000000000000e+00
1.309362712029805184e-04 1.626011911205626050e-03 0.000000000000000000e+00 0.000000000000000000e+00 0.000000000000000000e+00
0.000000000000000000e+00 1.336011185905767833e-02 8.760304830913467379e-04 7.571525442014557941e-04 0.000000000000000000e+00
0.000000000000000000e+00 3.500444395814068105e-02 9.747199126249699724e-03 3.186797757174778174e-04 0.000000000000000000e+00
0.000000000000000000e+00 6.190794096018306658e-02 3.428332463709402034e-02 0.000000000000000000e+00 0.000000000000000000e+00
0.000000000000000000e+00 8.413200597680629833e-02 7.017239927427250390e-02 0.000000000000000000e+00 0.000000000000000000e+00
0.000000000000000000e+00 8.203867815204295144e-02 1.091059739438094284e-01 0.000000000000000000e+00 2.607438098366101405e-03
0.000000000000000000e+00 6.884998508459706790e-02 1.275917239214175158e-01 0.000000000000000000e+00 2.781144782985575312e-02
0.000000000000000000e+00 5.198149536265918996e-02 1.277868081705961778e-01 9.133848768185150874e-03 4.673054426264223321e-02
0.000000000000000000e+00 4.475272814079530453e-02 1.241315735073064419e-01 1.818658050231719212e-02 5.012374997217317052e-02
0.000000000000000000e+00 4.673047101876317416e-02 1.244701007514848884e-01 1.920604793424462650e-02 4.094702034825740966e-02
0.000000000000000000e+00 4.882291749974074918e-02 1.193343356916721776e-01 3.664723990800638348e-02 2.870846191245138290e-02
1.213812441347093644e-02 4.825309702151481944e-02 9.334420633856171934e-02 8.707687743712845541e-02 2.178508583208971228e-02
9.655631204751922991e-02 2.995948766522206486e-02 6.329361806200081708e-02 1.118354330347902381e-01 3.987208749825263410e-02
1.111097314280933557e-01 1.902414364778505854e-02 8.004358751175411069e-02 8.491369763186866482e-02 9.053260220855083307e-02
4.772709457716962228e-02 4.998547966305397217e-02 1.124864021711531881e-01 2.951402462960999590e-02 9.677457784066764712e-02
0.000000000000000000e+00 1.161962317621772489e-01 8.787769647119060556e-02 0.000000000000000000e+00 4.196940213640393963e-02
0.000000000000000000e+00 1.323529190861188198e-01 3.333048175173138061e-02 0.000000000000000000e+00 0.000000000000000000e+00
0.000000000000000000e+00 8.718936435127866424e-02 5.049710228082376559e-03 4.000077823592329746e-04 0.000000000000000000e+00
9.426137353956529790e-05 3.444523004632193963e-02 2.711401538327644616e-04 1.459104222836897285e-03 0.000000000000000000e+00
1.025768025316525604e-03 1.358406217245157824e-02 0.000000000000000000e+00 6.332569641840273336e-04 0.000000000000000000e+00
1.306928777418141154e-04 2.510707884066444226e-03 5.938318916677023072e-05 2.426338984553597989e-04 0.000000000000000000e+00
0.000000000000000000e+00 0.000000000000000000e+00 0.000000000000000000e+00 3.173573198606009955e-04 3.526246691786770742e-05
0.000000000000000000e+00 0.000000000000000000e+00 1.464438158912921702e-04 1.382837281209599594e-04 0.000000000000000000e+00
0.000000000000000000e+00 0.000000000000000000e+00 9.319151920354938547e-05 8.799873607697464772e-05 0.000000000000000000e+00
0.000000000000000000e+00 0.000000000000000000e+00 0.000000000000000000e+00 0.000000000000000000e+00 0.000000000000000000e+00
0.000000000000000000e+00 0.000000000000000000e+00 0.000000000000000000e+00 0.000000000000000000e+00 0.000000000000000000e+00
0.000000000000000000e+00 0.000000000000000000e+00 0.000000000000000000e+00 0.000000000000000000e+00 0.000000000000000000e+00
0.000000000000000000e+00 0.000000000000000000e+00 0.000000000000000000e+00 1.448214771534901690e-04 0.000000000000000000e+00
0.000000000000000000e+00 9.703261738902196941e-04 3.651811781181968283e-06 7.705521073576670045e-05 0.000000000000000000e+00
0.000000000000000000e+00 6.798986323687101346e-03 5.222953842069585515e-04 8.001631952227578840e-04 0.000000000000000000e+00
0.000000000000000000e+00 1.831858682825311668e-02 5.705101560996303847e-03 7.054055879243428763e-04 0.000000000000000000e+00
0.000000000000000000e+00 3.465154095057097761e-02 1.908482219075912159e-02 0.000000000000000000e+00 0.000000000000000000e+00
0.000000000000000000e+00 5.260144333384609433e-02 4.347134959021417555e-02 0.000000000000000000e+00 0.000000000000000000e+00
0.000000000000000000e+00 6.507997611378490976e-02 6.978681594443554570e-02 0.000000000000000000e+00 0.000000000000000000e+00
0.000000000000000000e+00 6.652747238759948445e-02 9.539009613974411272e-02 0.000000000000000000e+00 0.000000000000000000e+00
0.000000000000000000e+00 6.395518552098539145e-02 1.095766036031020768e-01 0.000000000000000000e+00 7.035599865733222977e-03
0.000000000000000000e+00 6.461858490749258777e-02 1.116070835898532870e-01 0.000000000000000000e+00 6.468423031256619743e-03
0.000000000000000000e+00 6.424749494058347443e-02 1.005454199591069020e-01 9.533183403351257537e-03 4.925673832863839731e-03
0.000000000000000000e+00 6.175408743410652074e-02 7.732146719945247326e-02 6.309329388912934822e-02 4.792520480989916065e-03
3.959294068313257836e-02 5.224520482470661892e-02 4.760403229813818526e-02 1.212623102396112734e-01 0.000000000000000000e+00
1.261354554446859344e-01 2.308187731484806146e-02 5.382112900146934081e-02 1.028022473090791228e-01 2.087737877667618022e-02
1.063508203376167527e-01 3.951978819174766303e-03 9.410881640770348000e-02 4.139111760627024045e-02 8.308272064358994402e-02
2.339804348939783160e-02 4.632687179158462981e-02 1.072790476513821589e-01 0.000000000000000000e+00 1.026944186770226697e-01
0.000000000000000000e+00 1.230407102556665411e-01 5.149092081975633478e-02 0.000000000000000000e+00 5.254426289364966945e-02
0.000000000000000000e+00 1.347927984922914768e-01 1.089180755388634639e-02 0.000000000000000000e+00 0.000000000000000000e+00
0.000000000000000000e+00 8.186574766891063781e-02 0.000000000000000000e+00 1.118026716513589175e-03 0.000000000000000000e+00
8.992265517666235336e-04 2.905195336080046431e-02 0.000000000000000000e+00 1.162012596312634932e-03 0.000000000000000000e+00
1.046128669449567731e-03 1.184648427356766939e-02 0.000000000000000000e+00 6.903270352646666405e-04 0.000000000000000000e+00
5.526332391712000629e-04 2.623796409983222139e-03 0.000000000000000000e+00 1.114501222055585238e-04 0.000000000000000000e+00
0.000000000000000000e+00 0.000000000000000000e+00 0.000000000000000000e+00 3.139077837751590204e-04 3.487917923397794960e-05
0.000000000000000000e+00 0.000000000000000000e+00 0.000000000000000000e+00 0.000000000000000000e+00 0.000000000000000000e+00
0.000000000000000000e+00 0.000000000000000000e+00 0.000000000000000000e+00 0.000000000000000000e+00 0.000000000000000000e+00
0.000000000000000000e+00 0.000000000000000000e+00 0.000000000000000000e+00 0.000000000000000000e+00 0.000000000000000000e+00
0.000000000000000000e+00 0.000000000000000000e+00 0.000000000000000000e+00 0.000000000000000000e+00 0.000000000000000000e+00
0.000000000000000000e+00 0.000000000000000000e+00 0.000000000000000000e+00 0.000000000000000000e+00 0.000000000000000000e+00
0.000000000000000000e+00 0.000000000000000000e+00 0.000000000000000000e+00 3.344059563362409594e-04 0.000000000000000000e+00
0.000000000000000000e+00 8.538470803087438391e-04 1.318962454544998775e-04 1.802528897001163090e-04 0.000000000000000000e+00
0.000000000000000000e+00 4.804174304938051837e-03 6.245453646231978505e-04 9.219604594058500475e-04 0.000000000000000000e+00
0.000000000000000000e+00 1.123660399123887869e-02 1.209443630826258134e-03 1.321891393121617459e-03 0.000000000000000000e+00
0.000000000000000000e+00 1.894230671604146474e-02 9.041333753109443219e-03 9.451452155172894443e-04 0.000000000000000000e+00
0.000000000000000000e+00 2.828825130331690321e-02 1.983949745641382101e-02 4.068821946046210581e-04 0.000000000000000000e+00
0.000000000000000000e+00 3.656202615197744893e-02 3.259481801823692348e-02 0.000000000000000000e+00 0.000000000000000000e+00
0.000000000000000000e+00 4.111876733563729625e-02 4.573895517042892572e-02 0.000000000000000000e+00 0.000000000000000000e+00
0.000000000000000000e+00 4.948731888941314272e-02 5.275883911206043914e-02 0.000000000000000000e+00 0.000000000000000000e+00
0.000000000000000000e+00 5.274437249594549071e-02 5.039985615955459158e-02 7.195484389369982692e-03 0.000000000000000000e+00
0.000000000000000000e+00 4.971517963964382225e-02 3.627781959794278838e-02 4.646206895733361042e-02 0.000000000000000000e+00
0.000000000000000000e+00 4.142213376055041418e-02 1.741970280030443255e-02 1.167490742694244216e-01 0.000000000000000000e+00
9.014782152022768336e-02 2.668874649296298571e-02 1.476469837540831873e-02 1.298545221065736111e-01 0.000000000000000000e+00
1.473410146303116008e-01 0.000000000000000000e+00 6.168175553165949204e-02 6.410366383618136543e-02 8.049767426712376578e-03
8.796045244077614622e-02 0.000000000000000000e+00 1.069050476338432309e-01 0.000000000000000000e+00 8.497448661039629092e-02
1.723506838459770880e-03 4.244273464207974633e-02 8.740195879129029899e-02 0.000000000000000000e+00 1.133938465908649329e-01
0.000000000000000000e+00 1.211420109778173354e-01 2.257638599707844848e-02 0.000000000000000000e+00 6.060353821528036838e-02
0.000000000000000000e+00 1.334905010741548048e-01 0.000000000000000000e+00 0.000000000000000000e+00 3.726862935052288692e-03
7.442484857026399796e-04 8.206157029049988838e-02 0.000000000000000000e+00 8.450473141601345679e-04 0.000000000000000000e+00
1.117232513250033740e-03 2.944045985178767033e-02 0.000000000000000000e+00 9.373732961085730168e-04 0.000000000000000000e+00
1.305210284878731072e-03 1.231202235288410100e-02 0.000000000000000000e+00 9.317660864637011039e-04 0.000000000000000000e+00
7.059827292897443351e-04 2.536685536488573079e-03 0.000000000000000000e+00 3.435013058441227767e-04 0.000000000000000000e+00
0.000000000000000000e+00 1.071008204930513100e-04 0.000000000000000000e+00 2.973189967801739462e-04 0.000000000000000000e+00
0.000000000000000000e+00 0.000000000000000000e+00 0.000000000000000000e+00 0.000000000000000000e+00 0.000000000000000000e+00
0.000000000000000000e+00 0.000000000000000000e+00 0.000000000000000000e+00 0.000000000000000000e+00 0.000000000000000000e+00
0.000000000000000000e+00 0.000000000000000000e+00 0.000000000000000000e+00 0.000000000000000000e+00 0.000000000000000000e+00
0.000000000000000000e+00 0.000000000000000000e+00 0.000000000000000000e+00 0.000000000000000000e+00 0.000000000000000000e+00
0.000000000000000000e+00 0.000000000000000000e+00 0.000000000000000000e+00 0.000000000000000000e+00 0.000000000000000000e+00
0.000000000000000000e+00 0.000000000000000000e+00 0.000000000000000000e+00 0.000000000000000000e+00 0.000000000000000000e+00
0.000000000000000000e+00 8.516888430269749103e-04 1.337757787221938643e-04 1.559408892932440528e-04 0.000000000000000000e+00
0.000000000000000000e+00 2.159412568389915306e-03 5.666222537367720689e-04 6.148855969634390954e-04 0.000000000000000000e+00
0.000000000000000000e+00 5.493267434904000428e-03 1.286744271886393213e-03 9.787902233417552448e-04 0.000000000000000000e+00
0.000000000000000000e+00 1.153565873333323166e-02 2.747277924855437686e-03 1.703704847222204614e-03 0.000000000000000000e+00
0.000000000000000000e+00 1.809958521522139416e-02 4.928515643143126061e-03 2.228664444221621719e-03 0.000000000000000000e+00
0.000000000000000000e+00 2.497975281087284199e-02 9.234005094078200082e-03 2.251530931466410364e-03 0.000000000000000000e+00
0.000000000000000000e+00 2.682763541255029152e-02 1.298089326201934054e-02 2.949167756440354300e-03 0.000000000000000000e+00
0.000000000000000000e+00 2.868401096870547631e-02 1.442789788022665921e-02 1.157216768437533023e-02 0.000000000000000000e+00
0.000000000000000000e+00 2.716397995266272430e-02 7.200365675780901094e-03 4.041296837143922016e-02 0.000000000000000000e+00
0.000000000000000000e+00 2.178901947225624774e-02 0.000000000000000000e+00 9.821189315578621182e-02 0.000000000000000000e+00
3.856824621461162061e-02 1.633554420020339251e-02 0.000000000000000000e+00 1.429231952973883946e-01 0.000000000000000000e+00
1.316795405049895340e-01 3.429776944778221200e-03 2.770920056689227598e-02 9.554495225084358445e-02 0.000000000000000000e+00
1.453338065544180491e-01 0.000000000000000000e+00 8.528335016458157836e-02 1.213261253872842393e-02 1.251265776003899176e-02
5.732586292844447234e-02 0.000000000000000000e+00 1.063311094282803904e-01 0.000000000000000000e+00 9.709112661299859615e-02
0.000000000000000000e+00 3.446375723685296544e-02 6.038158781890106547e-02 0.000000000000000000e+00 1.215897076057756016e-01
0.000000000000000000e+00 1.145079857313048149e-01 4.906850605082599404e-03 0.000000000000000000e+00 6.406592630527090104e-02
0.000000000000000000e+00 1.328396364051140366e-01 0.000000000000000000e+00 0.000000000000000000e+00 6.543146817558389595e-03
1.479150401101203723e-03 8.203603704068369862e-02 0.000000000000000000e+00 4.307782647921992768e-04 0.000000000000000000e+00
1.148236203660915351e-03 3.077438719943064935e-02 0.000000000000000000e+00 5.460341620101085997e-04 0.000000000000000000e+00
1.222308884832825140e-03 1.324015965471789756e-02 0.000000000000000000e+00 8.807589372056507998e-04 0.000000000000000000e+00
8.865003504321606383e-04 3.131871561390535668e-03 0.000000000000000000e+00 5.651903422271154897e-04 0.000000000000000000e+00
1.112019831054452516e-05 6.200230708100170664e-04 1.995292067963010509e-04 2.342931722425746423e-04 0.000000000000000000e+00
0.000000000000000000e+00 0.000000000000000000e+00 0.000000000000000000e+00 0.000000000000000000e+00 0.000000000000000000e+00
0.000000000000000000e+00 0.000000000000000000e+00 0.000000000000000000e+00 0.000000000000000000e+00 0.000000000000000000e+00
0.000000000000000000e+00 0.000000000000000000e+00 0.000000000000000000e+00 0.000000000000000000e+00 0.000000000000000000e+00
0.000000000000000000e+00 0.000000000000000000e+00 0.000000000000000000e+00 0.000000000000000000e+00 0.000000000000000000e+00
0.000000000000000000e+00 0.000000000000000000e+00 0.000000000000000000e+00 0.000000000000000000e+00 0.000000000000000000e+00
0.000000000000000000e+00 0.000000000000000000e+00 0.000000000000000000e+00 0.000000000000000000e+00 0.000000000000000000e+00
0.000000000000000000e+00 6.538556078356692284e-04 1.027018773654637599e-04 1.197183992605614422e-04 0.000000000000000000e+00
0.000000000000000000e+00 1.554111008749862327e-03 4.020830341713005200e-04 4.376903344909543222e-04 0.000000000000000000e+00
0.000000000000000000e+00 2.692575465943277020e-03 6.259244877075389926e-04 7.349889901108499742e-04 0.000000000000000000e+00
0.000000000000000000e+00 8.032070378018873677e-03 1.134191578269894314e-03 1.547471353578891776e-03 0.000000000000000000e+00
0.000000000000000000e+00 1.346474525714647617e-02 4.626555850912060291e-04 2.140318987696562120e-03 0.000000000000000000e+00
0.000000000000000000e+00 1.518301982034723011e-02 4.732113271454303403e-04 2.982112784982082678e-03 0.000000000000000000e+00
0.000000000000000000e+00 1.462284279544597346e-02 0.000000000000000000e+00 1.056275773265311253e-02 0.000000000000000000e+00
0.000000000000000000e+00 1.198453157763951227e-02 0.000000000000000000e+00 3.319983322526535996e-02 9.716765509936024000e-04
0.000000000000000000e+00 7.643834092867929017e-03 0.000000000000000000e+00 8.033445366951814937e-02 2.811941523894110045e-03
4.418865625176865257e-03 2.080038899468614807e-03 0.000000000000000000e+00 1.346487424485569850e-01 0.000000000000000000e+00
8.052217058189287124e-02 1.192315052846316947e-03 6.598881574298552308e-03 1.247834034054920022e-01 0.000000000000000000e+00
1.501383437809699073e-01 0.000000000000000000e+00 5.462691728719673567e-02 4.402230126792484183e-02 0.000000000000000000e+00
1.271957832483230633e-01 0.000000000000000000e+00 9.838150023269967570e-02 0.000000000000000000e+00 2.408175532594096849e-02
2.904197509847383785e-02 0.000000000000000000e+00 9.244917224116393217e-02 0.000000000000000000e+00 1.095033451687516535e-01
0.000000000000000000e+00 3.352486995255976598e-02 3.631864164371780695e-02 0.000000000000000000e+00 1.236312037148049880e-01
0.000000000000000000e+00 1.071997940097514229e-01 0.000000000000000000e+00 3.744345258929700541e-04 6.447301825572722411e-02
0.000000000000000000e+00 1.284856297341337716e-01 0.000000000000000000e+00 1.275799039740826339e-04 9.607258773699686380e-03
2.407745026911886545e-03 7.995857169231956885e-02 0.000000000000000000e+00 0.000000000000000000e+00 0.000000000000000000e+00
1.062079736378994301e-03 3.379929507603916805e-02 0.000000000000000000e+00 0.000000000000000000e+00 0.000000000000000000e+00
1.117367355080011587e-03 1.546238111187378528e-02 0.000000000000000000e+00 5.677476878202172969e-04 0.000000000000000000e+00
1.065262745041064630e-03 3.376876863009057456e-03 0.000000000000000000e+00 3.912036681893125436e-04 0.000000000000000000e+00
2.011445906760095731e-05 1.310657917198452399e-03 3.182509950361643147e-04 1.889160886616516341e-04 0.000000000000000000e+00
0.000000000000000000e+00 0.000000000000000000e+00 0.000000000000000000e+00 0.000000000000000000e+00 0.000000000000000000e+00
0.000000000000000000e+00 0.000000000000000000e+00 0.000000000000000000e+00 0.000000000000000000e+00 0.000000000000000000e+00
0.000000000000000000e+00 0.000000000000000000e+00 0.000000000000000000e+00 0.000000000000000000e+00 0.000000000000000000e+00
0.000000000000000000e+00 0.000000000000000000e+00 0.000000000000000000e+00 0.000000000000000000e+00 0.000000000000000000e+00
0.000000000000000000e+00 0.000000000000000000e+00 0.000000000000000000e+00 0.000000000000000000e+00 0.000000000000000000e+00
0.000000000000000000e+00 0.000000000000000000e+00 0.000000000000000000e+00 0.000000000000000000e+00 0.000000000000000000e+00
0.000000000000000000e+00 5.700279658054553818e-05 8.953497001091722171e-06 1.043698865348483192e-05 0.000000000000000000e+00
0.000000000000000000e+00 5.445991325575468564e-04 9.339604146173179186e-05 1.073285982937680571e-04 0.000000000000000000e+00
0.000000000000000000e+00 1.002874183432072436e-03 2.692547763794888769e-04 3.278953361844984021e-04 0.000000000000000000e+00
3.882042812131926098e-04 5.054487918037080252e-03 0.000000000000000000e+00 9.967790639593616161e-04 0.000000000000000000e+00
6.575534831497466487e-05 8.604839615762914160e-03 0.000000000000000000e+00 2.454597561470336139e-03 0.000000000000000000e+00
0.000000000000000000e+00 8.621229863100005747e-03 0.000000000000000000e+00 8.411592451239902068e-03 0.000000000000000000e+00
0.000000000000000000e+00 6.267319717006600288e-03 0.000000000000000000e+00 2.873137030983453910e-02 2.163396212813405509e-03
0.000000000000000000e+00 1.808132333153355436e-03 0.000000000000000000e+00 6.851134868861968874e-02 4.720498015743368470e-03
0.000000000000000000e+00 0.000000000000000000e+00 0.000000000000000000e+00 1.144717338457899580e-01 2.438386762179923194e-03
3.693740742201818972e-02 0.000000000000000000e+00 0.000000000000000000e+00 1.366536091010253917e-01 0.000000000000000000e+00
1.140341959484351408e-01 0.000000000000000000e+00 2.813695271485494240e-02 8.312236194797267830e-02 0.000000000000000000e+00
1.531308337746080661e-01 0.000000000000000000e+00 7.273189005297264753e-02 0.000000000000000000e+00 0.000000000000000000e+00
9.372968951275979788e-02 0.000000000000000000e+00 9.700069309776421234e-02 0.000000000000000000e+00 4.014974928311242780e-02
8.541296858523544228e-03 0.000000000000000000e+00 6.836245802392372506e-02 0.000000000000000000e+00 1.182691908101104195e-01
0.000000000000000000e+00 3.052474413100082426e-02 2.048189795312826619e-02 0.000000000000000000e+00 1.245160501080371102e-01
0.000000000000000000e+00 9.759188645076992408e-02 0.000000000000000000e+00 1.434002036096045400e-03 6.569365121675896368e-02
0.000000000000000000e+00 1.175622310925270309e-01 0.000000000000000000e+00 1.306233565477246531e-04 1.266728214301970565e-02
2.480956059451863444e-03 8.433203868216010424e-02 0.000000000000000000e+00 0.000000000000000000e+00 0.000000000000000000e+00
1.307931377432243903e-03 3.981972994300404800e-02 0.000000000000000000e+00 0.000000000000000000e+00 0.000000000000000000e+00
7.847598201777187090e-04 1.699069675821394607e-02 0.000000000000000000e+00 3.064568842843620787e-04 0.000000000000000000e+00
5.645306768679450929e-04 5.197614141380998629e-03 0.000000000000000000e+00 0.000000000000000000e+00 0.000000000000000000e+00
5.515667572018864354e-06 1.030210736864359614e-03 3.456725490519522255e-04 2.067953592419670807e-04 0.000000000000000000e+00
0.000000000000000000e+00 0.000000000000000000e+00 0.000000000000000000e+00 0.000000000000000000e+00 0.000000000000000000e+00
0.000000000000000000e+00 0.000000000000000000e+00 0.000000000000000000e+00 0.000000000000000000e+00 0.000000000000000000e+00
0.000000000000000000e+00 0.000000000000000000e+00 0.000000000000000000e+00 0.000000000000000000e+00 0.000000000000000000e+00
0.000000000000000000e+00 0.000000000000000000e+00 0.000000000000000000e+00 0.000000000000000000e+00 0.000000000000000000e+00
0.000000000000000000e+00 0.000000000000000000e+00 0.000000000000000000e+00 0.000000000000000000e+00 0.000000000000000000e+00
0.000000000000000000e+00 0.000000000000000000e+00 0.000000000000000000e+00 0.000000000000000000e+00 0.000000000000000000e+00
0.000000000000000000e+00 0.000000000000000000e+00 0.000000000000000000e+00 0.000000000000000000e+00 0.000000000000000000e+00
0.000000000000000000e+00 0.000000000000000000e+00 0.000000000000000000e+00 5.341195620780533990e-05 1.559407302115109690e-05
0.000000000000000000e+00 0.000000000000000000e+00 0.000000000000000000e+00 4.732773674329067209e-04 1.262975812286403453e-04
0.000000000000000000e+00 8.946075737291114827e-04 0.000000000000000000e+00 2.104896977310709121e-03 1.193907885880876562e-05
0.000000000000000000e+00 3.267004124031340322e-03 0.000000000000000000e+00 6.800213520064904600e-03 3.348629018205238092e-04
0.000000000000000000e+00 3.042158276039996084e-03 0.000000000000000000e+00 2.348218634565307425e-02 2.078749285580096424e-03
0.000000000000000000e+00 1.254058574344684178e-03 0.000000000000000000e+00 5.580889813569157865e-02 4.448321027075299340e-03
0.000000000000000000e+00 0.000000000000000000e+00 0.000000000000000000e+00 9.665446287390803970e-02 4.952943098711051068e-03
8.676435192133109472e-03 0.000000000000000000e+00 0.000000000000000000e+00 1.341374366930731254e-01 0.000000000000000000e+00
7.272340326080856121e-02 0.000000000000000000e+00 1.329061666058491131e-02 1.079639599853940840e-01 0.000000000000000000e+00
1.348334697374949098e-01 0.000000000000000000e+00 4.769361318228686197e-02 3.008904763154430367e-02 0.000000000000000000e+00
1.385588571929509683e-01 0.000000000000000000e+00 7.696656847916513722e-02 0.000000000000000000e+00 0.000000000000000000e+00
6.681065373910621830e-02 0.000000000000000000e+00 8.195404313011722675e-02 0.000000000000000000e+00 5.463974435042637939e-02
0.000000000000000000e+00 0.000000000000000000e+00 5.049445751926458920e-02 0.000000000000000000e+00 1.208899314928822549e-01
0.000000000000000000e+00 2.548678395885281209e-02 1.262559049614106650e-02 0.000000000000000000e+00 1.216363222178119957e-01
0.000000000000000000e+00 8.434455724949058153e-02 0.000000000000000000e+00 2.086132987406494766e-03 6.600194191404679112e-02
0.000000000000000000e+00 1.104975751455617300e-01 0.000000000000000000e+00 0.000000000000000000e+00 1.572865463791358817e-02
8.917645228997463655e-04 8.618840648781724012e-02 0.000000000000000000e+00 0.000000000000000000e+00 0.000000000000000000e+00
1.702558530726930785e-03 5.006278891119929353e-02 0.000000000000000000e+00 0.000000000000000000e+00 0.000000000000000000e+00
7.872798023613077067e-04 1.910803390606301277e-02 0.000000000000000000e+00 3.096335732982404454e-04 0.000000000000000000e+00
5.408287863263224480e-04 7.299688155517754413e-03 0.000000000000000000e+00 0.000000000000000000e+00 0.000000000000000000e+00
4.900479322853973791e-05 7.254789862183271595e-04 3.480143656794083633e-04 2.847970555949106035e-05 0.000000000000000000e+00
0.000000000000000000e+00 0.000000000000000000e+00 0.000000000000000000e+00 0.000000000000000000e+00 0.000000000000000000e+00
0.000000000000000000e+00 0.000000000000000000e+00 0.000000000000000000e+00 0.000000000000000000e+00 0.000000000000000000e+00
0.000000000000000000e+00 0.000000000000000000e+00 0.000000000000000000e+00 0.000000000000000000e+00 0.000000000000000000e+00
0.000000000000000000e+00 0.000000000000000000e+00 0.000000000000000000e+00 0.000000000000000000e+00 0.000000000000000000e+00
0.000000000000000000e+00 0.000000000000000000e+00 0.000000000000000000e+00 0.000000000000000000e+00 0.000000000000000000e+00
0.000000000000000000e+00 0.000000000000000000e+00 0.000000000000000000e+00 0.000000000000000000e+00 0.000000000000000000e+00
0.000000000000000000e+00 0.000000000000000000e+00 0.000000000000000000e+00 0.000000000000000000e+00 0.000000000000000000e+00
0.000000000000000000e+00 0.000000000000000000e+00 0.000000000000000000e+00 2.770205159056210128e-04 4.026027440909506037e-05
0.000000000000000000e+00 0.000000000000000000e+00 0.000000000000000000e+00 2.262355099136303515e-03 3.127534321600708911e-04
0.000000000000000000e+00 0.000000000000000000e+00 0.000000000000000000e+00 5.140608806586110906e-03 3.775492920114655992e-04
0.000000000000000000e+00 0.000000000000000000e+00 0.000000000000000000e+00 1.822514112405571735e-02 1.820492507144064317e-03
0.000000000000000000e+00 0.000000000000000000e+00 0.000000000000000000e+00 4.351724224364575400e-02 2.969408369689690956e-03
0.000000000000000000e+00 0.000000000000000000e+00 0.000000000000000000e+00 8.094657908871669139e-02 3.701745692170346855e-03
0.000000000000000000e+00 0.000000000000000000e+00 0.000000000000000000e+00 1.167159686970797028e-01 0.000000000000000000e+00
3.715700465059230267e-02 0.000000000000000000e+00 4.131218073866821383e-03 1.202810484996478940e-01 0.000000000000000000e+00
1.042972159511897229e-01 2.811644676177882753e-04 2.854615862234981608e-02 6.096972413968559934e-02 0.000000000000000000e+00
1.374710366247314519e-01 1.198418273028102870e-03 5.547350276469281694e-02 0.000000000000000000e+00 0.000000000000000000e+00
1.153677252865448893e-01 0.000000000000000000e+00 7.174143235221835946e-02 0.000000000000000000e+00 1.877981053335565486e-03
4.375477390562575869e-02 0.000000000000000000e+00 6.433286975737949331e-02 0.000000000000000000e+00 6.566010757294717115e-02
0.000000000000000000e+00 0.000000000000000000e+00 4.086616801581637037e-02 0.000000000000000000e+00 1.180150294422236817e-01
0.000000000000000000e+00 1.467524685198138244e-02 1.079495895658474924e-02 0.000000000000000000e+00 1.163233209214220576e-01
0.000000000000000000e+00 7.096532110902549484e-02 0.000000000000000000e+00 9.677665491060965337e-04 6.991189424805394070e-02
0.000000000000000000e+00 1.025820719561154476e-01 0.000000000000000000e+00 0.000000000000000000e+00 2.216006671451085236e-02
5.514254153836731231e-04 8.854964908840923243e-02 0.000000000000000000e+00 0.000000000000000000e+00 0.000000000000000000e+00
1.862473080996379649e-03 5.644560241495041875e-02 0.000000000000000000e+00 0.000000000000000000e+00 0.000000000000000000e+00
9.747022089017733006e-04 2.490861524136114488e-02 0.000000000000000000e+00 4.891027992486187250e-04 0.000000000000000000e+00
5.809322728980906682e-04 8.973510252018849012e-03 0.000000000000000000e+00 0.000000000000000000e+00 0.000000000000000000e+00
1.199140773840561171e-04 1.875426492596498664e-03 0.000000000000000000e+00 0.000000000000000000e+00 0.000000000000000000e+00
0.000000000000000000e+00 0.000000000000000000e+00 0.000000000000000000e+00 0.000000000000000000e+00 0.000000000000000000e+00
0.000000000000000000e+00 0.000000000000000000e+00 0.000000000000000000e+00 0.000000000000000000e+00 0.000000000000000000e+00
0.000000000000000000e+00 0.000000000000000000e+00 0.000000000000000000e+00 0.000000000000000000e+00 0.000000000000000000e+00
0.000000000000000000e+00 0.000000000000000000e+00 0.000000000000000000e+00 0.000000000000000000e+00 0.000000000000000000e+00
0.000000000000000000e+00 0.000000000000000000e+00 0.000000000000000000e+00 0.000000000000000000e+00 0.000000000000000000e+00
0.000000000000000000e+00 0.000000000000000000e+00 0.000000000000000000e+00 0.000000000000000000e+00 0.000000000000000000e+00
0.000000000000000000e+00 0.000000000000000000e+00 0.000000000000000000e+00 0.000000000000000000e+00 0.000000000000000000e+00
0.000000000000000000e+00 0.000000000000000000e+00 0.000000000000000000e+00 4.815094782105618890e-04 4.876474148930068744e-05
0.000000000000000000e+00 0.000000000000000000e+00 0.000000000000000000e+00 4.000130020235277174e-03 3.799456670602563923e-04
0.000000000000000000e+00 0.000000000000000000e+00 0.000000000000000000e+00 1.053337176605471243e-02 8.569703840835458681e-04
0.000000000000000000e+00 0.000000000000000000e+00 0.000000000000000000e+00 2.991226256389485985e-02 2.324744366445206760e-03
0.000000000000000000e+00 0.000000000000000000e+00 0.000000000000000000e+00 6.009773479463908358e-02 2.681436177027292714e-03
0.000000000000000000e+00 0.000000000000000000e+00 0.000000000000000000e+00 9.430283434266889531e-02 9.503335834283337851e-04
1.216456953190404519e-02 0.000000000000000000e+00 0.000000000000000000e+00 1.173337690354194218e-01 0.000000000000000000e+00
6.058480907922007136e-02 0.000000000000000000e+00 1.676734627891703772e-02 8.642618845461079446e-02 0.000000000000000000e+00
1.135898817005383116e-01 0.000000000000000000e+00 3.725017993327800481e-02 2.349766842891044122e-02 0.000000000000000000e+00
1.240910665351030034e-01 0.000000000000000000e+00 5.553062106022067790e-02 0.000000000000000000e+00 0.000000000000000000e+00
8.859253292049698580e-02 0.000000000000000000e+00 6.297434609811045081e-02 0.000000000000000000e+00 1.116404003406035184e-02
3.098851929383483403e-02 0.000000000000000000e+00 5.204483072364799595e-02 0.000000000000000000e+00 6.468387159565146260e-02
0.000000000000000000e+00 0.000000000000000000e+00 3.168244828258413859e-02 0.000000000000000000e+00 1.075218497462498840e-01
0.000000000000000000e+00 6.420082934832065623e-03 1.122926289702466836e-02 0.000000000000000000e+00 1.089830139308657908e-01
0.000000000000000000e+00 5.365117104834613709e-02 0.000000000000000000e+00 0.000000000000000000e+00 7.365871483035288381e-02
0.000000000000000000e+00 8.525668804981480220e-02 0.000000000000000000e+00 0.000000000000000000e+00 2.480737654344139509e-02
0.000000000000000000e+00 8.598229532936124686e-02 0.000000000000000000e+00 0.000000000000000000e+00 0.000000000000000000e+00
1.008642846365056947e-03 5.835622412396659908e-02 0.000000000000000000e+00 0.000000000000000000e+00 0.000000000000000000e+00
1.286818998628565160e-03 2.993620522122570488e-02 0.000000000000000000e+00 0.000000000000000000e+00 0.000000000000000000e+00
7.134073315204604929e-04 1.127079957171931573e-02 0.000000000000000000e+00 1.749799051975701591e-04 0.000000000000000000e+00
1.207692747793661124e-04 2.045064787562297579e-03 0.000000000000000000e+00 0.000000000000000000e+00 0.000000000000000000e+00
0.000000000000000000e+00 0.000000000000000000e+00 0.000000000000000000e+00 0.000000000000000000e+00 0.000000000000000000e+00
0.000000000000000000e+00 0.000000000000000000e+00 0.000000000000000000e+00 0.000000000000000000e+00 0.000000000000000000e+00
0.000000000000000000e+00 0.000000000000000000e+00 0.000000000000000000e+00 0.000000000000000000e+00 0.000000000000000000e+00
0.000000000000000000e+00 0.000000000000000000e+00 0.000000000000000000e+00 0.000000000000000000e+00 0.000000000000000000e+00
0.000000000000000000e+00 0.000000000000000000e+00 0.000000000000000000e+00 0.000000000000000000e+00 0.000000000000000000e+00
0.000000000000000000e+00 0.000000000000000000e+00 0.000000000000000000e+00 0.000000000000000000e+00 0.000000000000000000e+00
0.000000000000000000e+00 0.000000000000000000e+00 0.000000000000000000e+00 0.000000000000000000e+00 0.000000000000000000e+00
0.000000000000000000e+00 0.000000000000000000e+00 0.000000000000000000e+00 5.283957620718903727e-04 3.309609290511230365e-05
0.000000000000000000e+00 0.000000000000000000e+00 0.000000000000000000e+00 5.201636644584383198e-03 3.214041103017915325e-04
0.000000000000000000e+00 0.000000000000000000e+00 0.000000000000000000e+00 1.120808241665871736e-02 8.198049815616026545e-04
0.000000000000000000e+00 0.000000000000000000e+00 0.000000000000000000e+00 2.610280865867220176e-02 1.380515587041749323e-03
0.000000000000000000e+00 0.000000000000000000e+00 0.000000000000000000e+00 5.594907401226886096e-02 1.287246922306825884e-03
0.000000000000000000e+00 0.000000000000000000e+00 3.604498177618849458e-04 8.346439837898111946e-02 0.000000000000000000e+00
1.755009655441291602e-02 0.000000000000000000e+00 4.852035340725964138e-03 8.664534802168505356e-02 0.000000000000000000e+00
5.987054370596148201e-02 0.000000000000000000e+00 1.883861309370704964e-02 5.098237096817025138e-02 0.000000000000000000e+00
9.689278443440775546e-02 0.000000000000000000e+00 3.059823185950918262e-02 8.197686372187444745e-04 0.000000000000000000e+00
9.523019885560829456e-02 0.000000000000000000e+00 4.384917595954684194e-02 0.000000000000000000e+00 0.000000000000000000e+00
6.082909755621864617e-02 0.000000000000000000e+00 4.305187304257574593e-02 0.000000000000000000e+00 1.065793057748263065e-02
2.186718622500654838e-02 0.000000000000000000e+00 3.514278025232414615e-02 0.000000000000000000e+00 4.722806730763302180e-02
0.000000000000000000e+00 0.000000000000000000e+00 2.263033975804430026e-02 0.000000000000000000e+00 8.198553865449369205e-02
0.000000000000000000e+00 0.000000000000000000e+00 5.738591457985180513e-03 0.000000000000000000e+00 8.717460483463415621e-02
0.000000000000000000e+00 2.995183148232343287e-02 0.000000000000000000e+00 8.347460327457498306e-04 6.300408487113606792e-02
0.000000000000000000e+00 5.943000585005468045e-02 0.000000000000000000e+00 0.000000000000000000e+00 2.268030857234817899e-02
0.000000000000000000e+00 6.154052491876671471e-02 0.000000000000000000e+00 0.000000000000000000e+00 0.000000000000000000e+00
4.378775457633546841e-04 4.253174988292005021e-02 0.000000000000000000e+00 0.000000000000000000e+00 0.000000000000000000e+00
6.116772196372990489e-04 1.840809068207635568e-02 0.000000000000000000e+00 0.000000000000000000e+00 0.000000000000000000e+00
3.886256613341782570e-04 7.683852505192839515e-03 0.000000000000000000e+00 8.020110682943113844e-05 0.000000000000000000e+00
0.000000000000000000e+00 1.676270981596064517e-03 2.387734838862201950e-04 0.000000000000000000e+00 0.000000000000000000e+00
0.000000000000000000e+00 0.000000000000000000e+00 0.000000000000000000e+00 0.000000000000000000e+00 0.000000000000000000e+00
0.000000000000000000e+00 0.000000000000000000e+00 0.000000000000000000e+00 0.000000000000000000e+00 0.000000000000000000e+00
0.000000000000000000e+00 0.000000000000000000e+00 0.000000000000000000e+00 0.000000000000000000e+00 0.000000000000000000e+00
0.000000000000000000e+00 0.000000000000000000e+00 0.000000000000000000e+00 0.000000000000000000e+00 0.000000000000000000e+00
0.000000000000000000e+00 0.000000000000000000e+00 0.000000000000000000e+00 0.000000000000000000e+00 0.000000000000000000e+00
0.000000000000000000e+00 0.000000000000000000e+00 0.000000000000000000e+00 0.000000000000000000e+00 0.000000000000000000e+00
0.000000000000000000e+00 0.000000000000000000e+00 0.000000000000000000e+00 1.141171799765968771e-04 9.544949083389383737e-06
0.000000000000000000e+00 0.000000000000000000e+00 0.000000000000000000e+00 1.050076245914316085e-03 8.672310143146528074e-05
0.000000000000000000e+00 0.000000000000000000e+00 0.000000000000000000e+00 1.231787173859632016e-03 1.208195305230921012e-04
0.000000000000000000e+00 0.000000000000000000e+00 0.000000000000000000e+00 3.749853631703385388e-03 2.567023982606465578e-04
0.000000000000000000e+00 0.000000000000000000e+00 0.000000000000000000e+00 8.608690500497555298e-03 4.652472075374180908e-04
0.000000000000000000e+00 0.000000000000000000e+00 0.000000000000000000e+00 1.763071702479859781e-02 7.373836328232190492e-04
0.000000000000000000e+00 0.000000000000000000e+00 0.000000000000000000e+00 2.332376086672955512e-02 5.831152842884692201e-05
5.340928067041239742e-03 0.000000000000000000e+00 0.000000000000000000e+00 2.006857496365563667e-02 0.000000000000000000e+00
1.694226260917991098e-02 0.000000000000000000e+00 0.000000000000000000e+00 8.233956258238700129e-03 0.000000000000000000e+00
2.276870075330046650e-02 0.000000000000000000e+00 3.190073570299675840e-03 0.000000000000000000e+00 0.000000000000000000e+00
2.071363773671496336e-02 0.000000000000000000e+00 5.529088327524537584e-03 0.000000000000000000e+00 1.019852109848308312e-03
1.375309687520816573e-02 0.000000000000000000e+00 8.304891952200367175e-03 0.000000000000000000e+00 8.468943823370265675e-03
3.290425378017397800e-03 0.000000000000000000e+00 6.664187905076085494e-03 0.000000000000000000e+00 1.470964856925539507e-02
0.000000000000000000e+00 0.000000000000000000e+00 1.935947897156762437e-03 0.000000000000000000e+00 2.269575840777277378e-02
0.000000000000000000e+00 0.000000000000000000e+00 0.000000000000000000e+00 1.324892012861190018e-03 3.099825196798611585e-02
0.000000000000000000e+00 5.683813673724061148e-03 0.000000000000000000e+00 1.478759607648253826e-03 2.429034407354180997e-02
0.000000000000000000e+00 1.624743192923783219e-02 0.000000000000000000e+00 6.899032258481200023e-04 9.292468057606962512e-03
0.000000000000000000e+00 1.668371883702229885e-02 0.000000000000000000e+00 3.179132337834964851e-04 2.088533056030918676e-03
1.425796622920344925e-04 9.817894714726065411e-03 0.000000000000000000e+00 1.289914632518748746e-05 0.000000000000000000e+00
4.997512378653587369e-06 3.700034339049474309e-03 0.000000000000000000e+00 1.151955133103491524e-04 0.000000000000000000e+00
0.000000000000000000e+00 6.356718693733663531e-04 0.000000000000000000e+00 3.147745076643779330e-06 1.218776365864689349e-04
0.000000000000000000e+00 0.000000000000000000e+00 0.000000000000000000e+00 0.000000000000000000e+00 0.000000000000000000e+00
0.000000000000000000e+00 0.000000000000000000e+00 0.000000000000000000e+00 0.000000000000000000e+00 0.000000000000000000e+00
0.000000000000000000e+00 0.000000000000000000e+00 0.000000000000000000e+00 0.000000000000000000e+00 0.000000000000000000e+00
0.000000000000000000e+00 0.000000000000000000e+00 0.000000000000000000e+00 0.000000000000000000e+00 0.000000000000000000e+00
0.000000000000000000e+00 0.000000000000000000e+00 0.000000000000000000e+00 0.000000000000000000e+00 0.000000000000000000e+00
0.000000000000000000e+00 0.000000000000000000e+00 0.000000000000000000e+00 0.000000000000000000e+00 0.000000000000000000e+00
0.000000000000000000e+00 0.000000000000000000e+00 0.000000000000000000e+00 0.000000000000000000e+00 0.000000000000000000e+00
0.000000000000000000e+00 0.000000000000000000e+00 0.000000000000000000e+00 0.000000000000000000e+00 0.000000000000000000e+00
0.000000000000000000e+00 0.000000000000000000e+00 0.000000000000000000e+00 0.000000000000000000e+00 0.000000000000000000e+00
0.000000000000000000e+00 0.000000000000000000e+00 0.000000000000000000e+00 0.000000000000000000e+00 0.000000000000000000e+00
0.000000000000000000e+00 0.000000000000000000e+00 0.000000000000000000e+00 0.000000000000000000e+00 0.000000000000000000e+00
0.000000000000000000e+00 0.000000000000000000e+00 0.000000000000000000e+00 0.000000000000000000e+00 0.000000000000000000e+00
0.000000000000000000e+00 0.000000000000000000e+00 0.000000000000000000e+00 0.000000000000000000e+00 0.000000000000000000e+00
0.000000000000000000e+00 0.000000000000000000e+00 0.000000000000000000e+00 0.000000000000000000e+00 0.000000000000000000e+00
0.000000000000000000e+00 0.000000000000000000e+00 0.000000000000000000e+00 0.000000000000000000e+00 0.000000000000000000e+00
0.000000000000000000e+00 0.000000000000000000e+00 0.000000000000000000e+00 0.000000000000000000e+00 0.000000000000000000e+00
4.372634183103197777e-04 0.000000000000000000e+00 6.250319268091731760e-05 0.000000000000000000e+00 1.482656705124057886e-04
5.837810035033058403e-04 0.000000000000000000e+00 8.344667085672207558e-05 0.000000000000000000e+00 1.979463140348875362e-04
4.727558434905091518e-04 0.000000000000000000e+00 2.804088534096654210e-04 0.000000000000000000e+00 9.487855867135010831e-04
0.000000000000000000e+00 0.000000000000000000e+00 1.720446978565728165e-05 9.261674756541798798e-06 7.117432136180651099e-04
0.000000000000000000e+00 0.000000000000000000e+00 1.671182583311195470e-06 0.000000000000000000e+00 1.113480359555670609e-04
0.000000000000000000e+00 1.912209730531118021e-04 0.000000000000000000e+00 6.594698613845857954e-05 1.775865422783181734e-04
0.000000000000000000e+00 7.405199902412061205e-04 0.000000000000000000e+00 1.104120656860392081e-04 3.697218149221885878e-04
0.000000000000000000e+00 8.359765879933822759e-04 0.000000000000000000e+00 6.586570882971685330e-05 2.275134782472807956e-04
0.000000000000000000e+00 5.134033028555916832e-04 0.000000000000000000e+00 4.386000629094564615e-05 1.287678710606281229e-04
0.000000000000000000e+00 4.924447186498038945e-05 0.000000000000000000e+00 2.977323859239802337e-06 0.000000000000000000e+00
0.000000000000000000e+00 5.888960852708706537e-04 0.000000000000000000e+00 3.309456076959158157e-05 0.000000000000000000e+00
0.000000000000000000e+00 0.000000000000000000e+00 0.000000000000000000e+00 0.000000000000000000e+00 0.000000000000000000e+00
0.000000000000000000e+00 0.000000000000000000e+00 0.000000000000000000e+00 0.000000000000000000e+00 0.000000000000000000e+00
0.000000000000000000e+00 0.000000000000000000e+00 0.000000000000000000e+00 0.000000000000000000e+00 0.000000000000000000e+00
0.000000000000000000e+00 0.000000000000000000e+00 0.000000000000000000e+00 0.000000000000000000e+00 0.000000000000000000e+00
0.000000000000000000e+00 0.000000000000000000e+00 0.000000000000000000e+00 0.000000000000000000e+00 0.000000000000000000e+00
