42.81560230255127
0.000000000000000000e+00 0.000000000000000000e+00 0.000000000000000000e+00 0.000000000000000000e+00 0.000000000000000000e+00
0.000000000000000000e+00 0.000000000000000000e+00 0.000000000000000000e+00 0.000000000000000000e+00 0.000000000000000000e+00
0.000000000000000000e+00 0.000000000000000000e+00 0.000000000000000000e+00 0.000000000000000000e+00 0.000000000000000000e+00
0.000000000000000000e+00 0.000000000000000000e+00 0.000000000000000000e+00 0.000000000000000000e+00 0.000000000000000000e+00
0.000000000000000000e+00 0.000000000000000000e+00 0.000000000000000000e+00 0.000000000000000000e+00 0.000000000000000000e+00
0.000000000000000000e+00 0.000000000000000000e+00 0.000000000000000000e+00 0.000000000000000000e+00 0.000000000000000000e+00
0.000000000000000000e+00 0.000000000000000000e+00 0.000000000000000000e+00 0.000000000000000000e+00 0.000000000000000000e+00
0.000000000000000000e+00 0.000000000000000000e+00 0.000000000000000000e+00 0.000000000000000000e+00 0.000000000000000000e+00
0.000000000000000000e+00 0.000000000000000000e+00 0.000000000000000000e+00 0.000000000000000000e+00 0.000000000000000000e+00
0.000000000000000000e+00 0.000000000000000000e+00 0.000000000000000000e+00 0.000000000000000000e+00 0.000000000000000000e+00
0.000000000000000000e+00 0.000000000000000000e+00 0.000000000000000000e+00 0.000000000000000000e+00 0.000000000000000000e+00
0.000000000000000000e+00 0.000000000000000000e+00 0.000000000000000000e+00 0.000000000000000000e+00 0.000000000000000000e+00
0.000000000000000000e+00 0.000000000000000000e+00 0.000000000000000000e+00 0.000000000000000000e+00 0.000000000000000000e+00
0.000000000000000000e+00 0.000000000000000000e+00 0.000000000000000000e+00 0.000000000000000000e+00 0.000000000000000000e+00
0.000000000000000000e+00 0.000000000000000000e+00 0.000000000000000000e+00 0.000000000000000000e+00 0.000000000000000000e+00
0.000000000000000000e+00 0.000000000000000000e+00 0.000000000000000000e+00 0.000000000000000000e+00 0.000000000000000000e+00
0.000000000000000000e+00 0.000000000000000000e+00 0.000000000000000000e+00 0.000000000000000000e+00 0.000000000000000000e+00
0.000000000000000000e+00 0.000000000000000000e+00 0.000000000000000000e+00 0.000000000000000000e+00 0.000000000000000000e+00
0.000000000000000000e+00 0.000000000000000000e+00 0.000000000000000000e+00 0.000000000000000000e+00 0.000000000000000000e+00
0.000000000000000000e+00 0.000000000000000000e+00 0.000000000000000000e+00 0.000000000000000000e+00 0.000000000000000000e+00
0.000000000000000000e+00 0.000000000000000000e+00 0.000000000000000000e+00 0.000000000000000000e+00 0.000000000000000000e+00
0.000000000000000000e+00 0.000000000000000000e+00 0.000000000000000000e+00 0.000000000000000000e+00 0.000000000000000000e+00
0.000000000000000000e+00 0.000000000000000000e+00 0.000000000000000000e+00 0.000000000000000000e+00 0.000000000000000000e+00
0.000000000000000000e+00 0.000000000000000000e+00 0.000000000000000000e+00 0.000000000000000000e+00 0.000000000000000000e+00
0.000000000000000000e+00 0.000000000000000000e+00 0.000000000000000000e+00 0.000000000000000000e+00 0.000000000000000000e+00
0.000000000000000000e+00 0.000000000000000000e+00 0.000000000000000000e+00 0.000000000000000000e+00 0.000000000000000000e+00
0.000000000000000000e+00 0.000000000000000000e+00 0.000000000000000000e+00 0.000000000000000000e+00 0.000000000000000000e+00
0.000000000000000000e+00 0.000000000000000000e+00 0.000000000000000000e+00 0.000000000000000000e+00 0.000000000000000000e+00
0.000000000000000000e+00 0.000000000000000000e+00 0.000000000000000000e+00 0.000000000000000000e+00 0.000000000000000000e+00
0.000000000000000000e+00 0.000000000000000000e+00 0.000000000000000000e+00 0.000000000000000000e+00 0.000000000000000000e+00
0.000000000000000000e+00 0.000000000000000000e+00 0.000000000000000000e+00 0.000000000000000000e+00 0.000000000000000000e+00
0.000000000000000000e+00 0.000000000000000000e+00 0.000000000000000000e+00 0.000000000000000000e+00 0.000000000000000000e+00
0.000000000000000000e+00 0.000000000000000000e+00 0.000000000000000000e+00 0.000000000000000000e+00 0.000000000000000000e+00
0.000000000000000000e+00 0.000000000000000000e+00 0.000000000000000000e+00 0.000000000000000000e+00 0.000000000000000000e+00
0.000000000000000000e+00 0.000000000000000000e+00 0.000000000000000000e+00 0.000000000000000000e+00 0.000000000000000000e+00
0.000000000000000000e+00 0.000000000000000000e+00 0.000000000000000000e+00 0.000000000000000000e+00 0.000000000000000000e+00
0.000000000000000000e+00 0.000000000000000000e+00 0.000000000000000000e+00 0.000000000000000000e+00 0.000000000000000000e+00
0.000000000000000000e+00 0.000000000000000000e+00 0.000000000000000000e+00 0.000000000000000000e+00 0.000000000000000000e+00
0.000000000000000000e+00 0.000000000000000000e+00 0.000000000000000000e+00 0.000000000000000000e+00 0.000000000000000000e+00
0.000000000000000000e+00 0.000000000000000000e+00 0.000000000000000000e+00 0.000000000000000000e+00 0.000000000000000000e+00
0.000000000000000000e+00 0.000000000000000000e+00 0.000000000000000000e+00 0.000000000000000000e+00 0.000000000000000000e+00
0.000000000000000000e+00 0.000000000000000000e+00 0.000000000000000000e+00 0.000000000000000000e+00 0.000000000000000000e+00
0.000000000000000000e+00 0.000000000000000000e+00 0.000000000000000000e+00 0.000000000000000000e+00 0.000000000000000000e+00
0.000000000000000000e+00 0.000000000000000000e+00 0.000000000000000000e+00 0.000000000000000000e+00 0.000000000000000000e+00
0.000000000000000000e+00 0.000000000000000000e+00 0.000000000000000000e+00 0.000000000000000000e+00 0.000000000000000000e+00
0.000000000000000000e+00 0.000000000000000000e+00 0.000000000000000000e+00 0.000000000000000000e+00 0.000000000000000000e+00
0.000000000000000000e+00 0.000000000000000000e+00 0.000000000000000000e+00 0.000000000000000000e+00 0.000000000000000000e+00
0.000000000000000000e+00 0.000000000000000000e+00 0.000000000000000000e+00 0.000000000000000000e+00 0.000000000000000000e+00
0.000000000000000000e+00 0.000000000000000000e+00 0.000000000000000000e+00 0.000000000000000000e+00 0.000000000000000000e+00
0.000000000000000000e+00 0.000000000000000000e+00 0.000000000000000000e+00 0.000000000000000000e+00 0.000000000000000000e+00
0.000000000000000000e+00 0.000000000000000000e+00 0.000000000000000000e+00 0.000000000000000000e+00 0.000000000000000000e+00
0.000000000000000000e+00 0.000000000000000000e+00 0.000000000000000000e+00 0.000000000000000000e+00 0.000000000000000000e+00
0.000000000000000000e+00 0.000000000000000000e+00 0.000000000000000000e+00 0.000000000000000000e+00 0.000000000000000000e+00
0.000000000000000000e+00 0.000000000000000000e+00 0.000000000000000000e+00 0.000000000000000000e+00 0.000000000000000000e+00
0.000000000000000000e+00 0.000000000000000000e+00 0.000000000000000000e+00 0.000000000000000000e+00 0.000000000000000000e+00
0.000000000000000000e+00 0.000000000000000000e+00 0.000000000000000000e+00 0.000000000000000000e+00 0.000000000000000000e+00
0.000000000000000000e+00 0.000000000000000000e+00 0.000000000000000000e+00 0.000000000000000000e+00 0.000000000000000000e+00
0.000000000000000000e+00 0.000000000000000000e+00 0.000000000000000000e+00 0.000000000000000000e+00 0.000000000000000000e+00
0.000000000000000000e+00 0.000000000000000000e+00 0.000000000000000000e+00 0.000000000000000000e+00 0.000000000000000000e+00
0.000000000000000000e+00 0.000000000000000000e+00 0.000000000000000000e+00 0.000000000000000000e+00 0.000000000000000000e+00
0.000000000000000000e+00 0.000000000000000000e+00 0.000000000000000000e+00 0.000000000000000000e+00 0.000000000000000000e+00
0.000000000000000000e+00 0.000000000000000000e+00 0.000000000000000000e+00 0.000000000000000000e+00 0.000000000000000000e+00
0.000000000000000000e+00 0.000000000000000000e+00 0.000000000000000000e+00 0.000000000000000000e+00 0.000000000000000000e+00
0.000000000000000000e+00 0.000000000000000000e+00 0.000000000000000000e+00 0.000000000000000000e+00 0.000000000000000000e+00
0.000000000000000000e+00 0.000000000000000000e+00 0.000000000000000000e+00 0.000000000000000000e+00 0.000000000000000000e+00
0.000000000000000000e+00 0.000000000000000000e+00 0.000000000000000000e+00 0.000000000000000000e+00 0.000000000000000000e+00
0.000000000000000000e+00 0.000000000000000000e+00 0.000000000000000000e+00 0.000000000000000000e+00 0.000000000000000000e+00
0.000000000000000000e+00 0.000000000000000000e+00 0.000000000000000000e+00 0.000000000000000000e+00 0.000000000000000000e+00
0.000000000000000000e+00 0.000000000000000000e+00 0.000000000000000000e+00 0.000000000000000000e+00 0.000000000000000000e+00
0.000000000000000000e+00 0.000000000000000000e+00 0.000000000000000000e+00 0.000000000000000000e+00 0.000000000000000000e+00
0.000000000000000000e+00 0.000000000000000000e+00 0.000000000000000000e+00 0.000000000000000000e+00 0.000000000000000000e+00
0.000000000000000000e+00 0.000000000000000000e+00 0.000000000000000000e+00 0.000000000000000000e+00 0.000000000000000000e+00
0.000000000000000000e+00 0.000000000000000000e+00 0.000000000000000000e+00 0.000000000000000000e+00 0.000000000000000000e+00
0.000000000000000000e+00 0.000000000000000000e+00 0.000000000000000000e+00 0.000000000000000000e+00 0.000000000000000000e+00
0.000000000000000000e+00 0.000000000000000000e+00 0.000000000000000000e+00 0.000000000000000000e+00 0.000000000000000000e+00
0.000000000000000000e+00 0.000000000000000000e+00 0.000000000000000000e+00 0.000000000000000000e+00 0.000000000000000000e+00
0.000000000000000000e+00 0.000000000000000000e+00 0.000000000000000000e+00 0.000000000000000000e+00 0.000000000000000000e+00
0.000000000000000000e+00 0.000000000000000000e+00 0.000000000000000000e+00 0.000000000000000000e+00 0.000000000000000000e+00
0.000000000000000000e+00 0.000000000000000000e+00 0.000000000000000000e+00 0.000000000000000000e+00 0.000000000000000000e+00
0.000000000000000000e+00 0.000000000000000000e+00 0.000000000000000000e+00 0.000000000000000000e+00 0.000000000000000000e+00
0.000000000000000000e+00 0.000000000000000000e+00 0.000000000000000000e+00 0.000000000000000000e+00 0.000000000000000000e+00
0.000000000000000000e+00 0.000000000000000000e+00 0.000000000000000000e+00 0.000000000000000000e+00 0.000000000000000000e+00
0.000000000000000000e+00 0.000000000000000000e+00 0.000000000000000000e+00 0.000000000000000000e+00 0.000000000000000000e+00
0.000000000000000000e+00 0.000000000000000000e+00 0.000000000000000000e+00 0.000000000000000000e+00 0.000000000000000000e+00
0.000000000000000000e+00 0.000000000000000000e+00 0.000000000000000000e+00 0.000000000000000000e+00 0.000000000000000000e+00
0.000000000000000000e+00 0.000000000000000000e+00 0.000000000000000000e+00 0.000000000000000000e+00 0.000000000000000000e+00
0.000000000000000000e+00 0.000000000000000000e+00 0.000000000000000000e+00 0.000000000000000000e+00 0.000000000000000000e+00
0.000000000000000000e+00 0.000000000000000000e+00 0.000000000000000000e+00 0.000000000000000000e+00 0.000000000000000000e+00
0.000000000000000000e+00 0.000000000000000000e+00 0.000000000000000000e+00 0.000000000000000000e+00 0.000000000000000000e+00
0.000000000000000000e+00 0.000000000000000000e+00 0.000000000000000000e+00 0.000000000000000000e+00 0.000000000000000000e+00
0.000000000000000000e+00 0.000000000000000000e+00 0.000000000000000000e+00 0.000000000000000000e+00 0.000000000000000000e+00
0.000000000000000000e+00 3.864844639296467961e-06 0.000000000000000000e+00 0.000000000000000000e+00 1.000309174805175604e-04
0.000000000000000000e+00 1.004859606217074622e-04 0.000000000000000000e+00 0.000000000000000000e+00 2.600803854493459986e-03
0.000000000000000000e+00 2.212623555997222046e-04 0.000000000000000000e+00 0.000000000000000000e+00 5.726770025759629623e-03
0.000000000000000000e+00 2.444514234355005516e-04 0.000000000000000000e+00 0.000000000000000000e+00 6.326955530642736775e-03
0.000000000000000000e+00 2.463838457551486161e-04 0.000000000000000000e+00 0.000000000000000000e+00 6.376970989382996571e-03
0.000000000000000000e+00 2.444514234355005516e-04 0.000000000000000000e+00 0.000000000000000000e+00 6.326955530642736775e-03
0.000000000000000000e+00 2.087016105220084838e-04 0.000000000000000000e+00 0.000000000000000000e+00 5.401669543947949619e-03
0.000000000000000000e+00 7.633068162610561153e-05 0.000000000000000000e+00 0.000000000000000000e+00 1.975610620240221636e-03
7.568521955851541076e-04 7.058190603070337802e-05 2.961795331481115266e-04 0.000000000000000000e+00 5.871873882865610129e-05
3.708575758367257426e-03 3.458513395504459668e-04 1.451279712425745765e-03 0.000000000000000000e+00 2.877218202604153144e-04
5.449335808213112350e-03 5.081897234210639748e-04 2.132492638666404206e-03 0.000000000000000000e+00 4.227749195663240214e-04
5.033067100641277873e-03 4.693696751041770681e-04 1.969593895434942291e-03 0.000000000000000000e+00 3.904796132105630563e-04
6.168345394019007083e-03 5.752425341502314304e-04 2.413863195157108388e-03 0.000000000000000000e+00 4.785577214535476792e-04
8.249688931878182072e-03 7.693427757346661807e-04 3.228356911314414490e-03 0.000000000000000000e+00 6.400342532323500654e-04
2.913880953002845244e-03 2.717403382182078048e-04 1.140291202620229497e-03 0.000000000000000000e+00 2.260671444903256718e-04
0.000000000000000000e+00 0.000000000000000000e+00 0.000000000000000000e+00 0.000000000000000000e+00 0.000000000000000000e+00
0.000000000000000000e+00 0.000000000000000000e+00 0.000000000000000000e+00 0.000000000000000000e+00 0.000000000000000000e+00
0.000000000000000000e+00 0.000000000000000000e+00 0.000000000000000000e+00 0.000000000000000000e+00 0.000000000000000000e+00
0.000000000000000000e+00 0.000000000000000000e+00 0.000000000000000000e+00 0.000000000000000000e+00 0.000000000000000000e+00
0.000000000000000000e+00 0.000000000000000000e+00 0.000000000000000000e+00 0.000000000000000000e+00 0.000000000000000000e+00
0.000000000000000000e+00 0.000000000000000000e+00 0.000000000000000000e+00 0.000000000000000000e+00 0.000000000000000000e+00
0.000000000000000000e+00 0.000000000000000000e+00 0.000000000000000000e+00 0.000000000000000000e+00 0.000000000000000000e+00
0.000000000000000000e+00 0.000000000000000000e+00 0.000000000000000000e+00 0.000000000000000000e+00 0.000000000000000000e+00
0.000000000000000000e+00 0.000000000000000000e+00 0.000000000000000000e+00 0.000000000000000000e+00 0.000000000000000000e+00
0.000000000000000000e+00 0.000000000000000000e+00 0.000000000000000000e+00 0.000000000000000000e+00 0.000000000000000000e+00
0.000000000000000000e+00 0.000000000000000000e+00 0.000000000000000000e+00 0.000000000000000000e+00 0.000000000000000000e+00
6.217542254195563634e-04 0.000000000000000000e+00 0.000000000000000000e+00 0.000000000000000000e+00 3.674192976853681231e-04
1.509974547447494320e-03 0.000000000000000000e+00 0.000000000000000000e+00 0.000000000000000000e+00 8.923040086644646674e-04
2.226765867694870723e-03 7.957949726369017692e-05 0.000000000000000000e+00 0.000000000000000000e+00 4.810635806379124670e-03
2.658458978454121806e-03 4.441061206826171179e-05 0.000000000000000000e+00 0.000000000000000000e+00 9.191763425559232314e-03
0.000000000000000000e+00 0.000000000000000000e+00 0.000000000000000000e+00 0.000000000000000000e+00 1.674860818637501081e-02
2.736124111667008040e-03 6.435332916149168886e-03 0.000000000000000000e+00 0.000000000000000000e+00 3.404598432960866811e-02
2.454388849278157404e-03 9.155312947241131538e-03 0.000000000000000000e+00 0.000000000000000000e+00 5.048816434865648073e-02
0.000000000000000000e+00 1.110574404369395023e-02 0.000000000000000000e+00 0.000000000000000000e+00 7.437715158430981133e-02
0.000000000000000000e+00 2.705507089055336767e-02 0.000000000000000000e+00 0.000000000000000000e+00 7.305115921837562754e-02
0.000000000000000000e+00 4.785620312493923945e-02 0.000000000000000000e+00 0.000000000000000000e+00 6.636736213436117415e-02
0.000000000000000000e+00 6.892430004732709448e-02 1.217185862427636045e-02 0.000000000000000000e+00 6.059950720505769689e-02
0.000000000000000000e+00 9.317091174494714079e-02 1.002323994630969529e-02 0.000000000000000000e+00 3.486966369734161020e-02
0.000000000000000000e+00 1.077357128360859201e-01 8.705019290742903315e-03 0.000000000000000000e+00 1.206763539535554881e-02
0.000000000000000000e+00 1.042888350523077101e-01 1.312000400870649321e-02 0.000000000000000000e+00 0.000000000000000000e+00
2.624768048298852310e-03 7.934804437913217656e-02 1.336107968745615590e-02 0.000000000000000000e+00 0.000000000000000000e+00
8.641172346002477453e-03 4.436406549317341297e-02 1.653491138394014640e-02 0.000000000000000000e+00 0.000000000000000000e+00
8.344147476232263369e-03 1.530981262120927923e-02 4.947667700326205224e-03 0.000000000000000000e+00 0.000000000000000000e+00
9.656859708161390481e-04 7.015504935747825027e-04 3.247920982758742718e-04 0.000000000000000000e+00 0.000000000000000000e+00
0.000000000000000000e+00 0.000000000000000000e+00 0.000000000000000000e+00 0.000000000000000000e+00 0.000000000000000000e+00
0.000000000000000000e+00 0.000000000000000000e+00 0.000000000000000000e+00 0.000000000000000000e+00 0.000000000000000000e+00
0.000000000000000000e+00 0.000000000000000000e+00 0.000000000000000000e+00 0.000000000000000000e+00 0.000000000000000000e+00
0.000000000000000000e+00 0.000000000000000000e+00 0.000000000000000000e+00 0.000000000000000000e+00 0.000000000000000000e+00
0.000000000000000000e+00 0.000000000000000000e+00 0.000000000000000000e+00 0.000000000000000000e+00 0.000000000000000000e+00
0.000000000000000000e+00 0.000000000000000000e+00 0.000000000000000000e+00 0.000000000000000000e+00 0.000000000000000000e+00
0.000000000000000000e+00 0.000000000000000000e+00 0.000000000000000000e+00 0.000000000000000000e+00 0.000000000000000000e+00
0.000000000000000000e+00 0.000000000000000000e+00 0.000000000000000000e+00 0.000000000000000000e+00 0.000000000000000000e+00
4.865610381234390224e-04 0.000000000000000000e+00 0.000000000000000000e+00 0.000000000000000000e+00 2.090134675712769161e-04
4.364856444566946915e-03 0.000000000000000000e+00 0.000000000000000000e+00 0.000000000000000000e+00 1.654550567699093972e-03
6.487881947864549033e-03 0.000000000000000000e+00 0.000000000000000000e+00 0.000000000000000000e+00 3.041422756963748850e-03
1.804921868775385269e-02 0.000000000000000000e+00 0.000000000000000000e+00 0.000000000000000000e+00 1.186334138616635531e-02
1.895033082222374182e-02 0.000000000000000000e+00 0.000000000000000000e+00 0.000000000000000000e+00 3.097168756723553407e-02
2.200671676990575629e-02 0.000000000000000000e+00 0.000000000000000000e+00 0.000000000000000000e+00 4.823750412210982275e-02
1.715790769503627508e-02 0.000000000000000000e+00 0.000000000000000000e+00 0.000000000000000000e+00 8.721096191282881605e-02
2.182786873016330162e-02 6.857976226526411347e-03 0.000000000000000000e+00 0.000000000000000000e+00 1.163561676878753920e-01
1.917538189845702581e-02 1.630471153986829541e-02 0.000000000000000000e+00 0.000000000000000000e+00 1.383694840418095706e-01
2.145798554023754801e-02 3.780454580081169663e-02 0.000000000000000000e+00 0.000000000000000000e+00 1.435550673017360335e-01
2.456294879739841924e-02 6.566599257258688704e-02 0.000000000000000000e+00 0.000000000000000000e+00 1.445432981312966825e-01
1.516747702064319067e-02 8.504906257084882126e-02 6.711543001061954714e-03 0.000000000000000000e+00 1.327154477785085773e-01
4.293609643336180649e-03 9.993666429461327272e-02 2.517207715029846915e-02 0.000000000000000000e+00 1.037332058554570197e-01
0.000000000000000000e+00 1.131675090658287169e-01 4.853683819858938681e-02 0.000000000000000000e+00 6.568572213578227625e-02
7.355373563385333296e-03 1.173008337953905800e-01 4.719695749533005941e-02 0.000000000000000000e+00 3.769417890477037847e-02
0.000000000000000000e+00 1.177335533749151730e-01 5.922232802058186030e-02 0.000000000000000000e+00 1.542211857975845854e-02
3.510546646635437709e-03 1.116265726272341330e-01 6.012845522062666703e-02 0.000000000000000000e+00 0.000000000000000000e+00
9.608763112256125602e-03 8.964885024371957445e-02 6.196741972652358016e-02 0.000000000000000000e+00 0.000000000000000000e+00
2.115623360227964628e-02 4.773220922208062933e-02 4.507794260584958856e-02 0.000000000000000000e+00 0.000000000000000000e+00
6.044718778860473651e-03 9.315126360317824150e-03 1.081120169828563189e-02 0.000000000000000000e+00 0.000000000000000000e+00
0.000000000000000000e+00 0.000000000000000000e+00 7.809488637776119090e-03 0.000000000000000000e+00 8.292618038844485652e-04
0.000000000000000000e+00 0.000000000000000000e+00 0.000000000000000000e+00 0.000000000000000000e+00 0.000000000000000000e+00
0.000000000000000000e+00 0.000000000000000000e+00 0.000000000000000000e+00 0.000000000000000000e+00 0.000000000000000000e+00
0.000000000000000000e+00 0.000000000000000000e+00 0.000000000000000000e+00 0.000000000000000000e+00 0.000000000000000000e+00
0.000000000000000000e+00 0.000000000000000000e+00 0.000000000000000000e+00 0.000000000000000000e+00 0.000000000000000000e+00
0.000000000000000000e+00 0.000000000000000000e+00 0.000000000000000000e+00 0.000000000000000000e+00 0.000000000000000000e+00
0.000000000000000000e+00 0.000000000000000000e+00 0.000000000000000000e+00 0.000000000000000000e+00 0.000000000000000000e+00
0.000000000000000000e+00 0.000000000000000000e+00 0.000000000000000000e+00 0.000000000000000000e+00 0.000000000000000000e+00
8.884916984444211560e-03 0.000000000000000000e+00 0.000000000000000000e+00 0.000000000000000000e+00 1.756315691569798653e-03
2.382959445038915908e-02 0.000000000000000000e+00 0.000000000000000000e+00 0.000000000000000000e+00 1.738311450318425757e-03
3.794392134148550505e-02 0.000000000000000000e+00 0.000000000000000000e+00 0.000000000000000000e+00 8.293568036723352951e-03
5.863535690606763023e-02 0.000000000000000000e+00 0.000000000000000000e+00 4.184979744431874780e-03 1.782499868611607183e-02
7.940335837607109815e-02 0.000000000000000000e+00 0.000000000000000000e+00 4.576739235727186710e-03 3.663628468060699250e-02
8.778661411140853410e-02 0.000000000000000000e+00 0.000000000000000000e+00 1.868527928526048402e-03 7.518449840245872151e-02
7.987289385466984915e-02 0.000000000000000000e+00 0.000000000000000000e+00 2.187312415779197380e-03 1.054356585343394354e-01
6.520790386385418025e-02 4.391840130233356371e-03 3.276384439768724607e-04 1.515454133165989453e-02 1.277838998256556335e-01
5.535926870992533694e-02 2.644893987845575029e-02 1.684812375153669009e-02 3.635299010588771695e-02 1.263990412635966343e-01
4.803208801847600601e-02 5.194337380223169875e-02 2.438968559866192334e-02 5.005600660923815309e-02 1.145276723176207739e-01
4.374127032036108365e-02 6.717599112218969326e-02 4.466978093240960013e-02 6.102933118049221756e-02 9.468327616389049517e-02
3.990949615342390122e-02 6.954805370969002754e-02 5.377068946009978118e-02 6.891313773630167172e-02 9.186071781304598616e-02
4.605936871598156901e-02 6.505419274040320776e-02 5.579729818787770856e-02 8.352863086256090419e-02 8.171678425197859141e-02
3.017512141505446222e-02 5.314386614549933274e-02 6.734816254023080762e-02 8.167701435600442650e-02 8.097990391784730402e-02
9.592918967427969956e-03 6.637455974029067562e-02 9.911528820074343160e-02 6.006797090730029570e-02 4.212785600945858494e-02
5.105809227657685453e-03 8.996282853944477520e-02 1.008223514696610229e-01 4.835613781219048890e-02 1.364488022410086966e-02
0.000000000000000000e+00 1.074013723760871147e-01 1.015634192803549080e-01 3.140257679333876423e-02 0.000000000000000000e+00
0.000000000000000000e+00 9.261516823076434979e-02 1.183074896409853638e-01 1.077481483873523292e-02 0.000000000000000000e+00
0.000000000000000000e+00 4.920846053863209280e-02 1.148493568446980612e-01 0.000000000000000000e+00 0.000000000000000000e+00
4.909109210962048220e-03 1.127711604676075868e-02 6.436239319483424981e-02 0.000000000000000000e+00 0.000000000000000000e+00
3.489354208900487253e-03 0.000000000000000000e+00 1.873513536548368497e-02 0.000000000000000000e+00 0.000000000000000000e+00
0.000000000000000000e+00 0.000000000000000000e+00 0.000000000000000000e+00 0.000000000000000000e+00 0.000000000000000000e+00
0.000000000000000000e+00 0.000000000000000000e+00 0.000000000000000000e+00 0.000000000000000000e+00 0.000000000000000000e+00
0.000000000000000000e+00 0.000000000000000000e+00 0.000000000000000000e+00 0.000000000000000000e+00 0.000000000000000000e+00
0.000000000000000000e+00 0.000000000000000000e+00 0.000000000000000000e+00 0.000000000000000000e+00 0.000000000000000000e+00
0.000000000000000000e+00 0.000000000000000000e+00 0.000000000000000000e+00 0.000000000000000000e+00 0.000000000000000000e+00
0.000000000000000000e+00 0.000000000000000000e+00 0.000000000000000000e+00 0.000000000000000000e+00 0.000000000000000000e+00
0.000000000000000000e+00 0.000000000000000000e+00 0.000000000000000000e+00 0.000000000000000000e+00 0.000000000000000000e+00
4.544312605781906933e-02 0.000000000000000000e+00 0.000000000000000000e+00 0.000000000000000000e+00 0.000000000000000000e+00
6.072318377929127736e-02 0.000000000000000000e+00 0.000000000000000000e+00 1.287048294703426431e-03 0.000000000000000000e+00
7.260599962494004855e-02 0.000000000000000000e+00 0.000000000000000000e+00 1.060379735495029820e-02 4.172385436929291168e-03
8.928200243914019563e-02 0.000000000000000000e+00 0.000000000000000000e+00 1.825430261784853278e-02 1.339382127842948800e-02
1.113579820226698186e-01 0.000000000000000000e+00 0.000000000000000000e+00 1.661626063363702208e-02 2.156013716711405528e-02
1.119179224872007133e-01 0.000000000000000000e+00 0.000000000000000000e+00 2.567134839936792770e-02 5.091514457164910551e-02
1.002386372018083949e-01 0.000000000000000000e+00 1.233652992292941404e-02 4.571799982041001992e-02 6.647552907530086819e-02
7.705518016512058477e-02 3.236640200467468843e-03 2.488912896974884367e-02 7.796206212944797875e-02 6.938077199074772772e-02
6.853335010725397636e-02 1.637749413916766289e-02 4.972189724769444930e-02 9.579316147669421355e-02 4.035039680559882741e-02
5.894478949548249969e-02 3.406233152238313799e-02 6.410475322529686493e-02 1.084958610045738542e-01 1.807946480422069346e-02
5.394828071175683526e-02 3.315298053271126255e-02 7.129255951916269041e-02 1.132536057635469967e-01 1.210586968862361994e-02
5.838683947660927576e-02 1.724774614672867565e-02 7.407077556067352686e-02 1.162819928992026436e-01 3.217758252242886724e-02
4.113305048640476802e-02 0.000000000000000000e+00 6.284254569225378173e-02 1.238772173560152429e-01 6.292478131536337338e-02
2.597253277727749540e-02 0.000000000000000000e+00 6.331687085814331761e-02 1.092616848542419528e-01 9.689021916555103087e-02
2.063379793994462794e-02 1.567827819487693092e-02 6.818994859182218871e-02 9.037566625353873895e-02 8.272650974997391993e-02
1.561806947845250509e-02 6.701393860876091180e-02 7.472016435248740596e-02 7.696632461604081821e-02 2.511225059678885013e-02
1.485596649937867032e-03 1.014507945963035868e-01 8.652319734714106203e-02 6.143387565465493333e-02 0.000000000000000000e+00
0.000000000000000000e+00 8.913644701791868796e-02 1.264051947947965882e-01 4.041609925236742951e-02 0.000000000000000000e+00
0.000000000000000000e+00 4.184549433939727808e-02 1.462876432079903422e-01 0.000000000000000000e+00 0.000000000000000000e+00
0.000000000000000000e+00 0.000000000000000000e+00 1.115238331731426696e-01 0.000000000000000000e+00 0.000000000000000000e+00
0.000000000000000000e+00 0.000000000000000000e+00 3.274346914981200035e-02 0.000000000000000000e+00 0.000000000000000000e+00
0.000000000000000000e+00 0.000000000000000000e+00 0.000000000000000000e+00 0.000000000000000000e+00 0.000000000000000000e+00
0.000000000000000000e+00 0.000000000000000000e+00 0.000000000000000000e+00 0.000000000000000000e+00 0.000000000000000000e+00
0.000000000000000000e+00 0.000000000000000000e+00 0.000000000000000000e+00 0.000000000000000000e+00 0.000000000000000000e+00
0.000000000000000000e+00 0.000000000000000000e+00 0.000000000000000000e+00 0.000000000000000000e+00 0.000000000000000000e+00
0.000000000000000000e+00 0.000000000000000000e+00 0.000000000000000000e+00 0.000000000000000000e+00 0.000000000000000000e+00
0.000000000000000000e+00 0.000000000000000000e+00 0.000000000000000000e+00 0.000000000000000000e+00 0.000000000000000000e+00
0.000000000000000000e+00 0.000000000000000000e+00 0.000000000000000000e+00 0.000000000000000000e+00 0.000000000000000000e+00
3.961219847265726873e-02 0.000000000000000000e+00 0.000000000000000000e+00 3.393229489111435591e-03 0.000000000000000000e+00
6.471419023404634263e-02 0.000000000000000000e+00 0.000000000000000000e+00 1.097363033287990404e-02 0.000000000000000000e+00
6.296885781373745550e-02 0.000000000000000000e+00 0.000000000000000000e+00 2.093045311572039671e-02 3.592405069938665494e-05
7.551385012806442754e-02 0.000000000000000000e+00 0.000000000000000000e+00 2.079924198461897619e-02 0.000000000000000000e+00
6.980506890954103760e-02 0.000000000000000000e+00 5.747631790678228193e-03 3.527160935173572626e-02 7.657257971104684292e-03
7.087029520510662595e-02 0.000000000000000000e+00 2.046465304141965175e-02 5.788841383587218364e-02 2.181269555403814522e-03
5.546467855040560641e-02 0.000000000000000000e+00 3.534352037609066882e-02 8.085129231671060734e-02 1.098216181534114773e-02
4.567726128906758609e-02 0.000000000000000000e+00 5.331297260816270783e-02 1.030709745032792335e-01 8.271792792268969213e-03
3.134421576401302811e-02 0.000000000000000000e+00 7.464734726038577128e-02 1.071502106857484676e-01 0.000000000000000000e+00
1.884450813694351148e-02 0.000000000000000000e+00 7.598215516451128915e-02 1.086193748386600488e-01 0.000000000000000000e+00
2.661122864595220905e-02 0.000000000000000000e+00 7.676791373261557250e-02 9.302871750119957872e-02 0.000000000000000000e+00
3.724627658171394268e-02 0.000000000000000000e+00 6.487670664528347175e-02 7.930123736312952309e-02 2.174088170808508372e-02
4.440773392393680685e-02 0.000000000000000000e+00 3.328031929837714509e-02 8.097139928643898310e-02 7.234306022782283074e-02
4.112520444137782866e-02 0.000000000000000000e+00 5.618899503824831797e-03 8.773284609569736991e-02 1.137771919730716785e-01
1.285487071739105890e-02 3.599553551907375831e-02 1.488207290498806918e-05 9.615775048785203671e-02 9.429834819426780035e-02
1.721035558030310775e-02 9.009486251926818179e-02 2.002375306981616504e-02 8.774870650837872377e-02 2.247817982716484447e-02
6.851556559355416985e-03 1.007458846743667508e-01 6.401872095022527465e-02 6.543444053740699040e-02 0.000000000000000000e+00
0.000000000000000000e+00 7.798646135649982269e-02 1.251551061928745934e-01 3.695865629913079597e-02 0.000000000000000000e+00
0.000000000000000000e+00 2.290589034821203379e-02 1.530605012842263801e-01 0.000000000000000000e+00 0.000000000000000000e+00
0.000000000000000000e+00 0.000000000000000000e+00 1.091030944613300552e-01 2.732393287350814645e-03 0.000000000000000000e+00
0.000000000000000000e+00 0.000000000000000000e+00 3.916812799459613859e-02 4.951771012874387964e-03 0.000000000000000000e+00
0.000000000000000000e+00 0.000000000000000000e+00 0.000000000000000000e+00 0.000000000000000000e+00 0.000000000000000000e+00
0.000000000000000000e+00 0.000000000000000000e+00 0.000000000000000000e+00 0.000000000000000000e+00 0.000000000000000000e+00
0.000000000000000000e+00 0.000000000000000000e+00 0.000000000000000000e+00 0.000000000000000000e+00 0.000000000000000000e+00
0.000000000000000000e+00 0.000000000000000000e+00 0.000000000000000000e+00 0.000000000000000000e+00 0.000000000000000000e+00
0.000000000000000000e+00 0.000000000000000000e+00 0.000000000000000000e+00 0.000000000000000000e+00 0.000000000000000000e+00
0.000000000000000000e+00 0.000000000000000000e+00 0.000000000000000000e+00 0.000000000000000000e+00 0.000000000000000000e+00
0.000000000000000000e+00 0.000000000000000000e+00 0.000000000000000000e+00 0.000000000000000000e+00 0.000000000000000000e+00
2.916160317170976915e-02 0.000000000000000000e+00 0.000000000000000000e+00 3.735809625025369660e-03 0.000000000000000000e+00
4.727307818317345867e-02 0.000000000000000000e+00 0.000000000000000000e+00 8.553165640561575730e-03 0.000000000000000000e+00
5.611440826270315541e-02 0.000000000000000000e+00 0.000000000000000000e+00 1.452171181183435633e-02 0.000000000000000000e+00
4.538514091310163340e-02 0.000000000000000000e+00 1.131601776714671404e-03 2.295157002261146231e-02 0.000000000000000000e+00
4.462499531511397027e-02 0.000000000000000000e+00 1.067122878132497829e-02 3.981086293688860384e-02 0.000000000000000000e+00
4.438153255697812466e-02 0.000000000000000000e+00 2.339918634059453412e-02 5.358907612945271876e-02 0.000000000000000000e+00
4.014362473635094131e-02 0.000000000000000000e+00 3.785531302647715535e-02 7.919193205623052678e-02 0.000000000000000000e+00
2.132685018642209440e-02 0.000000000000000000e+00 5.447152185736016394e-02 7.952222478129963856e-02 0.000000000000000000e+00
9.042379921275092367e-03 0.000000000000000000e+00 6.007735712805561262e-02 5.797800510481445485e-02 0.000000000000000000e+00
3.318212243672911347e-03 0.000000000000000000e+00 5.910502478943189392e-02 4.042716305427193624e-02 0.000000000000000000e+00
2.656767642147443015e-02 0.000000000000000000e+00 4.392429561285405432e-02 3.422621755446832864e-02 9.701989754665114526e-03
6.366686980034781673e-02 0.000000000000000000e+00 8.479102167444513630e-03 2.722544916843893520e-02 4.413020732528105672e-02
7.159457771869584541e-02 8.989530574398683915e-03 0.000000000000000000e+00 3.412813430631437411e-02 1.001579312665936000e-01
6.077026419910398075e-02 4.977248540941776878e-02 0.000000000000000000e+00 6.803634782893118460e-02 1.124492659779917636e-01
3.218106196139627895e-02 9.918963210770939676e-02 0.000000000000000000e+00 8.802069545788743232e-02 6.206016623478188138e-02
2.345266876815780763e-02 1.098819148253651762e-01 1.777992628643195253e-02 6.832317976399145121e-02 9.777990727799182324e-03
1.146138702090619688e-02 8.941429218158220005e-02 9.933267189645492157e-02 4.149238413174990980e-02 0.000000000000000000e+00
5.533907996580550957e-03 4.523606027013390291e-02 1.476311730155401014e-01 8.555583885255546236e-03 0.000000000000000000e+00
0.000000000000000000e+00 0.000000000000000000e+00 1.435474527630534458e-01 0.000000000000000000e+00 0.000000000000000000e+00
0.000000000000000000e+00 0.000000000000000000e+00 8.875619056492911607e-02 8.076860556657780577e-03 0.000000000000000000e+00
0.000000000000000000e+00 0.000000000000000000e+00 2.915770925254538778e-02 7.229793971680580598e-03 0.000000000000000000e+00
0.000000000000000000e+00 0.000000000000000000e+00 0.000000000000000000e+00 0.000000000000000000e+00 0.000000000000000000e+00
0.000000000000000000e+00 0.000000000000000000e+00 0.000000000000000000e+00 0.000000000000000000e+00 0.000000000000000000e+00
0.000000000000000000e+00 0.000000000000000000e+00 0.000000000000000000e+00 0.000000000000000000e+00 0.000000000000000000e+00
0.000000000000000000e+00 0.000000000000000000e+00 0.000000000000000000e+00 0.000000000000000000e+00 0.000000000000000000e+00
0.000000000000000000e+00 0.000000000000000000e+00 0.000000000000000000e+00 0.000000000000000000e+00 0.000000000000000000e+00
0.000000000000000000e+00 0.000000000000000000e+00 0.000000000000000000e+00 0.000000000000000000e+00 0.000000000000000000e+00
0.000000000000000000e+00 0.000000000000000000e+00 0.000000000000000000e+00 0.000000000000000000e+00 0.000000000000000000e+00
2.665395513515788836e-02 0.000000000000000000e+00 0.000000000000000000e+00 1.992575182798844106e-03 0.000000000000000000e+00
2.681767352780566743e-02 0.000000000000000000e+00 0.000000000000000000e+00 2.826251357626648891e-03 0.000000000000000000e+00
1.858597651046888649e-02 0.000000000000000000e+00 0.000000000000000000e+00 4.909676078581530143e-03 0.000000000000000000e+00
1.431289807201945041e-02 0.000000000000000000e+00 0.000000000000000000e+00 1.507294630671976270e-02 0.000000000000000000e+00
6.673089510232338255e-03 0.000000000000000000e+00 2.427406217643764564e-03 2.478869099955544053e-02 0.000000000000000000e+00
1.136781533278492275e-02 0.000000000000000000e+00 8.181190921240621625e-03 2.590769306060249078e-02 0.000000000000000000e+00
2.371824034418876931e-02 0.000000000000000000e+00 9.235122154983798487e-03 3.083061221058406090e-02 0.000000000000000000e+00
1.593126340824143131e-02 0.000000000000000000e+00 2.939484143072849595e-02 2.869154473525241389e-02 0.000000000000000000e+00
1.859463804862466693e-02 0.000000000000000000e+00 2.772809556586372862e-02 1.415739816861245892e-02 0.000000000000000000e+00
4.574420283103588364e-02 0.000000000000000000e+00 1.642040479853315582e-02 0.000000000000000000e+00 1.896880650717860939e-02
8.655342354435847929e-02 9.546823360801790642e-03 0.000000000000000000e+00 0.000000000000000000e+00 4.950861186196244684e-02
1.031725269674671902e-01 2.703331817963827016e-02 0.000000000000000000e+00 1.121168185799739300e-02 7.911620272578437363e-02
8.498352938295304637e-02 7.086200908321234337e-02 0.000000000000000000e+00 5.371983668896597452e-02 1.011653808575700003e-01
6.235367334814385237e-02 1.026593775888118287e-01 0.000000000000000000e+00 8.049939873686567937e-02 9.002164380165192381e-02
3.057786763438016461e-02 1.130537714229323254e-01 0.000000000000000000e+00 6.670829473159584078e-02 4.302836349163962487e-02
2.370116646360682575e-02 9.386805730779378132e-02 7.684490370997446029e-02 4.151621476369612984e-02 0.000000000000000000e+00
5.095363526800846324e-03 5.090755965145104395e-02 1.377664629299776011e-01 6.774702106036019009e-03 0.000000000000000000e+00
4.202380961340344053e-04 5.878496620979051582e-03 1.410157254475438993e-01 0.000000000000000000e+00 0.000000000000000000e+00
0.000000000000000000e+00 0.000000000000000000e+00 1.011118506975387660e-01 8.696806960034985171e-03 0.000000000000000000e+00
0.000000000000000000e+00 0.000000000000000000e+00 5.177242830214551922e-02 1.376779976933162515e-02 0.000000000000000000e+00
0.000000000000000000e+00 0.000000000000000000e+00 1.950685402103278718e-02 6.682489917570199299e-03 0.000000000000000000e+00
0.000000000000000000e+00 0.000000000000000000e+00 0.000000000000000000e+00 0.000000000000000000e+00 0.000000000000000000e+00
0.000000000000000000e+00 0.000000000000000000e+00 0.000000000000000000e+00 0.000000000000000000e+00 0.000000000000000000e+00
0.000000000000000000e+00 0.000000000000000000e+00 0.000000000000000000e+00 0.000000000000000000e+00 0.000000000000000000e+00
0.000000000000000000e+00 0.000000000000000000e+00 0.000000000000000000e+00 0.000000000000000000e+00 0.000000000000000000e+00
0.000000000000000000e+00 0.000000000000000000e+00 0.000000000000000000e+00 0.000000000000000000e+00 0.000000000000000000e+00
0.000000000000000000e+00 0.000000000000000000e+00 0.000000000000000000e+00 0.000000000000000000e+00 0.000000000000000000e+00
0.000000000000000000e+00 0.000000000000000000e+00 0.000000000000000000e+00 0.000000000000000000e+00 0.000000000000000000e+00
5.013299983644985483e-03 0.000000000000000000e+00 5.448997821059156773e-04 0.000000000000000000e+00 0.000000000000000000e+00
4.675866330899648704e-03 0.000000000000000000e+00 5.082238352334021107e-04 0.000000000000000000e+00 0.000000000000000000e+00
0.000000000000000000e+00 0.000000000000000000e+00 0.000000000000000000e+00 9.098202134782092175e-05 0.000000000000000000e+00
0.000000000000000000e+00 0.000000000000000000e+00 0.000000000000000000e+00 3.411825800543286883e-03 0.000000000000000000e+00
0.000000000000000000e+00 0.000000000000000000e+00 0.000000000000000000e+00 3.630598413062724721e-03 0.000000000000000000e+00
1.018004566429983951e-02 0.000000000000000000e+00 3.951183846795334846e-03 0.000000000000000000e+00 2.712352084355568443e-03
3.581395149998083116e-02 0.000000000000000000e+00 4.558389674049027028e-03 0.000000000000000000e+00 0.000000000000000000e+00
5.494005163885672116e-02 5.489583693098498002e-03 9.288284032812970173e-03 0.000000000000000000e+00 2.971913682511244641e-03
8.198012378070834716e-02 2.104834732554737575e-02 1.677452724050543546e-03 0.000000000000000000e+00 1.859062012235943376e-02
1.158873788941408162e-01 4.153089652519024316e-02 0.000000000000000000e+00 0.000000000000000000e+00 4.120841190302949875e-02
1.305067405631246125e-01 6.299369205433386076e-02 0.000000000000000000e+00 1.428657424127692185e-02 6.915427728404939522e-02
1.092797185446248848e-01 9.334977228601960830e-02 0.000000000000000000e+00 5.823841860565950879e-02 8.965478094558838873e-02
7.179067500491688458e-02 1.090745220429716056e-01 0.000000000000000000e+00 7.337875392558126930e-02 9.664307462743843002e-02
2.867009986583415534e-02 1.050795111421690825e-01 2.091340081611891069e-02 6.191357279994108564e-02 7.242472648586112394e-02
1.933171775545835039e-03 8.347507229585925115e-02 9.106416549023907403e-02 4.104391223275896672e-02 3.597109744501414408e-02
2.642599496711508112e-03 3.159239975249016757e-02 1.528079576910469084e-01 7.860708927771862045e-03 2.031926346059191937e-02
3.622885115073486498e-03 0.000000000000000000e+00 1.559031507641631675e-01 0.000000000000000000e+00 7.855216858305600139e-03
0.000000000000000000e+00 0.000000000000000000e+00 1.057701546852903990e-01 0.000000000000000000e+00 2.440434787588696523e-03
0.000000000000000000e+00 0.000000000000000000e+00 5.354126837438087649e-02 1.128538660664131152e-02 0.000000000000000000e+00
0.000000000000000000e+00 0.000000000000000000e+00 3.392985225103670177e-02 1.293823951447806327e-02 0.000000000000000000e+00
0.000000000000000000e+00 0.000000000000000000e+00 1.111148768683839667e-02 3.725414148557438295e-03 0.000000000000000000e+00
0.000000000000000000e+00 0.000000000000000000e+00 0.000000000000000000e+00 0.000000000000000000e+00 0.000000000000000000e+00
0.000000000000000000e+00 0.000000000000000000e+00 0.000000000000000000e+00 0.000000000000000000e+00 0.000000000000000000e+00
0.000000000000000000e+00 0.000000000000000000e+00 0.000000000000000000e+00 0.000000000000000000e+00 0.000000000000000000e+00
0.000000000000000000e+00 0.000000000000000000e+00 0.000000000000000000e+00 0.000000000000000000e+00 0.000000000000000000e+00
0.000000000000000000e+00 0.000000000000000000e+00 0.000000000000000000e+00 0.000000000000000000e+00 0.000000000000000000e+00
0.000000000000000000e+00 0.000000000000000000e+00 0.000000000000000000e+00 0.000000000000000000e+00 0.000000000000000000e+00
0.000000000000000000e+00 0.000000000000000000e+00 0.000000000000000000e+00 0.000000000000000000e+00 0.000000000000000000e+00
0.000000000000000000e+00 0.000000000000000000e+00 0.000000000000000000e+00 0.000000000000000000e+00 0.000000000000000000e+00
0.000000000000000000e+00 0.000000000000000000e+00 0.000000000000000000e+00 0.000000000000000000e+00 0.000000000000000000e+00
0.000000000000000000e+00 0.000000000000000000e+00 0.000000000000000000e+00 0.000000000000000000e+00 0.000000000000000000e+00
1.063464360662461777e-03 0.000000000000000000e+00 6.338533968213625304e-04 0.000000000000000000e+00 4.075811626207135935e-05
2.672380045253042440e-03 2.202951057896612719e-03 1.421567452437965881e-03 0.000000000000000000e+00 0.000000000000000000e+00
2.949843431651803793e-02 5.131552820475972915e-03 2.543356080696463056e-03 0.000000000000000000e+00 0.000000000000000000e+00
6.221127999467392783e-02 2.356355933334663283e-02 2.280863554930503999e-04 0.000000000000000000e+00 0.000000000000000000e+00
1.033663326201104543e-01 5.138809838323784435e-02 0.000000000000000000e+00 1.254555702652312065e-03 1.324703231844013597e-02
1.412300421974332920e-01 7.600635157028967637e-02 0.000000000000000000e+00 8.642337256648474977e-03 4.027067430611519505e-02
1.456686304629808970e-01 9.703349268722750998e-02 0.000000000000000000e+00 3.108963678802457997e-02 5.020171195044105528e-02
1.222414092860132223e-01 1.137550239699209181e-01 0.000000000000000000e+00 6.278998412767024251e-02 6.608038652188968909e-02
8.523135134364709375e-02 1.144955341768731927e-01 0.000000000000000000e+00 7.883380079605632751e-02 7.730874805556398055e-02
5.719842049145332924e-02 1.045320820388859068e-01 3.494856643248432648e-02 7.649239295680204664e-02 8.103980356760111248e-02
3.180373177948755958e-02 8.581041117997137424e-02 8.874616912141078395e-02 4.698516674987279762e-02 6.308421349425388791e-02
2.910907933070915402e-02 4.249738328220918626e-02 1.422357715266780731e-01 6.455228063631497995e-03 4.788538778031403709e-02
9.833935747089279575e-03 3.749867195779611750e-03 1.555823517649514431e-01 0.000000000000000000e+00 3.475883290989936064e-02
1.516139044534290693e-02 0.000000000000000000e+00 1.175467694597013418e-01 0.000000000000000000e+00 1.394905098129295418e-02
4.222632331412404065e-03 0.000000000000000000e+00 7.159670752974753305e-02 4.147753354185997813e-04 4.155740383371392573e-03
5.024452139447368147e-03 0.000000000000000000e+00 3.783964572954235522e-02 4.840016639423174935e-03 1.230738336379088313e-05
0.000000000000000000e+00 0.000000000000000000e+00 1.801282173823197039e-02 6.180675893982474044e-03 0.000000000000000000e+00
0.000000000000000000e+00 0.000000000000000000e+00 1.371639929524595767e-03 8.469748342139664724e-04 0.000000000000000000e+00
0.000000000000000000e+00 0.000000000000000000e+00 0.000000000000000000e+00 0.000000000000000000e+00 0.000000000000000000e+00
0.000000000000000000e+00 0.000000000000000000e+00 0.000000000000000000e+00 0.000000000000000000e+00 0.000000000000000000e+00
0.000000000000000000e+00 0.000000000000000000e+00 0.000000000000000000e+00 0.000000000000000000e+00 0.000000000000000000e+00
0.000000000000000000e+00 0.000000000000000000e+00 0.000000000000000000e+00 0.000000000000000000e+00 0.000000000000000000e+00
0.000000000000000000e+00 0.000000000000000000e+00 0.000000000000000000e+00 0.000000000000000000e+00 0.000000000000000000e+00
0.000000000000000000e+00 0.000000000000000000e+00 0.000000000000000000e+00 0.000000000000000000e+00 0.000000000000000000e+00
0.000000000000000000e+00 0.000000000000000000e+00 0.000000000000000000e+00 0.000000000000000000e+00 0.000000000000000000e+00
0.000000000000000000e+00 0.000000000000000000e+00 0.000000000000000000e+00 0.000000000000000000e+00 0.000000000000000000e+00
0.000000000000000000e+00 0.000000000000000000e+00 0.000000000000000000e+00 0.000000000000000000e+00 0.000000000000000000e+00
9.167796212607430984e-04 0.000000000000000000e+00 5.464253420873813310e-04 0.000000000000000000e+00 3.513630712247531632e-05
1.073144682504693741e-02 0.000000000000000000e+00 5.268108639675455479e-03 0.000000000000000000e+00 4.994353257089894065e-04
2.504931593300386769e-02 5.346101452743354764e-03 8.001478399341092548e-03 0.000000000000000000e+00 0.000000000000000000e+00
5.217090659620114007e-02 2.103401496214490213e-02 2.833797532561971397e-03 2.612760491398669581e-03 0.000000000000000000e+00
7.005069903133753773e-02 4.593427840040965188e-02 0.000000000000000000e+00 9.153578156612208333e-03 0.000000000000000000e+00
9.378755241486637362e-02 8.331381399274612187e-02 0.000000000000000000e+00 4.047374257151330201e-02 1.022611435462170842e-02
1.075218250949668553e-01 8.981500114761901965e-02 0.000000000000000000e+00 6.479248754814148636e-02 3.724825956561440832e-02
8.282931192601775128e-02 9.872663758603700268e-02 1.216803491516976407e-02 8.775812939934123091e-02 5.300509107897845990e-02
4.637539847582774349e-02 1.012707938888593312e-01 3.969094088720975105e-02 9.314047040764145136e-02 5.989534434184916323e-02
5.091099384387462456e-02 9.542649764619923203e-02 4.902977743087178625e-02 9.861857034418819445e-02 6.492174408849527012e-02
8.764230648692929171e-02 9.662796380517543748e-02 6.664305485856354683e-02 8.075427328449880093e-02 4.629863288749835881e-02
8.508451485301449235e-02 8.823595998954984754e-02 7.124777662860713734e-02 6.704690364310025852e-02 4.832245911225659107e-02
1.033896837803375823e-01 5.775069451737915166e-02 9.606948810271945249e-02 2.813069029282144404e-02 3.947800563171717514e-02
1.098104832616331877e-01 1.825099098498141059e-02 9.941472683236218799e-02 0.000000000000000000e+00 3.197047881190342999e-02
1.014736540273876580e-01 0.000000000000000000e+00 8.434867226535558427e-02 0.000000000000000000e+00 2.013491371500505944e-02
6.529111584723747141e-02 0.000000000000000000e+00 6.134882626420774115e-02 0.000000000000000000e+00 3.756512344982826206e-03
1.169818712044568693e-02 0.000000000000000000e+00 2.517384139845113902e-02 0.000000000000000000e+00 1.986628996683720630e-03
3.593380718411439464e-03 0.000000000000000000e+00 9.901215856173685437e-03 0.000000000000000000e+00 2.884756704773560297e-03
1.363653603521460065e-03 0.000000000000000000e+00 1.305646435418432580e-03 0.000000000000000000e+00 1.877754779080117184e-03
0.000000000000000000e+00 0.000000000000000000e+00 0.000000000000000000e+00 0.000000000000000000e+00 0.000000000000000000e+00
0.000000000000000000e+00 0.000000000000000000e+00 0.000000000000000000e+00 0.000000000000000000e+00 0.000000000000000000e+00
0.000000000000000000e+00 0.000000000000000000e+00 0.000000000000000000e+00 0.000000000000000000e+00 0.000000000000000000e+00
0.000000000000000000e+00 0.000000000000000000e+00 0.000000000000000000e+00 0.000000000000000000e+00 0.000000000000000000e+00
0.000000000000000000e+00 0.000000000000000000e+00 0.000000000000000000e+00 0.000000000000000000e+00 0.000000000000000000e+00
0.000000000000000000e+00 0.000000000000000000e+00 0.000000000000000000e+00 0.000000000000000000e+00 0.000000000000000000e+00
0.000000000000000000e+00 0.000000000000000000e+00 0.000000000000000000e+00 0.000000000000000000e+00 0.000000000000000000e+00
0.000000000000000000e+00 0.000000000000000000e+00 0.000000000000000000e+00 0.000000000000000000e+00 0.000000000000000000e+00
0.000000000000000000e+00 0.000000000000000000e+00 0.000000000000000000e+00 0.000000000000000000e+00 0.000000000000000000e+00
9.167796212607430984e-04 0.000000000000000000e+00 5.464253420873813310e-04 0.000000000000000000e+00 3.513630712247531632e-05
1.587212242384960711e-02 1.086416604444469507e-03 5.503179428329682890e-03 0.000000000000000000e+00 0.000000000000000000e+00
3.449999096768310847e-02 6.960467641044065616e-03 7.411516355066454474e-03 8.494438435555587029e-04 0.000000000000000000e+00
5.277116596551578720e-02 2.365957017958603484e-02 5.707177784267569200e-03 2.233300930134770809e-02 0.000000000000000000e+00
5.563663870087423580e-02 4.529847199879362407e-02 2.963146047587905674e-03 5.719799231393137007e-02 0.000000000000000000e+00
5.665195538619258175e-02 5.520864792409699295e-02 7.082199259350242630e-03 9.186267853926198546e-02 0.000000000000000000e+00
5.763152358921302953e-02 5.255961035309752311e-02 3.301969878963080529e-02 1.172258079953387572e-01 1.055401054669599138e-02
3.460124826919123986e-02 4.771053877344762217e-02 6.283130328245357943e-02 1.279312967959695124e-01 3.451015290161765781e-02
3.165386825378106728e-02 4.746692905456279671e-02 6.880383071736301259e-02 1.262150134002510693e-01 3.912269293342652415e-02
3.425761137401878154e-02 5.104054931536205347e-02 7.038068667590474670e-02 1.172986566436945155e-01 4.007273426340082073e-02
4.070735648391090450e-02 6.263027371883554684e-02 5.108509887971170865e-02 1.191729917666616151e-01 4.752175240483740709e-02
6.692928599528480405e-02 8.627757254578230506e-02 2.725398992759374070e-02 1.042580536119802337e-01 4.618900255431961782e-02
1.058132254174891929e-01 8.289246631104285612e-02 2.488128861727796973e-02 7.364806949566554684e-02 4.939114695070161848e-02
1.400005457639511008e-01 4.600062337916616811e-02 6.201843679840303436e-02 1.754814950027385259e-02 5.842912158806614492e-02
1.624918451848092471e-01 4.710905851037266306e-03 6.560146603909026986e-02 0.000000000000000000e+00 3.401718588893826861e-02
1.315075812976521374e-01 0.000000000000000000e+00 4.303956681000854767e-02 0.000000000000000000e+00 6.418590415516701835e-03
6.521736324741321533e-02 0.000000000000000000e+00 2.191791195518630678e-02 0.000000000000000000e+00 1.485019334044657352e-03
1.454976039147592645e-02 0.000000000000000000e+00 7.655436454268661588e-03 0.000000000000000000e+00 3.532942741720565896e-03
3.446951641799591518e-03 0.000000000000000000e+00 2.474590472742196554e-03 0.000000000000000000e+00 3.798295165044885888e-03
4.393994944680261884e-04 0.000000000000000000e+00 4.207082958570504991e-04 0.000000000000000000e+00 6.050543177035933029e-04
0.000000000000000000e+00 0.000000000000000000e+00 0.000000000000000000e+00 0.000000000000000000e+00 0.000000000000000000e+00
0.000000000000000000e+00 0.000000000000000000e+00 0.000000000000000000e+00 0.000000000000000000e+00 0.000000000000000000e+00
0.000000000000000000e+00 0.000000000000000000e+00 0.000000000000000000e+00 0.000000000000000000e+00 0.000000000000000000e+00
0.000000000000000000e+00 0.000000000000000000e+00 0.000000000000000000e+00 0.000000000000000000e+00 0.000000000000000000e+00
0.000000000000000000e+00 0.000000000000000000e+00 0.000000000000000000e+00 0.000000000000000000e+00 0.000000000000000000e+00
0.000000000000000000e+00 0.000000000000000000e+00 0.000000000000000000e+00 0.000000000000000000e+00 0.000000000000000000e+00
0.000000000000000000e+00 0.000000000000000000e+00 0.000000000000000000e+00 0.000000000000000000e+00 0.000000000000000000e+00
0.000000000000000000e+00 0.000000000000000000e+00 0.000000000000000000e+00 0.000000000000000000e+00 0.000000000000000000e+00
0.000000000000000000e+00 0.000000000000000000e+00 0.000000000000000000e+00 0.000000000000000000e+00 0.000000000000000000e+00
8.205232899825854256e-03 1.648240343101367231e-03 1.411028271339506788e-03 2.109478441899834134e-03 0.000000000000000000e+00
3.464255008385777601e-02 4.591790779895577913e-03 1.730432928927949600e-03 2.116057580679407690e-02 0.000000000000000000e+00
2.722840177534683812e-02 4.711678469574904528e-03 2.611993055897143313e-04 6.246245153962935032e-02 0.000000000000000000e+00
2.653370665647598187e-02 1.201987398138188064e-02 1.014785740764532172e-02 9.148228677116317098e-02 0.000000000000000000e+00
2.777913171193888142e-02 1.517359446611394984e-02 1.835314818349864652e-02 1.030531245916611743e-01 0.000000000000000000e+00
2.494078135025428952e-02 6.599827339445911434e-03 3.283820870148684151e-02 1.184231063620693053e-01 0.000000000000000000e+00
0.000000000000000000e+00 8.026297959515141332e-05 5.091534522861519002e-02 1.333611488943823031e-01 1.995688683210580360e-03
0.000000000000000000e+00 0.000000000000000000e+00 4.760791530248306702e-02 1.243035822834458182e-01 1.691109627679299870e-02
0.000000000000000000e+00 0.000000000000000000e+00 4.373936047483650141e-02 1.133005672987189988e-01 1.861668861135505962e-02
0.000000000000000000e+00 1.829213749371099221e-02 2.928411622758656657e-02 1.159935469369554328e-01 2.450068876815612168e-02
2.448630667380787169e-03 7.318648125989335451e-02 5.105560446765472146e-03 1.159836838688735744e-01 3.281902263192854746e-02
1.183184580581964421e-02 9.453739708801968400e-02 2.212034538609862315e-04 1.035841568755292014e-01 5.180725314711886326e-02
6.184638614338430068e-02 6.798263744034392653e-02 4.154600231114988218e-02 4.569815003876250697e-02 6.947591484151602326e-02
1.528657074724482090e-01 1.237420110535200277e-02 5.809263347005471506e-02 0.000000000000000000e+00 6.375409780203310228e-02
1.660751977213344999e-01 0.000000000000000000e+00 2.800891471389553578e-02 0.000000000000000000e+00 2.677212427310306578e-02
1.296768333925852612e-01 0.000000000000000000e+00 6.730116410537973805e-03 0.000000000000000000e+00 0.000000000000000000e+00
4.844326393899354988e-02 0.000000000000000000e+00 1.078749031362547656e-02 0.000000000000000000e+00 2.456022990482828548e-03
6.772458824452196914e-03 0.000000000000000000e+00 3.971643155881881583e-03 0.000000000000000000e+00 4.367506835664725084e-03
3.287920355157294798e-03 0.000000000000000000e+00 3.148058627619996792e-03 0.000000000000000000e+00 4.527475411782063731e-03
0.000000000000000000e+00 0.000000000000000000e+00 0.000000000000000000e+00 0.000000000000000000e+00 0.000000000000000000e+00
0.000000000000000000e+00 0.000000000000000000e+00 0.000000000000000000e+00 0.000000000000000000e+00 0.000000000000000000e+00
0.000000000000000000e+00 0.000000000000000000e+00 0.000000000000000000e+00 0.000000000000000000e+00 0.000000000000000000e+00
0.000000000000000000e+00 0.000000000000000000e+00 0.000000000000000000e+00 0.000000000000000000e+00 0.000000000000000000e+00
0.000000000000000000e+00 0.000000000000000000e+00 0.000000000000000000e+00 0.000000000000000000e+00 0.000000000000000000e+00
0.000000000000000000e+00 0.000000000000000000e+00 0.000000000000000000e+00 0.000000000000000000e+00 0.000000000000000000e+00
0.000000000000000000e+00 0.000000000000000000e+00 0.000000000000000000e+00 0.000000000000000000e+00 0.000000000000000000e+00
4.035052194539693400e-04 0.000000000000000000e+00 6.492194706647999190e-04 0.000000000000000000e+00 7.596636467738264930e-05
2.663475836727019919e-03 0.000000000000000000e+00 7.009190071000735885e-03 0.000000000000000000e+00 2.580463722843887898e-03
6.180916747519227782e-03 0.000000000000000000e+00 1.003523687189088361e-02 0.000000000000000000e+00 5.634587639274352133e-03
5.630216053179543621e-03 1.149906892900939837e-03 4.982684600660762693e-03 2.487342889051391559e-02 0.000000000000000000e+00
4.085532008170431571e-03 1.822567298767769186e-03 0.000000000000000000e+00 6.280293322441493631e-02 0.000000000000000000e+00
3.259144541323642005e-03 0.000000000000000000e+00 6.322133498587158501e-04 7.274268216087147187e-02 0.000000000000000000e+00
0.000000000000000000e+00 0.000000000000000000e+00 1.352936464890871354e-02 6.994458349350540782e-02 0.000000000000000000e+00
0.000000000000000000e+00 0.000000000000000000e+00 1.454953915566504011e-02 6.225818363283304457e-02 0.000000000000000000e+00
0.000000000000000000e+00 0.000000000000000000e+00 2.075513130230518047e-02 5.121760753820554096e-02 0.000000000000000000e+00
0.000000000000000000e+00 0.000000000000000000e+00 1.260520979631919031e-02 5.477664502287007270e-02 1.016893059615459755e-03
0.000000000000000000e+00 0.000000000000000000e+00 7.705014279694813797e-03 6.520120368224739671e-02 0.000000000000000000e+00
0.000000000000000000e+00 1.467350501850549563e-02 1.295251286389866897e-02 8.605353531999843097e-02 0.000000000000000000e+00
0.000000000000000000e+00 7.473733778257066196e-02 0.000000000000000000e+00 1.037520783772853256e-01 4.297708557540644639e-03
0.000000000000000000e+00 1.014809026022979455e-01 1.911200044249924956e-02 1.077319995031835870e-01 3.871766268500764080e-02
0.000000000000000000e+00 7.703998963037302083e-02 3.733646406081653907e-02 5.875048710445282540e-02 8.589491561911880013e-02
7.574578450575400468e-02 1.514038949458922263e-02 5.389017106465012613e-02 1.775805556909560660e-03 9.012278432330424194e-02
1.536186849848650837e-01 0.000000000000000000e+00 1.899816156972445463e-02 0.000000000000000000e+00 5.559731305021643061e-02
1.501178889524458215e-01 0.000000000000000000e+00 2.138601989348726164e-03 0.000000000000000000e+00 0.000000000000000000e+00
7.869050776127328728e-02 0.000000000000000000e+00 6.563853122852212479e-03 0.000000000000000000e+00 0.000000000000000000e+00
1.416008340726026410e-02 0.000000000000000000e+00 5.710706748203136021e-03 0.000000000000000000e+00 5.034575190983509724e-03
3.833381796565880819e-03 0.000000000000000000e+00 3.670317201787369997e-03 0.000000000000000000e+00 5.278577323414104967e-03
0.000000000000000000e+00 0.000000000000000000e+00 0.000000000000000000e+00 0.000000000000000000e+00 0.000000000000000000e+00
0.000000000000000000e+00 0.000000000000000000e+00 0.000000000000000000e+00 0.000000000000000000e+00 0.000000000000000000e+00
0.000000000000000000e+00 0.000000000000000000e+00 0.000000000000000000e+00 0.000000000000000000e+00 0.000000000000000000e+00
0.000000000000000000e+00 0.000000000000000000e+00 0.000000000000000000e+00 0.000000000000000000e+00 0.000000000000000000e+00
0.000000000000000000e+00 0.000000000000000000e+00 0.000000000000000000e+00 0.000000000000000000e+00 0.000000000000000000e+00
0.000000000000000000e+00 0.000000000000000000e+00 0.000000000000000000e+00 0.000000000000000000e+00 0.000000000000000000e+00
0.000000000000000000e+00 1.741759705941728310e-03 2.188409794037754052e-03 0.000000000000000000e+00 3.472976907707322732e-04
1.186793613733600795e-02 5.946358817056994657e-03 1.977428322601063396e-02 0.000000000000000000e+00 3.914146347365970481e-03
1.477260486970516894e-02 3.510289768639204572e-03 3.256243783152034527e-02 0.000000000000000000e+00 1.145641361479543714e-02
1.097690412996063514e-02 0.000000000000000000e+00 1.855595337343621601e-02 0.000000000000000000e+00 1.317299373784054824e-02
1.144357897682573818e-03 0.000000000000000000e+00 1.159221354074723744e-02 4.666653868584448930e-03 1.509330954449498302e-02
0.000000000000000000e+00 0.000000000000000000e+00 7.041740365098388479e-03 2.375297994305488117e-02 6.750334143378104723e-03
0.000000000000000000e+00 0.000000000000000000e+00 9.582926602884556805e-03 2.263394260376957665e-02 3.672893859260057629e-03
3.270435477310431986e-03 0.000000000000000000e+00 9.272763072381007277e-03 6.130072289713286646e-03 5.346280810835841307e-03
2.175813371822311187e-02 0.000000000000000000e+00 6.549796800011859800e-03 0.000000000000000000e+00 3.062704384842004478e-03
8.595938774931526083e-03 0.000000000000000000e+00 4.966625263245216977e-03 0.000000000000000000e+00 3.063582666117778582e-03
1.070879849617741020e-02 0.000000000000000000e+00 4.812743100196171966e-04 4.391191348771603629e-03 0.000000000000000000e+00
1.583525745148882044e-02 4.225538773116263754e-03 0.000000000000000000e+00 1.475401317162427367e-02 0.000000000000000000e+00
0.000000000000000000e+00 3.724064650562500245e-02 3.475386792618622225e-03 5.247657894486180974e-02 0.000000000000000000e+00
0.000000000000000000e+00 9.337527836664399894e-02 1.147360826931370995e-02 7.776046031412627013e-02 0.000000000000000000e+00
0.000000000000000000e+00 1.097761178475385180e-01 3.377690210282619648e-02 9.630741455870783785e-02 2.159171656690502331e-02
0.000000000000000000e+00 7.493050424821547095e-02 4.018303884800990960e-02 7.361356059222629034e-02 8.873001247839076844e-02
3.115009673297081116e-02 7.615112664496183174e-03 4.307139357155866100e-02 7.282383606914754476e-03 1.241502269185969093e-01
1.140868086110446850e-01 0.000000000000000000e+00 1.862912182614608406e-02 0.000000000000000000e+00 7.483250765331146692e-02
1.606944663560695430e-01 0.000000000000000000e+00 0.000000000000000000e+00 0.000000000000000000e+00 3.678403333012939501e-03
1.106341917550858062e-01 0.000000000000000000e+00 2.666928902478357937e-03 0.000000000000000000e+00 0.000000000000000000e+00
2.671887109577867139e-02 0.000000000000000000e+00 5.170044266057331923e-03 0.000000000000000000e+00 2.533893560434222637e-03
3.833381796565880819e-03 0.000000000000000000e+00 3.670317201787369997e-03 0.000000000000000000e+00 5.278577323414104967e-03
0.000000000000000000e+00 0.000000000000000000e+00 0.000000000000000000e+00 0.000000000000000000e+00 0.000000000000000000e+00
0.000000000000000000e+00 0.000000000000000000e+00 0.000000000000000000e+00 0.000000000000000000e+00 0.000000000000000000e+00
0.000000000000000000e+00 0.000000000000000000e+00 0.000000000000000000e+00 0.000000000000000000e+00 0.000000000000000000e+00
0.000000000000000000e+00 0.000000000000000000e+00 0.000000000000000000e+00 0.000000000000000000e+00 0.000000000000000000e+00
0.000000000000000000e+00 0.000000000000000000e+00 0.000000000000000000e+00 0.000000000000000000e+00 0.000000000000000000e+00
0.000000000000000000e+00 0.000000000000000000e+00 0.000000000000000000e+00 0.000000000000000000e+00 0.000000000000000000e+00
9.697190263642908132e-04 6.887789861698330809e-03 1.238926105410764408e-02 0.000000000000000000e+00 3.344218182669207815e-03
1.219732773007316771e-02 1.752098619205743127e-02 3.146456822901155803e-02 0.000000000000000000e+00 4.483600326102400203e-03
1.267842091033864402e-02 2.514597753466879526e-02 3.989222103116220330e-02 0.000000000000000000e+00 8.114135028504835395e-03
1.761228135185313737e-02 1.027218098270433512e-02 1.799537508505373584e-02 0.000000000000000000e+00 1.697997033541075521e-02
1.244163339626920550e-02 4.722650317887874989e-03 6.245785538514537875e-03 0.000000000000000000e+00 2.824295881110654508e-02
6.500202896861785422e-03 0.000000000000000000e+00 2.437762452157560961e-03 0.000000000000000000e+00 1.625339869622167976e-02
8.938986135718493195e-03 0.000000000000000000e+00 4.840438187083089330e-03 0.000000000000000000e+00 9.786229558707551165e-03
1.937028307085400525e-02 0.000000000000000000e+00 4.187149054429658082e-03 0.000000000000000000e+00 1.320509325180709015e-02
3.960522456589091189e-02 0.000000000000000000e+00 5.085517629878367682e-03 0.000000000000000000e+00 3.112526332306326995e-03
3.243337913041987458e-02 4.263739369048395229e-05 7.405898174284945151e-03 0.000000000000000000e+00 0.000000000000000000e+00
3.078380993687554468e-02 1.974172051455614241e-03 7.161345566047273674e-03 0.000000000000000000e+00 0.000000000000000000e+00
2.820352952571152441e-02 1.950998263886632306e-02 2.220396512260693761e-02 0.000000000000000000e+00 0.000000000000000000e+00
4.410758386935910262e-03 7.229115720774795251e-02 2.853536725040318328e-02 2.081945074576834268e-02 0.000000000000000000e+00
0.000000000000000000e+00 1.131007541565726138e-01 3.293338524505948911e-02 7.705866175758262215e-02 0.000000000000000000e+00
0.000000000000000000e+00 1.090535705471903233e-01 4.019654360221337069e-02 8.744300631288082215e-02 3.274300558284074653e-02
0.000000000000000000e+00 5.258369385170653248e-02 4.022320316497093873e-02 5.828400166155515982e-02 1.102092851805716867e-01
2.784492258506287080e-02 0.000000000000000000e+00 4.036506337734502292e-02 4.586245081414590426e-03 1.390074868986556356e-01
1.149052922504108371e-01 0.000000000000000000e+00 1.624097049814224661e-02 0.000000000000000000e+00 7.003065110787380643e-02
1.665556466558675286e-01 0.000000000000000000e+00 0.000000000000000000e+00 0.000000000000000000e+00 0.000000000000000000e+00
1.155341541860882837e-01 0.000000000000000000e+00 2.266175445136796394e-03 0.000000000000000000e+00 0.000000000000000000e+00
2.339150515454496357e-02 0.000000000000000000e+00 3.310114026937129462e-03 0.000000000000000000e+00 2.186732532009129284e-03
3.833381796565880819e-03 0.000000000000000000e+00 3.670317201787369997e-03 0.000000000000000000e+00 5.278577323414104967e-03
0.000000000000000000e+00 0.000000000000000000e+00 0.000000000000000000e+00 0.000000000000000000e+00 0.000000000000000000e+00
0.000000000000000000e+00 0.000000000000000000e+00 0.000000000000000000e+00 0.000000000000000000e+00 0.000000000000000000e+00
0.000000000000000000e+00 0.000000000000000000e+00 0.000000000000000000e+00 0.000000000000000000e+00 0.000000000000000000e+00
0.000000000000000000e+00 0.000000000000000000e+00 0.000000000000000000e+00 0.000000000000000000e+00 0.000000000000000000e+00
0.000000000000000000e+00 0.000000000000000000e+00 0.000000000000000000e+00 0.000000000000000000e+00 0.000000000000000000e+00
3.876412589702077837e-05 1.050713429999833911e-03 0.000000000000000000e+00 0.000000000000000000e+00 0.000000000000000000e+00
0.000000000000000000e+00 1.320890320490196272e-02 1.797291132933851593e-02 0.000000000000000000e+00 7.367371363733570336e-03
1.924809707853555266e-03 5.009336335840487014e-02 4.320329196055924803e-02 0.000000000000000000e+00 4.120720121075115670e-03
4.026623465186062421e-03 6.134359554595459479e-02 5.964851404363417930e-02 0.000000000000000000e+00 1.376894007264117814e-02
1.510833439931601012e-02 4.805482584988740591e-02 3.317441674558518905e-02 0.000000000000000000e+00 2.592713721355610276e-02
2.559618331722831805e-02 1.771687831943155600e-02 1.492764912244272900e-02 0.000000000000000000e+00 3.458931154540258873e-02
2.184307900265803140e-02 0.000000000000000000e+00 1.632094734994480462e-02 0.000000000000000000e+00 3.102817150267142901e-02
2.846762471601561179e-02 0.000000000000000000e+00 1.109462328818487144e-02 0.000000000000000000e+00 1.863780758722635711e-02
3.909131067309520174e-02 0.000000000000000000e+00 9.457939422056776957e-03 0.000000000000000000e+00 1.062822893097015338e-02
4.083851472232603169e-02 2.485605792199331305e-04 1.620874657602652119e-02 0.000000000000000000e+00 0.000000000000000000e+00
4.714878543698185903e-02 6.288572490069137266e-03 2.317933273980165437e-02 0.000000000000000000e+00 0.000000000000000000e+00
6.036554354765032854e-02 2.216453231622479703e-02 3.460786089069144839e-02 0.000000000000000000e+00 0.000000000000000000e+00
6.163977221291379316e-02 6.522600094911103208e-02 4.195623281875809213e-02 0.000000000000000000e+00 0.000000000000000000e+00
3.412086616992338756e-02 1.049894765332374108e-01 4.874850590625591507e-02 2.746827623969476731e-02 0.000000000000000000e+00
0.000000000000000000e+00 1.147120553914376950e-01 5.318804849255301392e-02 6.843984669832675616e-02 8.734461753673677942e-03
0.000000000000000000e+00 8.645387889978117801e-02 4.916069645033351032e-02 7.266614996126945225e-02 6.628540908738973780e-02
7.782235146265218013e-03 1.646562673512149896e-02 4.954878612916448904e-02 3.087539081079927056e-02 1.312475439157479717e-01
8.664147591637605395e-02 0.000000000000000000e+00 2.721656035655489053e-02 1.609133664090864335e-03 1.249757270743733634e-01
1.495331098834916106e-01 0.000000000000000000e+00 4.295635003307515624e-03 0.000000000000000000e+00 4.818209682335045790e-02
1.600350148101603309e-01 0.000000000000000000e+00 0.000000000000000000e+00 0.000000000000000000e+00 6.606921282577165634e-04
8.634360746857287772e-02 0.000000000000000000e+00 1.436767243813365149e-03 0.000000000000000000e+00 0.000000000000000000e+00
1.554399930551233350e-02 0.000000000000000000e+00 1.712101075432580916e-03 0.000000000000000000e+00 2.202251598419318127e-03
3.833381796565880819e-03 0.000000000000000000e+00 3.670317201787369997e-03 0.000000000000000000e+00 5.278577323414104967e-03
0.000000000000000000e+00 0.000000000000000000e+00 0.000000000000000000e+00 0.000000000000000000e+00 0.000000000000000000e+00
0.000000000000000000e+00 0.000000000000000000e+00 0.000000000000000000e+00 0.000000000000000000e+00 0.000000000000000000e+00
0.000000000000000000e+00 0.000000000000000000e+00 0.000000000000000000e+00 0.000000000000000000e+00 0.000000000000000000e+00
0.000000000000000000e+00 0.000000000000000000e+00 0.000000000000000000e+00 0.000000000000000000e+00 0.000000000000000000e+00
0.000000000000000000e+00 0.000000000000000000e+00 0.000000000000000000e+00 0.000000000000000000e+00 0.000000000000000000e+00
6.481870558966019760e-06 3.531350360078273562e-03 0.000000000000000000e+00 0.000000000000000000e+00 0.000000000000000000e+00
0.000000000000000000e+00 2.158800158012831941e-02 1.698685210515595359e-02 0.000000000000000000e+00 4.750961569078491521e-03
0.000000000000000000e+00 6.254863132294337380e-02 6.040168036211616964e-02 0.000000000000000000e+00 8.833206220947206408e-03
0.000000000000000000e+00 8.629136286106857401e-02 8.523319446141111588e-02 0.000000000000000000e+00 1.307838622151775813e-02
5.556048533051332304e-03 8.280634964972016787e-02 7.292237036155042873e-02 0.000000000000000000e+00 3.130933447861415642e-02
1.588562036076284975e-02 4.866550530815386827e-02 4.500420127277586502e-02 0.000000000000000000e+00 5.024930567465297343e-02
2.742207092597463702e-02 1.268828737751742999e-02 2.332816683858590992e-02 0.000000000000000000e+00 6.024520944766629388e-02
4.679238605907816428e-02 0.000000000000000000e+00 1.634932663070518336e-02 0.000000000000000000e+00 5.217170848945937994e-02
5.079874395505831752e-02 3.446682049739169772e-03 1.985189214868147284e-02 0.000000000000000000e+00 3.244881267465925256e-02
5.380741845529143919e-02 1.633420295742956524e-02 3.225016875744134148e-02 0.000000000000000000e+00 1.243498341752095025e-02
6.476576282425172693e-02 4.149977773572155471e-02 4.997987886852745670e-02 0.000000000000000000e+00 0.000000000000000000e+00
7.696765248435262496e-02 7.844225130406508317e-02 5.947148804026919366e-02 0.000000000000000000e+00 0.000000000000000000e+00
6.799052542660161125e-02 1.078418570020878292e-01 7.359241346160359798e-02 0.000000000000000000e+00 0.000000000000000000e+00
3.495320726035151815e-02 1.136986852261140796e-01 7.497932872395553228e-02 4.353214369817299395e-02 6.654876428190338762e-03
6.013998354767662730e-03 9.329833059117208227e-02 5.271597784988151653e-02 7.771433636113225796e-02 5.331779842979431777e-02
1.439252365227271062e-02 3.581270059752506701e-02 4.904558993657050919e-02 5.678714958593129858e-02 1.114001335013968808e-01
7.641534356189455535e-02 0.000000000000000000e+00 3.005216883908757783e-02 2.218927465301575447e-02 1.362545395824673600e-01
1.330828627039436496e-01 0.000000000000000000e+00 9.051440650315848921e-03 0.000000000000000000e+00 8.585003530691842633e-02
1.423076960494445431e-01 0.000000000000000000e+00 0.000000000000000000e+00 2.247898430433751919e-03 3.210417769756313683e-02
1.076748196808680891e-01 0.000000000000000000e+00 0.000000000000000000e+00 0.000000000000000000e+00 2.669124570254550761e-03
5.040585495980461767e-02 0.000000000000000000e+00 0.000000000000000000e+00 0.000000000000000000e+00 0.000000000000000000e+00
1.385076996881857807e-02 0.000000000000000000e+00 1.298686063447065161e-03 0.000000000000000000e+00 2.001344752609626482e-03
2.515183313161802742e-03 0.000000000000000000e+00 2.408192314216220722e-03 0.000000000000000000e+00 3.463414370303328962e-03
0.000000000000000000e+00 0.000000000000000000e+00 0.000000000000000000e+00 0.000000000000000000e+00 0.000000000000000000e+00
0.000000000000000000e+00 0.000000000000000000e+00 0.000000000000000000e+00 0.000000000000000000e+00 0.000000000000000000e+00
0.000000000000000000e+00 0.000000000000000000e+00 0.000000000000000000e+00 0.000000000000000000e+00 0.000000000000000000e+00
0.000000000000000000e+00 0.000000000000000000e+00 0.000000000000000000e+00 0.000000000000000000e+00 0.000000000000000000e+00
0.000000000000000000e+00 0.000000000000000000e+00 0.000000000000000000e+00 0.000000000000000000e+00 0.000000000000000000e+00
0.000000000000000000e+00 7.587130638401017035e-03 0.000000000000000000e+00 1.182214073681897099e-04 0.000000000000000000e+00
2.782803795366281877e-03 1.967764715494137173e-02 1.855603364258491192e-02 0.000000000000000000e+00 2.135454559475006425e-03
0.000000000000000000e+00 5.020499076781141656e-02 7.029918121356050487e-02 0.000000000000000000e+00 6.127243907223986139e-03
0.000000000000000000e+00 8.274416803433724821e-02 1.135878437241691213e-01 0.000000000000000000e+00 1.203684938642871939e-02
6.569818430446230581e-03 1.011489934148142311e-01 1.216294388700163986e-01 0.000000000000000000e+00 2.684682265427892553e-02
1.827827230975195491e-02 9.761398353500623515e-02 1.049297183816180756e-01 0.000000000000000000e+00 5.226933559157221493e-02
3.662479394123342724e-02 8.848163997491007016e-02 7.222782969760820071e-02 0.000000000000000000e+00 7.967102556574325034e-02
5.752318660892836305e-02 8.005649720987378926e-02 6.034636550976913566e-02 0.000000000000000000e+00 8.725481032753057420e-02
5.661333718446679569e-02 7.681407509745794004e-02 7.089758338251775371e-02 0.000000000000000000e+00 7.609996268417726362e-02
3.930020540643495291e-02 8.676624133873715727e-02 9.058963811700763979e-02 0.000000000000000000e+00 5.324686001605653113e-02
2.639315589109238538e-02 1.018874227516431141e-01 8.945094469808710647e-02 0.000000000000000000e+00 5.080201828023270944e-02
9.789990345672893238e-03 1.044073494296195725e-01 9.873738751785193779e-02 0.000000000000000000e+00 6.088772576996043934e-02
8.605840798208088185e-03 1.035894958057594628e-01 8.539459270285255921e-02 2.101892806289768281e-02 6.899973970750590546e-02
3.562980981572543178e-03 7.875031638780032039e-02 5.887435187538406223e-02 6.188464873301116609e-02 9.419649814015272626e-02
1.815337585311421059e-02 3.288024476353587633e-02 3.086014897872230503e-02 7.583486080021616116e-02 1.287298678853092682e-01
4.827060819155198912e-02 0.000000000000000000e+00 2.543939638261984160e-02 4.842178057064298186e-02 1.355380240706849926e-01
8.383995583372479132e-02 0.000000000000000000e+00 0.000000000000000000e+00 2.649992749171978593e-02 9.178801036727227136e-02
1.001205349067277595e-01 0.000000000000000000e+00 0.000000000000000000e+00 1.268390165950942540e-02 5.137997981794206748e-02
7.307630788140730138e-02 0.000000000000000000e+00 0.000000000000000000e+00 5.098619033945520421e-03 2.350625778714768993e-02
6.142827713653616767e-02 0.000000000000000000e+00 0.000000000000000000e+00 0.000000000000000000e+00 0.000000000000000000e+00
3.236566609982910458e-02 0.000000000000000000e+00 0.000000000000000000e+00 0.000000000000000000e+00 0.000000000000000000e+00
1.185074468365377061e-02 0.000000000000000000e+00 0.000000000000000000e+00 2.546757601247935090e-04 0.000000000000000000e+00
0.000000000000000000e+00 0.000000000000000000e+00 0.000000000000000000e+00 0.000000000000000000e+00 0.000000000000000000e+00
0.000000000000000000e+00 0.000000000000000000e+00 0.000000000000000000e+00 0.000000000000000000e+00 0.000000000000000000e+00
0.000000000000000000e+00 0.000000000000000000e+00 0.000000000000000000e+00 0.000000000000000000e+00 0.000000000000000000e+00
0.000000000000000000e+00 0.000000000000000000e+00 0.000000000000000000e+00 0.000000000000000000e+00 0.000000000000000000e+00
0.000000000000000000e+00 0.000000000000000000e+00 0.000000000000000000e+00 0.000000000000000000e+00 0.000000000000000000e+00
0.000000000000000000e+00 0.000000000000000000e+00 0.000000000000000000e+00 0.000000000000000000e+00 0.000000000000000000e+00
1.667990632123112534e-04 3.010417343865115242e-03 0.000000000000000000e+00 0.000000000000000000e+00 1.042158846276812576e-03
6.432171798869401602e-03 1.178693362107279333e-02 1.742256958792041607e-02 0.000000000000000000e+00 0.000000000000000000e+00
7.816523136445116191e-03 2.100420733008291976e-02 6.604034479643343392e-02 0.000000000000000000e+00 0.000000000000000000e+00
1.139779011760462014e-02 4.605496726383483119e-02 1.118213848550232009e-01 0.000000000000000000e+00 7.453034513796546849e-04
1.164072842612419445e-02 8.508353627285042409e-02 1.188757264701637562e-01 0.000000000000000000e+00 3.680673286229317349e-03
1.129488147710716595e-02 1.034923458275897462e-01 1.180611218707600107e-01 0.000000000000000000e+00 2.146399836325325883e-02
2.486836413204822696e-02 1.043157637863353082e-01 1.077324339609551790e-01 0.000000000000000000e+00 5.625636345810551553e-02
1.979003170387963126e-02 1.002299486349377405e-01 1.016033243501556493e-01 0.000000000000000000e+00 8.646123948733047682e-02
1.648639774021082305e-02 9.768403239784552439e-02 9.741205222953579212e-02 2.383801396389758753e-03 9.752527983768917441e-02
2.939542759995173197e-04 9.591761907166140855e-02 9.558558395613156455e-02 1.043907583366709968e-02 1.045113158491684235e-01
0.000000000000000000e+00 9.125963898820443898e-02 8.074029140777069791e-02 1.973447888470022601e-02 1.107725768868401822e-01
0.000000000000000000e+00 8.113287626339786562e-02 5.521122583753860363e-02 4.961562989959286685e-02 1.189774085913774537e-01
0.000000000000000000e+00 5.840707827894155157e-02 2.986599947942132280e-02 8.116980568333033441e-02 1.343271689271183789e-01
0.000000000000000000e+00 1.925556824061261385e-02 9.692552023091837582e-03 1.007205804727389631e-01 1.443408576376217223e-01
1.287510276697108672e-02 0.000000000000000000e+00 0.000000000000000000e+00 7.441947322463719761e-02 1.289827077848647863e-01
5.528287248446898949e-02 0.000000000000000000e+00 0.000000000000000000e+00 4.985867864472448563e-02 8.683478227184412979e-02
7.161814945773641028e-02 0.000000000000000000e+00 0.000000000000000000e+00 2.327555054438085538e-02 4.793742008729716397e-02
5.029162003251810148e-02 0.000000000000000000e+00 0.000000000000000000e+00 9.313260153277073614e-03 2.090008835008458007e-02
4.553766576468679800e-02 0.000000000000000000e+00 0.000000000000000000e+00 2.364301001967133130e-03 1.734616516541249249e-03
4.004734553450562534e-02 0.000000000000000000e+00 0.000000000000000000e+00 1.237660121194991561e-03 0.000000000000000000e+00
2.250096673151375654e-02 1.360386328578335651e-03 0.000000000000000000e+00 3.394748404736055384e-03 0.000000000000000000e+00
5.680560857821800001e-03 4.613786458915887750e-04 0.000000000000000000e+00 1.224482285548959522e-03 0.000000000000000000e+00
0.000000000000000000e+00 0.000000000000000000e+00 0.000000000000000000e+00 0.000000000000000000e+00 0.000000000000000000e+00
0.000000000000000000e+00 0.000000000000000000e+00 0.000000000000000000e+00 0.000000000000000000e+00 0.000000000000000000e+00
0.000000000000000000e+00 0.000000000000000000e+00 0.000000000000000000e+00 0.000000000000000000e+00 0.000000000000000000e+00
0.000000000000000000e+00 0.000000000000000000e+00 0.000000000000000000e+00 0.000000000000000000e+00 0.000000000000000000e+00
0.000000000000000000e+00 0.000000000000000000e+00 0.000000000000000000e+00 0.000000000000000000e+00 0.000000000000000000e+00
0.000000000000000000e+00 0.000000000000000000e+00 0.000000000000000000e+00 0.000000000000000000e+00 0.000000000000000000e+00
1.276940985181881287e-04 2.917426284684306709e-04 0.000000000000000000e+00 0.000000000000000000e+00 5.974337267366302629e-04
4.232099731608997793e-03 4.254033055700988906e-03 8.623767044024588727e-03 0.000000000000000000e+00 0.000000000000000000e+00
8.930498925709479813e-03 5.299367440513667350e-03 5.063402958400353704e-02 1.624736698639597885e-03 0.000000000000000000e+00
2.544842636952079559e-02 1.078306584414235984e-02 8.790070186165045707e-02 0.000000000000000000e+00 0.000000000000000000e+00
2.571760556967412140e-02 2.602981645594076854e-02 1.162434462296336873e-01 0.000000000000000000e+00 0.000000000000000000e+00
9.215957688504770873e-03 4.976561999455949431e-02 1.290496304464565924e-01 6.578240767680789552e-03 0.000000000000000000e+00
2.656534892342740390e-03 7.111210174097523651e-02 1.244229072606978098e-01 1.189643130902295898e-02 1.393259274140766328e-02
0.000000000000000000e+00 8.205344395067516727e-02 9.927515979024494064e-02 3.776821358315596983e-02 4.785928645929368036e-02
0.000000000000000000e+00 7.753580104241478144e-02 7.019749464703382846e-02 5.809088745616616811e-02 8.193323705685405522e-02
0.000000000000000000e+00 6.296916710404332207e-02 4.065504102651009560e-02 7.385362160681531452e-02 1.034141234182867075e-01
0.000000000000000000e+00 4.808257435727379681e-02 5.153981986905466391e-03 9.624891869881362083e-02 1.153980792152491108e-01
0.000000000000000000e+00 1.951271878419380892e-02 0.000000000000000000e+00 1.152926791841233783e-01 1.118990955646783497e-01
0.000000000000000000e+00 0.000000000000000000e+00 0.000000000000000000e+00 1.183765386380527806e-01 9.736548733296895852e-02
3.098005785818876492e-02 0.000000000000000000e+00 0.000000000000000000e+00 9.924419751338345308e-02 6.773637425464723583e-02
5.617172535615957280e-02 0.000000000000000000e+00 0.000000000000000000e+00 5.572201588132927319e-02 4.811948863399799492e-02
5.428487965971428436e-02 0.000000000000000000e+00 0.000000000000000000e+00 2.330433863914385673e-02 2.883869847854447430e-02
4.407211549146710511e-02 0.000000000000000000e+00 0.000000000000000000e+00 1.236113693561310956e-02 7.510648210770434069e-03
4.838781874387191456e-02 0.000000000000000000e+00 0.000000000000000000e+00 5.421822737101907042e-03 0.000000000000000000e+00
4.131107346615701947e-02 4.545807807741656997e-04 0.000000000000000000e+00 4.571124900484982781e-03 0.000000000000000000e+00
3.769006863756502873e-02 1.091254448207766093e-03 0.000000000000000000e+00 4.087771584620068961e-03 0.000000000000000000e+00
7.849409338255973478e-03 6.075879540515487362e-04 0.000000000000000000e+00 1.598691654121555056e-03 0.000000000000000000e+00
0.000000000000000000e+00 0.000000000000000000e+00 0.000000000000000000e+00 0.000000000000000000e+00 0.000000000000000000e+00
0.000000000000000000e+00 0.000000000000000000e+00 0.000000000000000000e+00 0.000000000000000000e+00 0.000000000000000000e+00
0.000000000000000000e+00 0.000000000000000000e+00 0.000000000000000000e+00 0.000000000000000000e+00 0.000000000000000000e+00
0.000000000000000000e+00 0.000000000000000000e+00 0.000000000000000000e+00 0.000000000000000000e+00 0.000000000000000000e+00
0.000000000000000000e+00 0.000000000000000000e+00 0.000000000000000000e+00 0.000000000000000000e+00 0.000000000000000000e+00
0.000000000000000000e+00 0.000000000000000000e+00 0.000000000000000000e+00 0.000000000000000000e+00 0.000000000000000000e+00
0.000000000000000000e+00 0.000000000000000000e+00 0.000000000000000000e+00 0.000000000000000000e+00 0.000000000000000000e+00
0.000000000000000000e+00 0.000000000000000000e+00 0.000000000000000000e+00 0.000000000000000000e+00 0.000000000000000000e+00
0.000000000000000000e+00 1.053276358173173537e-03 7.476165659505764997e-03 7.227042517290798232e-03 0.000000000000000000e+00
0.000000000000000000e+00 1.174690764945577085e-03 2.950464588400493124e-02 1.894000835236191171e-02 0.000000000000000000e+00
1.017262542357532176e-02 3.553058015929213675e-04 4.274142858147055718e-02 3.069538572512724509e-02 0.000000000000000000e+00
1.203526853404712250e-02 0.000000000000000000e+00 4.487528234644178049e-02 4.571364359055530430e-02 0.000000000000000000e+00
3.254106806833585285e-03 0.000000000000000000e+00 4.648670371112198496e-02 6.332509456918185287e-02 0.000000000000000000e+00
0.000000000000000000e+00 0.000000000000000000e+00 5.178158919007287003e-02 7.692228822609242789e-02 0.000000000000000000e+00
1.067616516298782988e-03 0.000000000000000000e+00 3.836155137928660974e-02 9.514125101071364832e-02 0.000000000000000000e+00
0.000000000000000000e+00 0.000000000000000000e+00 1.601450044640844589e-02 1.098151268454747587e-01 1.591996410116519557e-03
2.402409896104669082e-03 0.000000000000000000e+00 0.000000000000000000e+00 1.182311774676750998e-01 9.014471399559660994e-03
2.699776170052118826e-02 0.000000000000000000e+00 0.000000000000000000e+00 1.267287482752109395e-01 1.458528399077503590e-02
4.444195645940801631e-02 0.000000000000000000e+00 0.000000000000000000e+00 1.096886881251231821e-01 1.680489639433148386e-02
4.836568654659508665e-02 0.000000000000000000e+00 0.000000000000000000e+00 8.106281608526733073e-02 1.598226885421614660e-02
5.557892687371659979e-02 0.000000000000000000e+00 0.000000000000000000e+00 4.228144760415711301e-02 1.260828777870877208e-02
5.416219790684038277e-02 0.000000000000000000e+00 0.000000000000000000e+00 1.920710504753475253e-02 2.890284388556626453e-03
4.416431605677118705e-02 0.000000000000000000e+00 0.000000000000000000e+00 6.647826945470609698e-03 0.000000000000000000e+00
4.448811519029844536e-02 6.847029300500534965e-04 0.000000000000000000e+00 6.587846651379068372e-03 0.000000000000000000e+00
4.530987349408426706e-02 5.988173059705795710e-04 0.000000000000000000e+00 6.996338580291933812e-03 0.000000000000000000e+00
3.638140301717247144e-02 9.556653302111822561e-04 0.000000000000000000e+00 5.177522057954520029e-03 0.000000000000000000e+00
2.245699518514357451e-02 1.313214175429913916e-03 0.000000000000000000e+00 3.450899287747732653e-03 0.000000000000000000e+00
3.084698096403674407e-03 2.445518963814001740e-04 0.000000000000000000e+00 6.462669403040340130e-04 0.000000000000000000e+00
0.000000000000000000e+00 0.000000000000000000e+00 0.000000000000000000e+00 0.000000000000000000e+00 0.000000000000000000e+00
0.000000000000000000e+00 0.000000000000000000e+00 0.000000000000000000e+00 0.000000000000000000e+00 0.000000000000000000e+00
0.000000000000000000e+00 0.000000000000000000e+00 0.000000000000000000e+00 0.000000000000000000e+00 0.000000000000000000e+00
0.000000000000000000e+00 0.000000000000000000e+00 0.000000000000000000e+00 0.000000000000000000e+00 0.000000000000000000e+00
0.000000000000000000e+00 0.000000000000000000e+00 0.000000000000000000e+00 0.000000000000000000e+00 0.000000000000000000e+00
0.000000000000000000e+00 0.000000000000000000e+00 0.000000000000000000e+00 0.000000000000000000e+00 0.000000000000000000e+00
0.000000000000000000e+00 0.000000000000000000e+00 0.000000000000000000e+00 0.000000000000000000e+00 0.000000000000000000e+00
0.000000000000000000e+00 0.000000000000000000e+00 0.000000000000000000e+00 0.000000000000000000e+00 0.000000000000000000e+00
0.000000000000000000e+00 0.000000000000000000e+00 1.008382584264388765e-03 4.949196414954805650e-04 0.000000000000000000e+00
0.000000000000000000e+00 0.000000000000000000e+00 8.903069341938496181e-03 6.806054651883077650e-03 0.000000000000000000e+00
0.000000000000000000e+00 0.000000000000000000e+00 7.581869494293332588e-03 1.207545981981453936e-02 0.000000000000000000e+00
0.000000000000000000e+00 0.000000000000000000e+00 7.074346793562169555e-03 1.942017094159529528e-02 0.000000000000000000e+00
0.000000000000000000e+00 5.011625035232555175e-04 2.560434261669936474e-03 3.049178376058657089e-02 0.000000000000000000e+00
0.000000000000000000e+00 2.398082391938937633e-03 0.000000000000000000e+00 4.221361582195160694e-02 0.000000000000000000e+00
0.000000000000000000e+00 3.210983191862970543e-03 0.000000000000000000e+00 4.713531502629344366e-02 0.000000000000000000e+00
8.142155798710556556e-04 2.050784822827514398e-03 0.000000000000000000e+00 4.612472177142704077e-02 0.000000000000000000e+00
0.000000000000000000e+00 2.226384769081068450e-03 0.000000000000000000e+00 4.480334402711778907e-02 0.000000000000000000e+00
0.000000000000000000e+00 1.425771120421543119e-03 0.000000000000000000e+00 3.900283484532138245e-02 0.000000000000000000e+00
0.000000000000000000e+00 6.361558544597358325e-04 0.000000000000000000e+00 2.437436633838964417e-02 0.000000000000000000e+00
1.069497961462544328e-03 0.000000000000000000e+00 0.000000000000000000e+00 4.560861260953877686e-03 0.000000000000000000e+00
3.454585754543327159e-04 0.000000000000000000e+00 0.000000000000000000e+00 0.000000000000000000e+00 0.000000000000000000e+00
3.454585754543327159e-04 0.000000000000000000e+00 0.000000000000000000e+00 0.000000000000000000e+00 0.000000000000000000e+00
3.523677469634193746e-03 0.000000000000000000e+00 0.000000000000000000e+00 0.000000000000000000e+00 0.000000000000000000e+00
1.474778146260138229e-02 0.000000000000000000e+00 0.000000000000000000e+00 1.539342888791336936e-03 0.000000000000000000e+00
6.502122397130454326e-03 0.000000000000000000e+00 0.000000000000000000e+00 1.785121527663073799e-03 0.000000000000000000e+00
1.060607785539576398e-03 0.000000000000000000e+00 0.000000000000000000e+00 2.848849226183317821e-04 0.000000000000000000e+00
0.000000000000000000e+00 0.000000000000000000e+00 0.000000000000000000e+00 0.000000000000000000e+00 0.000000000000000000e+00
0.000000000000000000e+00 0.000000000000000000e+00 0.000000000000000000e+00 0.000000000000000000e+00 0.000000000000000000e+00
0.000000000000000000e+00 0.000000000000000000e+00 0.000000000000000000e+00 0.000000000000000000e+00 0.000000000000000000e+00
0.000000000000000000e+00 0.000000000000000000e+00 0.000000000000000000e+00 0.000000000000000000e+00 0.000000000000000000e+00
0.000000000000000000e+00 0.000000000000000000e+00 0.000000000000000000e+00 0.000000000000000000e+00 0.000000000000000000e+00
0.000000000000000000e+00 0.000000000000000000e+00 0.000000000000000000e+00 0.000000000000000000e+00 0.000000000000000000e+00
0.000000000000000000e+00 0.000000000000000000e+00 0.000000000000000000e+00 0.000000000000000000e+00 0.000000000000000000e+00
0.000000000000000000e+00 0.000000000000000000e+00 0.000000000000000000e+00 0.000000000000000000e+00 0.000000000000000000e+00
0.000000000000000000e+00 0.000000000000000000e+00 0.000000000000000000e+00 0.000000000000000000e+00 0.000000000000000000e+00
0.000000000000000000e+00 0.000000000000000000e+00 0.000000000000000000e+00 0.000000000000000000e+00 0.000000000000000000e+00
0.000000000000000000e+00 0.000000000000000000e+00 0.000000000000000000e+00 0.000000000000000000e+00 0.000000000000000000e+00
0.000000000000000000e+00 0.000000000000000000e+00 0.000000000000000000e+00 0.000000000000000000e+00 0.000000000000000000e+00
0.000000000000000000e+00 0.000000000000000000e+00 0.000000000000000000e+00 0.000000000000000000e+00 0.000000000000000000e+00
0.000000000000000000e+00 0.000000000000000000e+00 0.000000000000000000e+00 0.000000000000000000e+00 0.000000000000000000e+00
0.000000000000000000e+00 0.000000000000000000e+00 0.000000000000000000e+00 0.000000000000000000e+00 0.000000000000000000e+00
0.000000000000000000e+00 0.000000000000000000e+00 0.000000000000000000e+00 0.000000000000000000e+00 0.000000000000000000e+00
0.000000000000000000e+00 0.000000000000000000e+00 0.000000000000000000e+00 0.000000000000000000e+00 0.000000000000000000e+00
0.000000000000000000e+00 0.000000000000000000e+00 0.000000000000000000e+00 0.000000000000000000e+00 0.000000000000000000e+00
0.000000000000000000e+00 0.000000000000000000e+00 0.000000000000000000e+00 0.000000000000000000e+00 0.000000000000000000e+00
0.000000000000000000e+00 0.000000000000000000e+00 0.000000000000000000e+00 0.000000000000000000e+00 0.000000000000000000e+00
0.000000000000000000e+00 0.000000000000000000e+00 0.000000000000000000e+00 0.000000000000000000e+00 0.000000000000000000e+00
0.000000000000000000e+00 0.000000000000000000e+00 0.000000000000000000e+00 0.000000000000000000e+00 0.000000000000000000e+00
0.000000000000000000e+00 0.000000000000000000e+00 0.000000000000000000e+00 0.000000000000000000e+00 0.000000000000000000e+00
0.000000000000000000e+00 0.000000000000000000e+00 0.000000000000000000e+00 0.000000000000000000e+00 0.000000000000000000e+00
0.000000000000000000e+00 0.000000000000000000e+00 0.000000000000000000e+00 0.000000000000000000e+00 0.000000000000000000e+00
0.000000000000000000e+00 0.000000000000000000e+00 0.000000000000000000e+00 0.000000000000000000e+00 0.000000000000000000e+00
0.000000000000000000e+00 0.000000000000000000e+00 0.000000000000000000e+00 0.000000000000000000e+00 0.000000000000000000e+00
0.000000000000000000e+00 0.000000000000000000e+00 0.000000000000000000e+00 0.000000000000000000e+00 0.000000000000000000e+00
0.000000000000000000e+00 0.000000000000000000e+00 0.000000000000000000e+00 0.000000000000000000e+00 0.000000000000000000e+00
0.000000000000000000e+00 0.000000000000000000e+00 0.000000000000000000e+00 0.000000000000000000e+00 0.000000000000000000e+00
0.000000000000000000e+00 0.000000000000000000e+00 0.000000000000000000e+00 0.000000000000000000e+00 0.000000000000000000e+00
0.000000000000000000e+00 0.000000000000000000e+00 0.000000000000000000e+00 0.000000000000000000e+00 0.000000000000000000e+00
0.000000000000000000e+00 0.000000000000000000e+00 0.000000000000000000e+00 0.000000000000000000e+00 0.000000000000000000e+00
0.000000000000000000e+00 0.000000000000000000e+00 0.000000000000000000e+00 0.000000000000000000e+00 0.000000000000000000e+00
0.000000000000000000e+00 0.000000000000000000e+00 0.000000000000000000e+00 0.000000000000000000e+00 0.000000000000000000e+00
0.000000000000000000e+00 0.000000000000000000e+00 0.000000000000000000e+00 0.000000000000000000e+00 0.000000000000000000e+00
0.000000000000000000e+00 0.000000000000000000e+00 0.000000000000000000e+00 0.000000000000000000e+00 0.000000000000000000e+00
0.000000000000000000e+00 0.000000000000000000e+00 0.000000000000000000e+00 0.000000000000000000e+00 0.000000000000000000e+00
0.000000000000000000e+00 0.000000000000000000e+00 0.000000000000000000e+00 0.000000000000000000e+00 0.000000000000000000e+00
0.000000000000000000e+00 0.000000000000000000e+00 0.000000000000000000e+00 0.000000000000000000e+00 0.000000000000000000e+00
0.000000000000000000e+00 0.000000000000000000e+00 0.000000000000000000e+00 0.000000000000000000e+00 0.000000000000000000e+00
0.000000000000000000e+00 0.000000000000000000e+00 0.000000000000000000e+00 0.000000000000000000e+00 0.000000000000000000e+00
0.000000000000000000e+00 0.000000000000000000e+00 0.000000000000000000e+00 0.000000000000000000e+00 0.000000000000000000e+00
0.000000000000000000e+00 0.000000000000000000e+00 0.000000000000000000e+00 0.000000000000000000e+00 0.000000000000000000e+00
0.000000000000000000e+00 0.000000000000000000e+00 0.000000000000000000e+00 0.000000000000000000e+00 0.000000000000000000e+00
0.000000000000000000e+00 0.000000000000000000e+00 0.000000000000000000e+00 0.000000000000000000e+00 0.000000000000000000e+00
0.000000000000000000e+00 0.000000000000000000e+00 0.000000000000000000e+00 0.000000000000000000e+00 0.000000000000000000e+00
0.000000000000000000e+00 0.000000000000000000e+00 0.000000000000000000e+00 0.000000000000000000e+00 0.000000000000000000e+00
0.000000000000000000e+00 0.000000000000000000e+00 0.000000000000000000e+00 0.000000000000000000e+00 0.000000000000000000e+00
0.000000000000000000e+00 0.000000000000000000e+00 0.000000000000000000e+00 0.000000000000000000e+00 0.000000000000000000e+00
0.000000000000000000e+00 0.000000000000000000e+00 0.000000000000000000e+00 0.000000000000000000e+00 0.000000000000000000e+00
0.000000000000000000e+00 0.000000000000000000e+00 0.000000000000000000e+00 0.000000000000000000e+00 0.000000000000000000e+00
0.000000000000000000e+00 0.000000000000000000e+00 0.000000000000000000e+00 0.000000000000000000e+00 0.000000000000000000e+00
0.000000000000000000e+00 0.000000000000000000e+00 0.000000000000000000e+00 0.000000000000000000e+00 0.000000000000000000e+00
0.000000000000000000e+00 0.000000000000000000e+00 0.000000000000000000e+00 0.000000000000000000e+00 0.000000000000000000e+00
0.000000000000000000e+00 0.000000000000000000e+00 0.000000000000000000e+00 0.000000000000000000e+00 0.000000000000000000e+00
0.000000000000000000e+00 0.000000000000000000e+00 0.000000000000000000e+00 0.000000000000000000e+00 0.000000000000000000e+00
0.000000000000000000e+00 0.000000000000000000e+00 0.000000000000000000e+00 0.000000000000000000e+00 0.000000000000000000e+00
0.000000000000000000e+00 0.000000000000000000e+00 0.000000000000000000e+00 0.000000000000000000e+00 0.000000000000000000e+00
0.000000000000000000e+00 0.000000000000000000e+00 0.000000000000000000e+00 0.000000000000000000e+00 0.000000000000000000e+00
0.000000000000000000e+00 0.000000000000000000e+00 0.000000000000000000e+00 0.000000000000000000e+00 0.000000000000000000e+00
0.000000000000000000e+00 0.000000000000000000e+00 0.000000000000000000e+00 0.000000000000000000e+00 0.000000000000000000e+00
0.000000000000000000e+00 0.000000000000000000e+00 0.000000000000000000e+00 0.000000000000000000e+00 0.000000000000000000e+00
